7.516864655372552939e-02
6.058269052938226179e-02
5.957356036986075076e-02
5.451400109500290775e-02
5.251033766665699765e-02
5.014770372702827966e-02
4.986995897924788312e-02
4.782450979230355725e-02
4.636745007734482255e-02
4.335130259039614992e-02
4.057411315888987541e-02
3.764966322571788870e-02
3.598559426193525396e-02
3.459569819863701767e-02
3.431909980880116368e-02
3.396787090845065915e-02
3.281717980920013933e-02
3.202191450822978319e-02
3.165089108378998928e-02
3.104585893015985101e-02
3.063338735046004443e-02
3.035778020595749499e-02
3.004616661019992446e-02
2.976988577003786274e-02
2.944425458091725137e-02
2.917044348629095271e-02
2.898550248714411651e-02
2.879449043258684032e-02
2.855862242017039379e-02
2.830750315249484436e-02
2.807424562572539278e-02
2.781812628546121227e-02
2.760221806348468060e-02
2.751030712933222322e-02
2.729907877520769757e-02
2.711715460451698256e-02
2.690075284705347597e-02
2.675097112554726195e-02
2.658654543196212194e-02
2.642540915051346320e-02
2.633109091877788854e-02
2.625046599981076256e-02
2.613595691740244753e-02
2.615147192907266854e-02
2.607154494614733267e-02
2.594327869581915941e-02
2.586012424890034300e-02
2.578904953483154502e-02
2.576686264475895258e-02
2.572850544151517385e-02
2.564227146372340463e-02
2.559041559971353755e-02
2.553654447957696971e-02
2.548948310921181001e-02
2.543561038153898182e-02
2.537652429364265980e-02
2.532064687425022650e-02
2.530378363114369270e-02
2.536324837353942652e-02
2.528121718687531549e-02
2.525306871782703397e-02
2.522621973310267343e-02
2.520362900762106173e-02
2.518347683779444818e-02
2.515798261425250190e-02
2.514059825182561603e-02
2.511427347589267889e-02
2.510333262927081505e-02
2.508256244010845584e-02
2.505468430319120546e-02
2.503045235049128694e-02
2.503913830323522410e-02
2.501973346941957846e-02
2.497693064062661561e-02
2.497363461021035944e-02
2.495689310478771059e-02
2.495016979260033380e-02
2.492888720279583595e-02
2.490810879814104456e-02
2.489291994959227927e-02
2.487479720841773503e-02
2.487102196959130665e-02
2.485521487776345267e-02
2.483852959011456640e-02
2.482872488636114067e-02
2.481328883987712203e-02
2.480319564360230697e-02
2.479468124304997842e-02
2.478550700584729663e-02
2.477695384343275159e-02
2.476528912444240713e-02
2.475575564196267481e-02
2.474531165702155422e-02
2.473431824043354627e-02
2.472486573550802813e-02
2.471549598322165739e-02
2.470618165837892843e-02
2.470431899657002384e-02
2.470111557490477922e-02
2.469293583422786306e-02
2.468340320629425905e-02
2.467298161813932106e-02
2.465669824222006465e-02
2.465202586538016438e-02
2.464401160120212320e-02
2.463513069420529555e-02
2.462527295964230326e-02
2.461464315702613370e-02
2.460534031637624797e-02
2.460315967869209849e-02
2.459723385916730287e-02
2.458980810770472827e-02
2.458502684312337608e-02
2.457848265668639842e-02
2.456929985954358145e-02
2.456402567874079595e-02
2.455566074374867028e-02
2.455047476611733892e-02
2.454078287111444504e-02
2.453353389259893547e-02
2.452638464939078597e-02
2.453118444490327843e-02
2.452319361848875542e-02
2.452027003929833915e-02
2.453403153348020227e-02
2.450959868858478691e-02
2.450505092001204963e-02
2.451042133065835932e-02
2.449972960684413184e-02
2.449316618606392146e-02
2.448779959880267518e-02
2.448456870518967224e-02
2.448008978998327673e-02
2.447648757925144011e-02
2.446948519105896641e-02
2.447232036005641057e-02
2.446903572767746352e-02
2.446280641507638659e-02
2.446116386328099288e-02
2.445703065089012418e-02
2.445444968673513714e-02
2.446396169139452431e-02
2.444614287010914849e-02
2.444145060959087776e-02
2.443795972529013219e-02
2.443489077864090253e-02
2.442920293892550734e-02
2.442305365702731809e-02
2.441715295569324776e-02
2.441123179600078116e-02
2.441460045030168988e-02
2.440491201375024483e-02
2.440630238156659901e-02
2.440250183001321099e-02
2.440031527896613719e-02
2.439594520103395905e-02
2.439061882909743587e-02
2.442978166305148982e-02
2.438837345626755290e-02
2.437769342452280469e-02
2.437469916478397780e-02
2.437047535539309251e-02
2.436795768749849822e-02
2.439684692153350903e-02
2.436424465434756936e-02
2.436460611576822879e-02
2.435979533649634821e-02
2.436109290734187610e-02
2.450124221220996781e-02
2.436345437811106296e-02
2.435065437803956775e-02
2.434537891660915401e-02
2.433926314716588005e-02
2.433795095730613423e-02
2.433352140778366826e-02
2.433024498395396432e-02
2.432648639768633658e-02
2.432285546513044544e-02
2.431868493728887859e-02
2.431824523698270304e-02
2.431428211101707704e-02
2.431217296931094396e-02
2.431039584060232933e-02
2.430894164962551021e-02
2.436436456587727506e-02
2.440023003758434034e-02
2.430445356347784094e-02
2.430177825885493706e-02
2.429920482421189451e-02
2.429681703078923755e-02
2.429474804014594702e-02
2.429207777037987320e-02
2.429137280024577794e-02
2.428958324801793259e-02
2.429093681610985239e-02
2.428611900639529933e-02
2.428301055505766373e-02
2.428011357476149087e-02
