1.811458333333332860e+01
1.835937500000000000e+01
2.404375000000000284e+01
2.490052083333333144e+01
2.810260416666666572e+01
3.133177083333333712e+01
3.297291666666666288e+01
3.362395833333333428e+01
4.170416666666666572e+01
4.730416666666666714e+01
5.058229166666666998e+01
5.180989583333333570e+01
5.326354166666666856e+01
5.156458333333333144e+01
5.216145833333333570e+01
5.420104166666666856e+01
5.484635416666666430e+01
5.553229166666666572e+01
5.580364583333333428e+01
5.619687499999999858e+01
5.636927083333333144e+01
5.652135416666666856e+01
5.672708333333333286e+01
5.690937499999999716e+01
5.716979166666666856e+01
5.721406249999999716e+01
5.754739583333333286e+01
5.767708333333333570e+01
5.796875000000000000e+01
5.828697916666666856e+01
5.851354166666666856e+01
5.883124999999999716e+01
5.880156250000000284e+01
5.910520833333333002e+01
5.926093749999999716e+01
5.955624999999999858e+01
5.964583333333333570e+01
5.989479166666666998e+01
6.004166666666666430e+01
6.016354166666666714e+01
6.019322916666666856e+01
6.032968749999999858e+01
6.032604166666666856e+01
6.040208333333333002e+01
6.051822916666666430e+01
6.060625000000000284e+01
6.066822916666666998e+01
6.068177083333333144e+01
6.070260416666666714e+01
6.079427083333333570e+01
6.084375000000000000e+01
6.086822916666666572e+01
6.091770833333333002e+01
6.097239583333333002e+01
6.102499999999999858e+01
6.106354166666666572e+01
6.109635416666666430e+01
6.102760416666666998e+01
6.111562500000000142e+01
6.112812499999999716e+01
6.115208333333333002e+01
6.116718749999999716e+01
6.117864583333333428e+01
6.119218750000000284e+01
6.121822916666666714e+01
6.122239583333333002e+01
6.122760416666666572e+01
6.123697916666666430e+01
6.125000000000000000e+01
6.130364583333333428e+01
6.128229166666666572e+01
6.129739583333333286e+01
6.134687499999999716e+01
6.133437500000000142e+01
6.134531249999999858e+01
6.133333333333333570e+01
6.137760416666666430e+01
6.138958333333333428e+01
6.140260416666666998e+01
6.141510416666666572e+01
6.144218750000000284e+01
6.143072916666666572e+01
6.146354166666666430e+01
6.145572916666666430e+01
6.145781250000000284e+01
6.147239583333333002e+01
6.148281250000000142e+01
6.149739583333333570e+01
6.150052083333333286e+01
6.150416666666666998e+01
6.151041666666666430e+01
6.152656249999999716e+01
6.153593750000000284e+01
6.154114583333333144e+01
6.154895833333333144e+01
6.154531250000000142e+01
6.155468750000000000e+01
6.154687500000000000e+01
6.156406249999999858e+01
6.157135416666666572e+01
6.157708333333333428e+01
6.158749999999999858e+01
6.158854166666666430e+01
6.159739583333333002e+01
6.160156250000000000e+01
6.160625000000000284e+01
6.161822916666666572e+01
6.162395833333333428e+01
6.161822916666666572e+01
6.162500000000000000e+01
6.162968750000000284e+01
6.162916666666666998e+01
6.163177083333333428e+01
6.164270833333333144e+01
6.164114583333333286e+01
6.164895833333333286e+01
6.165156249999999716e+01
6.165781249999999858e+01
6.166770833333333002e+01
6.166822916666666998e+01
6.166354166666666714e+01
6.166666666666666430e+01
6.167812500000000142e+01
6.166302083333333428e+01
6.168281249999999716e+01
6.168281249999999716e+01
6.167656250000000284e+01
6.168489583333333570e+01
6.168906249999999858e+01
6.169531250000000000e+01
6.169531250000000000e+01
6.168958333333333144e+01
6.169166666666666998e+01
6.169947916666666998e+01
6.169479166666666714e+01
6.170104166666666856e+01
6.170364583333333286e+01
6.170833333333333570e+01
6.170468749999999858e+01
6.170572916666666430e+01
6.169739583333333144e+01
6.170729166666666998e+01
6.171302083333333144e+01
6.171614583333333570e+01
6.171197916666666572e+01
6.171666666666666856e+01
6.172291666666666998e+01
6.172656250000000000e+01
6.172708333333333286e+01
6.172864583333333144e+01
6.173437500000000000e+01
6.173281250000000142e+01
6.173645833333333144e+01
6.174322916666666572e+01
6.174114583333333428e+01
6.174791666666666856e+01
6.171718750000000142e+01
6.175989583333333144e+01
6.176510416666666714e+01
6.176927083333333002e+01
6.177239583333333428e+01
6.177291666666666714e+01
6.175104166666666572e+01
6.178020833333333428e+01
6.177708333333333002e+01
6.178593750000000284e+01
6.178072916666666714e+01
6.166614583333333144e+01
6.177708333333333002e+01
6.178802083333333428e+01
6.179062499999999858e+01
6.179843749999999858e+01
6.179635416666666714e+01
6.180416666666666714e+01
6.180624999999999858e+01
6.180729166666666430e+01
6.181250000000000000e+01
6.181302083333333286e+01
6.181510416666666430e+01
6.181354166666666572e+01
6.181458333333333144e+01
6.182135416666666572e+01
6.182031250000000000e+01
6.177708333333333002e+01
6.174479166666666430e+01
6.182031250000000000e+01
6.182239583333333144e+01
6.182187499999999858e+01
6.182135416666666572e+01
6.182239583333333144e+01
6.182291666666666430e+01
6.182239583333333144e+01
6.182343749999999716e+01
6.182135416666666572e+01
6.182760416666666714e+01
6.182812500000000000e+01
6.183072916666666430e+01
6.183229166666666998e+01
