6.055800327442421860e-02
6.001752326949506139e-02
5.479035846607113736e-02
5.260040175448294636e-02
5.004398076899300996e-02
4.983412809211473088e-02
4.770208023637131922e-02
4.623301579644537723e-02
4.339315325335092038e-02
4.075990231604113834e-02
3.797673815046886253e-02
3.736849160364658778e-02
3.611665285965793420e-02
3.532831798846639698e-02
3.515965210721237744e-02
3.441568125423594832e-02
3.389832428908723383e-02
3.356008366432744472e-02
3.275168950603798979e-02
3.337937334162820874e-02
3.229802596927009578e-02
3.296243337610877538e-02
3.264965462704984972e-02
3.241403779959424469e-02
3.249500091868025992e-02
3.206352361258117678e-02
3.191717637391145584e-02
3.172080998701573562e-02
3.155586041944862669e-02
3.084696119342033790e-02
3.104047926608935817e-02
3.099702365064066142e-02
3.091225867970637600e-02
3.020515043691477525e-02
3.017468591005886477e-02
3.078936754567223461e-02
2.980254833188233574e-02
3.044932887898757837e-02
2.962918606367886606e-02
2.951383345164053720e-02
2.950172559792010873e-02
2.938070854982704344e-02
2.948101321908225964e-02
2.892506766687188285e-02
2.931219966568946594e-02
2.929878062112432555e-02
2.928772818912856249e-02
2.937421331518728571e-02
2.960371725023061562e-02
2.934639147309559687e-02
2.955692340782165722e-02
2.954435744975639905e-02
2.956591371876443955e-02
2.954798813801646010e-02
2.886132289843541809e-02
2.858267538082494633e-02
2.955628425739631471e-02
2.966194791439026590e-02
2.950591376922855405e-02
2.956234954681329075e-02
2.950968115167038747e-02
2.948740494812512533e-02
3.013555036362211212e-02
3.015645518481725740e-02
2.835155813570263555e-02
2.913415646364560241e-02
2.920570443940465402e-02
2.915846494156907123e-02
2.834866983071476082e-02
2.849208503272734547e-02
2.826685554545336695e-02
2.924918836020357418e-02
2.925191092622602893e-02
2.926459961064722601e-02
2.923899106449375992e-02
2.929783734066743195e-02
2.939045314783577528e-02
2.941149634813719840e-02
2.940426570684209068e-02
2.937854506734281779e-02
2.946212177515111774e-02
2.950401197675820569e-02
2.951415863972043849e-02
2.970436053861223030e-02
2.968119120360075691e-02
2.965450461205709071e-02
2.984626332340111279e-02
2.977624988183337484e-02
2.987832092698375352e-02
2.972550583389701670e-02
2.995299464983168514e-02
2.993191768060304153e-02
2.986733308712261059e-02
2.899493401858808592e-02
3.009527136307189876e-02
2.925814555879644244e-02
2.900166381015167535e-02
2.818682763551020112e-02
2.833076917203820183e-02
2.824028891332944907e-02
2.833071770936089820e-02
2.828734486842402959e-02
3.032381116776074886e-02
2.942361961145877058e-02
3.047262834594745978e-02
3.050787959314357062e-02
2.963669567895401563e-02
2.999472988626579462e-02
3.055316073878613231e-02
3.063258515170479840e-02
2.973983180240256929e-02
2.954755702909597770e-02
2.955712310934844461e-02
2.955409793684333000e-02
3.019917189078069955e-02
2.958075127216838046e-02
3.124711138904653213e-02
3.043267194059881900e-02
3.121223555619665607e-02
3.056566246480944826e-02
3.120292743125460677e-02
3.042922661482231478e-02
3.061107713890313248e-02
3.062604334088731700e-02
3.059022802365100185e-02
3.045063223402056513e-02
3.057651846886977678e-02
3.060885600395550285e-02
3.045869846728678845e-02
3.047306079528072295e-02
3.137865859741422597e-02
3.049591547843055403e-02
3.139170199597795391e-02
3.133651520234036203e-02
3.135209448188158721e-02
3.149992769039695883e-02
3.138292887628971184e-02
3.154229539981219521e-02
3.153769426133504195e-02
3.155054582851640754e-02
3.167432217531974264e-02
3.158054560758928597e-02
3.173479255982249864e-02
3.169779423528098355e-02
3.174208011479048852e-02
3.173055490574771403e-02
3.172038830634554135e-02
3.174648277417044945e-02
3.173697126848172567e-02
3.161876742817044950e-02
3.177794337935686136e-02
3.197528516131906834e-02
3.242387314732703835e-02
3.276044272426928416e-02
3.285900700345443376e-02
3.284578925732256627e-02
3.284553922862900460e-02
3.284119303156915470e-02
3.264302542135355534e-02
3.263157506127799257e-02
3.260888995332341528e-02
3.247713517498584251e-02
3.244545712419301398e-02
3.246979329306219630e-02
3.322258353885525900e-02
3.332510928391472366e-02
3.320565595448955742e-02
3.340315875511572913e-02
3.322375858042485308e-02
3.323031346307314671e-02
3.328689951791446999e-02
3.330586345907891183e-02
3.330079753409090348e-02
3.331901173728608195e-02
3.333290034747912745e-02
3.334743480776132529e-02
3.339793175179972540e-02
3.342558503242688134e-02
3.348779202127007831e-02
3.348350811059228049e-02
3.348376912228043234e-02
3.350471748696374347e-02
3.347105613361205101e-02
3.362816626489562033e-02
3.346069037981490302e-02
3.361257008160665333e-02
3.360203668973824054e-02
3.357212859145054101e-02
3.358420959861800614e-02
3.357555638940822734e-02
3.341931437376381708e-02
3.342934342839062878e-02
3.248643702139873690e-02
3.344462629364859663e-02
3.346443042541515089e-02
3.343590980761962372e-02
3.343952624508762794e-02
3.343550959117773391e-02
