1.763906249999999432e+01
1.870156249999999432e+01
2.247968749999999716e+01
2.485156250000000000e+01
2.825156250000000568e+01
3.165625000000000000e+01
3.286093750000000568e+01
3.324375000000000568e+01
4.143281249999999716e+01
4.768593750000000142e+01
5.033749999999999858e+01
5.044375000000000142e+01
5.184062500000000284e+01
5.075156249999999858e+01
5.121562500000000284e+01
5.282343749999999716e+01
5.314062500000000000e+01
5.390781249999999858e+01
5.426406250000000142e+01
5.378750000000000142e+01
5.464687500000000142e+01
5.412968750000000284e+01
5.415937499999999716e+01
5.442343749999999858e+01
5.438750000000000284e+01
5.469687499999999858e+01
5.490937499999999716e+01
5.504531250000000142e+01
5.521093750000000000e+01
5.597656250000000000e+01
5.572031249999999858e+01
5.604531250000000142e+01
5.591250000000000142e+01
5.668750000000000000e+01
5.670937500000000142e+01
5.632187499999999858e+01
5.711093749999999858e+01
5.666562499999999858e+01
5.735000000000000142e+01
5.753437499999999716e+01
5.750468750000000284e+01
5.765625000000000000e+01
5.760312499999999858e+01
5.807656250000000142e+01
5.773125000000000284e+01
5.778281249999999858e+01
5.779062499999999858e+01
5.770312500000000000e+01
5.753593750000000284e+01
5.774687500000000284e+01
5.757500000000000284e+01
5.755781249999999716e+01
5.755156250000000284e+01
5.755624999999999858e+01
5.809218750000000142e+01
5.832343749999999716e+01
5.753906250000000000e+01
5.747812499999999858e+01
5.758437500000000142e+01
5.757031250000000000e+01
5.757968749999999858e+01
5.762031249999999716e+01
5.706718750000000284e+01
5.705624999999999858e+01
5.850000000000000000e+01
5.789531250000000284e+01
5.780937500000000284e+01
5.786562500000000142e+01
5.853437499999999716e+01
5.841875000000000284e+01
5.856718750000000284e+01
5.780624999999999858e+01
5.778281249999999858e+01
5.776406250000000142e+01
5.778593750000000284e+01
5.772812499999999858e+01
5.766250000000000142e+01
5.763125000000000142e+01
5.763437499999999858e+01
5.766562499999999858e+01
5.759375000000000000e+01
5.756406249999999858e+01
5.756406249999999858e+01
5.739374999999999716e+01
5.740781249999999858e+01
5.744375000000000142e+01
5.729062499999999858e+01
5.732656250000000142e+01
5.725468750000000284e+01
5.737343750000000142e+01
5.720312500000000000e+01
5.720624999999999716e+01
5.727187500000000142e+01
5.796093750000000000e+01
5.706562499999999716e+01
5.777656249999999716e+01
5.794531250000000000e+01
5.859375000000000000e+01
5.847187499999999716e+01
5.857343749999999716e+01
5.848281250000000142e+01
5.851718749999999858e+01
5.688750000000000284e+01
5.761718750000000000e+01
5.680468750000000000e+01
5.677499999999999858e+01
5.749218750000000000e+01
5.719375000000000142e+01
5.672656250000000000e+01
5.669375000000000142e+01
5.741718749999999716e+01
5.756875000000000142e+01
5.756562499999999716e+01
5.756718750000000284e+01
5.706562499999999716e+01
5.755781249999999716e+01
5.622031249999999858e+01
5.688125000000000142e+01
5.625625000000000142e+01
5.677499999999999858e+01
5.628906250000000000e+01
5.691250000000000142e+01
5.677031250000000284e+01
5.675312499999999716e+01
5.677187500000000142e+01
5.687031249999999716e+01
5.678125000000000000e+01
5.675937499999999858e+01
5.687343750000000142e+01
5.687343750000000142e+01
5.614687500000000142e+01
5.685937500000000000e+01
5.612656249999999858e+01
5.620000000000000284e+01
5.616250000000000142e+01
5.605781249999999716e+01
5.614218749999999858e+01
5.600156249999999858e+01
5.601093749999999716e+01
5.598437500000000000e+01
5.588125000000000142e+01
5.597343750000000284e+01
5.582968749999999858e+01
5.585937500000000000e+01
5.581250000000000000e+01
5.581406249999999858e+01
5.580312500000000142e+01
5.578125000000000000e+01
5.577343750000000000e+01
5.588437499999999858e+01
5.575781250000000000e+01
5.559062500000000284e+01
5.524687500000000284e+01
5.495781250000000284e+01
5.487031249999999716e+01
5.491718749999999716e+01
5.492343749999999858e+01
5.491250000000000142e+01
5.500468750000000284e+01
5.501093749999999716e+01
5.502968750000000142e+01
5.513593749999999716e+01
5.517499999999999716e+01
5.514531250000000284e+01
5.454687500000000000e+01
5.446562500000000284e+01
5.456250000000000000e+01
5.439999999999999858e+01
5.454218749999999716e+01
5.454531250000000142e+01
5.449062500000000142e+01
5.446562500000000284e+01
5.446875000000000000e+01
5.446249999999999858e+01
5.445937500000000142e+01
5.445000000000000284e+01
5.441562499999999858e+01
5.439062500000000000e+01
5.436093749999999858e+01
5.435625000000000284e+01
5.437187500000000284e+01
5.436562500000000142e+01
5.438750000000000284e+01
5.427812500000000284e+01
5.437812499999999716e+01
5.426718749999999858e+01
5.428125000000000000e+01
5.432031250000000000e+01
5.431718750000000284e+01
5.432343749999999716e+01
5.444218750000000284e+01
5.443750000000000000e+01
5.517031250000000142e+01
5.442187500000000000e+01
5.442812500000000142e+01
5.443281249999999716e+01
5.443437500000000284e+01
5.443437500000000284e+01
