6.939348114073960738e-02
7.045090363702569136e-02
5.999254511088300545e-02
5.605133915409128698e-02
5.192707931805343180e-02
6.518746614437874454e-02
4.795225459907142412e-02
4.697278272400406268e-02
4.594071634499734963e-02
4.489471892567781230e-02
4.413260160756671963e-02
4.348768402382963832e-02
4.220336231578378922e-02
4.212195320077528893e-02
4.172839797881583435e-02
4.167101753445127954e-02
4.114732561427037610e-02
4.077705302848567970e-02
4.062024088145692324e-02
4.064580648379920169e-02
4.027062954395869282e-02
4.018645149016614876e-02
4.011584189598153133e-02
4.003133809986558767e-02
4.002502503872319012e-02
3.984582075096623072e-02
3.979247685602119861e-02
3.975470264173316948e-02
3.980574810572148903e-02
3.972645242367116303e-02
3.969291489067271889e-02
3.965205088348446039e-02
3.962535353204460487e-02
3.962704358618678036e-02
3.957699805098869456e-02
3.955841294390132629e-02
3.954505351648093803e-02
3.953176974898788693e-02
3.950758412891133137e-02
3.949348231444022722e-02
3.948613152299020740e-02
3.946124794165982441e-02
3.947575260390916163e-02
3.945206524254517289e-02
3.945411683253225582e-02
3.945569789761534801e-02
3.943772679019420802e-02
3.943505992675241933e-02
3.942548599717775326e-02
3.941510422336357011e-02
3.940559452621021641e-02
3.939970705270839230e-02
3.939270444752428907e-02
3.938382048580240519e-02
3.937769076361342241e-02
3.936774477609755046e-02
3.936732962321114193e-02
3.936896292753486182e-02
3.935705696978626655e-02
3.935207048521886103e-02
3.934954306109864075e-02
3.934429394848820011e-02
3.933760608899535688e-02
3.933863494677916628e-02
3.932998203423644645e-02
3.932863037339529022e-02
3.932832213914071867e-02
3.932183377616094849e-02
3.931922208157138249e-02
3.931687100851238154e-02
3.931072512440898087e-02
3.930851110177875640e-02
3.930168638432465084e-02
3.929720074212004338e-02
3.929098926674452763e-02
3.928453094806193258e-02
3.927740292735181632e-02
3.926975060832395975e-02
3.930277886687365968e-02
3.926809438917105294e-02
3.927013707284661426e-02
3.926789308167304149e-02
3.926305560640570153e-02
3.926167459008763488e-02
3.925809417154649261e-02
3.925685120279860663e-02
3.925125684389996206e-02
3.924833721552305199e-02
3.924833763034746986e-02
3.924418909006913148e-02
3.924227115412939892e-02
3.924137401754694554e-02
3.923927927098417451e-02
3.923800105919551806e-02
3.923655588408799660e-02
3.923310614703622023e-02
3.923026747885100668e-02
3.922768326371040698e-02
3.922618330246038787e-02
3.922423088977619599e-02
3.922735233514737518e-02
3.922478655280167009e-02
3.922233193895275499e-02
3.922042529202462297e-02
3.921733275040958921e-02
3.921847421249731458e-02
3.921667556612172534e-02
3.921599743270094696e-02
3.921453562220195838e-02
3.921318264273098569e-02
3.921142784442732676e-02
3.920953609660641354e-02
3.920781022091963941e-02
3.920672043333562479e-02
3.920646196818647344e-02
3.920550327534995383e-02
3.920481655927825215e-02
3.920277845660437993e-02
3.920228589964034477e-02
3.920007888100772442e-02
3.920002333404452172e-02
3.919918910936283363e-02
3.919747965800615686e-02
3.919775873599754684e-02
3.919627140032377888e-02
3.919472608598999208e-02
3.919285836807043927e-02
3.919176766596449424e-02
3.919005792896451679e-02
3.919007258541849781e-02
3.918884701281737798e-02
3.918795581118714177e-02
3.918860756255732047e-02
3.918606490627156436e-02
3.918495716752649904e-02
3.918348667067950153e-02
3.918208860126827509e-02
3.918137208600960819e-02
3.917975405462866684e-02
3.917876705528189341e-02
3.917724109469468419e-02
3.917636853037374106e-02
3.917794541064798658e-02
3.917739978300661258e-02
3.917540080030076921e-02
3.917491291057875052e-02
3.917406211006746464e-02
3.917364868753056562e-02
3.917249724773478464e-02
3.917236837785020853e-02
3.917131063881786751e-02
3.917060995464008433e-02
3.917000148095797080e-02
3.917041804815291767e-02
3.916927618891541396e-02
3.916861732837730731e-02
3.916974572462363774e-02
3.916791747004678276e-02
3.916780991318127153e-02
3.916752318722163673e-02
3.916709547608034081e-02
3.916631600577627492e-02
3.916562779307778547e-02
3.916488637209228352e-02
3.916506413972535572e-02
3.916341062868679279e-02
3.916397393023024476e-02
3.916311742854872158e-02
3.916274879414815419e-02
3.916215677259970995e-02
3.916210479810670192e-02
3.916217300885976166e-02
3.916070864212177483e-02
3.916102822660394445e-02
3.915988712556370266e-02
3.915955718497064753e-02
3.915870304389406503e-02
3.915834364279618951e-02
3.915713870683022041e-02
3.915872872588956749e-02
3.915639468271373685e-02
3.916324769856005528e-02
3.915602200577220082e-02
3.915776658624654100e-02
3.915523691771918141e-02
3.915519626662076341e-02
3.915440836857937701e-02
3.915417582313170802e-02
3.915381822412163787e-02
3.915315843764653053e-02
3.915320697056295929e-02
3.915493234653501936e-02
3.915326354819626681e-02
3.915238527123265921e-02
3.915307621753962020e-02
3.915173395075398355e-02
3.915147143665484442e-02
3.915105249221493416e-02
3.915070836016403683e-02
3.915051776068712713e-02
3.915076596597400621e-02
3.915044889170504749e-02
3.914967912773443387e-02
3.915033730261056194e-02
3.914912460751986123e-02
3.914906553892499169e-02
3.914832792169717357e-02
3.914810487161598379e-02
3.914772577103384221e-02
3.914722958553230880e-02
3.914670377951107866e-02
3.914633321955240247e-02
3.914597667544632287e-02
3.914598026691922666e-02
3.914653303427170772e-02
3.914568978800302135e-02
3.914576252237756543e-02
3.914513539468773146e-02
3.914467669476418693e-02
3.914431213889895539e-02
3.914471481287454951e-02
3.914388060706439770e-02
3.914369766853079829e-02
3.914324751337396741e-02
3.914286320086732968e-02
3.914200593851016596e-02
3.914190546982279639e-02
3.914166812678158275e-02
3.914148037451696538e-02
3.914122191815196800e-02
3.914213690548756092e-02
3.914073355209148758e-02
3.914118819625528323e-02
3.914052588554223222e-02
3.914032617802511160e-02
3.913999680223341493e-02
3.913972514958122262e-02
3.913969492292820179e-02
3.913957945522153481e-02
3.913912983151497660e-02
3.913902780598484121e-02
3.913877691477170295e-02
3.913849257787375968e-02
3.913835018611342559e-02
3.913795207189693648e-02
3.913850922239430624e-02
3.913776199636910536e-02
3.913766649697595496e-02
3.913736705051829023e-02
3.913688083749129742e-02
3.913719959533303733e-02
3.913630512447659193e-02
3.913624596229589581e-02
3.913588297776658675e-02
3.913555668564696471e-02
3.913517029839020528e-02
3.913508233337679304e-02
3.913632774693973776e-02
3.913493546334705780e-02
3.913486097994618718e-02
3.913423275621890490e-02
3.913397079556363983e-02
3.913352589439036272e-02
3.913327643094323405e-02
3.913286567718660819e-02
3.913274847533945028e-02
3.913249630256403211e-02
3.913293075675310095e-02
3.913244610678109914e-02
3.913186463534451542e-02
3.913198755239855053e-02
3.913157944598641413e-02
3.913158486236049255e-02
3.913129639495183804e-02
3.913116848617586435e-02
3.913104913439190147e-02
3.913093406558644516e-02
3.913084878556118834e-02
3.913082778282905849e-02
3.913069941359133969e-02
3.913228518452971372e-02
3.913037590827005835e-02
3.913024961747348790e-02
3.912999585055482177e-02
3.913048037511068084e-02
3.912967297021448937e-02
3.912991617406012118e-02
3.912932608249602290e-02
3.912924784919094567e-02
3.912897592425301774e-02
3.912877917167559283e-02
3.912852570980247802e-02
3.912845936889018661e-02
3.912800741838195345e-02
3.912808604854480649e-02
3.912803882027005020e-02
3.912780487409744934e-02
3.912757606821685996e-02
3.912746569687288595e-02
3.912727333834279536e-02
3.912694553046113660e-02
3.912707156432360805e-02
3.912660001429757450e-02
