1.838541666666667140e+01
2.336458333333332860e+01
2.604166666666667140e+01
2.037500000000000000e+01
3.114583333333332860e+01
2.705208333333332860e+01
3.311458333333332860e+01
2.992708333333332860e+01
3.548958333333332860e+01
3.554166666666667140e+01
3.522916666666667140e+01
3.610416666666666430e+01
3.672916666666666430e+01
3.641666666666666430e+01
3.707291666666666430e+01
3.708333333333333570e+01
3.725000000000000000e+01
3.727083333333333570e+01
3.731250000000000000e+01
3.718750000000000000e+01
3.734375000000000000e+01
3.741666666666666430e+01
3.738541666666666430e+01
3.744791666666666430e+01
3.743750000000000000e+01
3.747916666666666430e+01
3.746875000000000000e+01
3.745833333333333570e+01
3.746875000000000000e+01
3.747916666666666430e+01
3.747916666666666430e+01
3.748958333333333570e+01
3.748958333333333570e+01
3.748958333333333570e+01
3.748958333333333570e+01
3.748958333333333570e+01
3.748958333333333570e+01
3.748958333333333570e+01
3.748958333333333570e+01
3.748958333333333570e+01
3.748958333333333570e+01
3.748958333333333570e+01
3.748958333333333570e+01
3.748958333333333570e+01
3.747916666666666430e+01
3.748958333333333570e+01
3.748958333333333570e+01
3.748958333333333570e+01
3.748958333333333570e+01
3.748958333333333570e+01
3.748958333333333570e+01
3.748958333333333570e+01
3.748958333333333570e+01
3.748958333333333570e+01
3.748958333333333570e+01
3.748958333333333570e+01
3.748958333333333570e+01
3.748958333333333570e+01
3.748958333333333570e+01
3.748958333333333570e+01
3.748958333333333570e+01
3.748958333333333570e+01
3.748958333333333570e+01
3.748958333333333570e+01
3.748958333333333570e+01
3.748958333333333570e+01
3.748958333333333570e+01
3.748958333333333570e+01
3.748958333333333570e+01
3.748958333333333570e+01
3.748958333333333570e+01
3.748958333333333570e+01
3.748958333333333570e+01
3.748958333333333570e+01
3.748958333333333570e+01
3.748958333333333570e+01
3.748958333333333570e+01
3.748958333333333570e+01
3.748958333333333570e+01
3.748958333333333570e+01
3.748958333333333570e+01
3.748958333333333570e+01
3.748958333333333570e+01
3.748958333333333570e+01
3.748958333333333570e+01
3.748958333333333570e+01
3.748958333333333570e+01
3.748958333333333570e+01
3.750000000000000000e+01
3.750000000000000000e+01
3.750000000000000000e+01
3.748958333333333570e+01
3.750000000000000000e+01
3.748958333333333570e+01
3.748958333333333570e+01
3.748958333333333570e+01
3.748958333333333570e+01
3.748958333333333570e+01
3.748958333333333570e+01
3.750000000000000000e+01
3.750000000000000000e+01
3.750000000000000000e+01
3.750000000000000000e+01
3.750000000000000000e+01
3.750000000000000000e+01
3.748958333333333570e+01
3.750000000000000000e+01
3.750000000000000000e+01
3.750000000000000000e+01
3.750000000000000000e+01
3.750000000000000000e+01
3.750000000000000000e+01
3.750000000000000000e+01
3.750000000000000000e+01
3.750000000000000000e+01
3.750000000000000000e+01
3.750000000000000000e+01
3.750000000000000000e+01
3.750000000000000000e+01
3.750000000000000000e+01
3.750000000000000000e+01
3.750000000000000000e+01
3.750000000000000000e+01
3.750000000000000000e+01
3.750000000000000000e+01
3.750000000000000000e+01
3.750000000000000000e+01
3.750000000000000000e+01
3.750000000000000000e+01
3.750000000000000000e+01
3.750000000000000000e+01
3.750000000000000000e+01
3.750000000000000000e+01
3.750000000000000000e+01
3.750000000000000000e+01
3.750000000000000000e+01
3.750000000000000000e+01
3.750000000000000000e+01
3.750000000000000000e+01
3.750000000000000000e+01
3.750000000000000000e+01
3.750000000000000000e+01
3.750000000000000000e+01
3.750000000000000000e+01
3.750000000000000000e+01
3.750000000000000000e+01
3.750000000000000000e+01
3.750000000000000000e+01
3.750000000000000000e+01
3.750000000000000000e+01
3.750000000000000000e+01
3.750000000000000000e+01
3.750000000000000000e+01
3.750000000000000000e+01
3.750000000000000000e+01
3.750000000000000000e+01
3.750000000000000000e+01
3.750000000000000000e+01
3.750000000000000000e+01
3.750000000000000000e+01
3.750000000000000000e+01
3.750000000000000000e+01
3.750000000000000000e+01
3.750000000000000000e+01
3.750000000000000000e+01
3.750000000000000000e+01
3.750000000000000000e+01
3.750000000000000000e+01
3.750000000000000000e+01
3.750000000000000000e+01
3.750000000000000000e+01
3.750000000000000000e+01
3.750000000000000000e+01
3.750000000000000000e+01
3.750000000000000000e+01
3.750000000000000000e+01
3.750000000000000000e+01
3.750000000000000000e+01
3.750000000000000000e+01
3.750000000000000000e+01
3.750000000000000000e+01
3.750000000000000000e+01
3.750000000000000000e+01
3.750000000000000000e+01
3.750000000000000000e+01
3.750000000000000000e+01
3.750000000000000000e+01
3.750000000000000000e+01
3.750000000000000000e+01
3.750000000000000000e+01
3.750000000000000000e+01
3.750000000000000000e+01
3.750000000000000000e+01
3.750000000000000000e+01
3.750000000000000000e+01
3.750000000000000000e+01
3.750000000000000000e+01
3.750000000000000000e+01
3.750000000000000000e+01
3.750000000000000000e+01
3.750000000000000000e+01
3.750000000000000000e+01
3.750000000000000000e+01
3.750000000000000000e+01
3.750000000000000000e+01
3.750000000000000000e+01
3.750000000000000000e+01
3.750000000000000000e+01
3.750000000000000000e+01
3.750000000000000000e+01
3.750000000000000000e+01
3.750000000000000000e+01
3.750000000000000000e+01
3.750000000000000000e+01
3.750000000000000000e+01
3.750000000000000000e+01
3.750000000000000000e+01
3.750000000000000000e+01
3.750000000000000000e+01
3.750000000000000000e+01
3.750000000000000000e+01
3.750000000000000000e+01
3.750000000000000000e+01
3.750000000000000000e+01
3.750000000000000000e+01
3.750000000000000000e+01
3.750000000000000000e+01
3.750000000000000000e+01
3.750000000000000000e+01
3.750000000000000000e+01
3.750000000000000000e+01
3.750000000000000000e+01
3.750000000000000000e+01
3.750000000000000000e+01
3.750000000000000000e+01
3.750000000000000000e+01
3.750000000000000000e+01
3.750000000000000000e+01
3.750000000000000000e+01
3.750000000000000000e+01
3.750000000000000000e+01
3.750000000000000000e+01
3.750000000000000000e+01
3.750000000000000000e+01
3.750000000000000000e+01
3.750000000000000000e+01
3.750000000000000000e+01
3.750000000000000000e+01
3.750000000000000000e+01
3.750000000000000000e+01
3.750000000000000000e+01
3.750000000000000000e+01
3.750000000000000000e+01
3.750000000000000000e+01
3.750000000000000000e+01
3.750000000000000000e+01
3.750000000000000000e+01
3.750000000000000000e+01
3.750000000000000000e+01
3.750000000000000000e+01
3.750000000000000000e+01
3.750000000000000000e+01
3.750000000000000000e+01
3.750000000000000000e+01
3.750000000000000000e+01
3.750000000000000000e+01
3.750000000000000000e+01
3.750000000000000000e+01
3.750000000000000000e+01
3.750000000000000000e+01
3.750000000000000000e+01
3.750000000000000000e+01
3.750000000000000000e+01
3.750000000000000000e+01
3.750000000000000000e+01
3.750000000000000000e+01
3.750000000000000000e+01
3.750000000000000000e+01
3.750000000000000000e+01
3.750000000000000000e+01
3.750000000000000000e+01
3.750000000000000000e+01
3.750000000000000000e+01
3.750000000000000000e+01
3.750000000000000000e+01
3.750000000000000000e+01
3.750000000000000000e+01
3.750000000000000000e+01
3.750000000000000000e+01
3.750000000000000000e+01
3.750000000000000000e+01
3.750000000000000000e+01
3.750000000000000000e+01
3.750000000000000000e+01
3.750000000000000000e+01
3.750000000000000000e+01
3.750000000000000000e+01
3.750000000000000000e+01
3.750000000000000000e+01
3.750000000000000000e+01
3.750000000000000000e+01
3.750000000000000000e+01
3.750000000000000000e+01
