2.875000000000000000e+01
2.500000000000000000e+01
2.583333333333333215e+01
2.041666666666666785e+01
2.041666666666666785e+01
1.500000000000000000e+01
1.958333333333333215e+01
1.541666666666666607e+01
1.708333333333333215e+01
1.875000000000000000e+01
1.500000000000000000e+01
1.833333333333333215e+01
2.166666666666666785e+01
1.416666666666666607e+01
1.208333333333333393e+01
1.666666666666666785e+01
1.416666666666666607e+01
1.416666666666666607e+01
1.791666666666666785e+01
2.000000000000000000e+01
1.333333333333333393e+01
