3.493545636042430402e+00
2.429563289518875457e+00
2.495366075719522847e+00
2.392358591354905695e+00
2.463859137988990700e+00
2.236067977499789805e+00
2.406828634131244815e+00
2.547011684016882604e+00
1.907890535721663561e+00
1.932003853228271506e+00
2.236067977499789805e+00
1.930505594877117037e+00
2.035563440062361895e+00
2.870669040614180378e+00
1.907890535721663783e+00
2.069397836909908417e+00
2.550417540252895243e+00
2.183693778559283150e+00
2.477911680487481672e+00
2.251542681017716152e+00
2.035563440062362339e+00
