1.913493750534172122e+01
1.330726618555942764e+01
1.366768288904727058e+01
1.310348766126365483e+01
1.349511228391803996e+01
1.224744871391589029e+01
1.318274334963031258e+01
1.395055753565267054e+01
1.044994683665371049e+01
1.058202091600024453e+01
1.224744871391589029e+01
1.057381461704126657e+01
1.114924013354970889e+01
1.572330188676100526e+01
1.044994683665371227e+01
1.133455875727953810e+01
1.396921217853350683e+01
1.196058341200610542e+01
1.357208122908527415e+01
1.233220715579061810e+01
1.114924013354971066e+01
