5.931477689141502474e-02
5.749862996241830726e-02
5.673683975110282302e-02
5.598628147152744094e-02
5.530407429770086564e-02
5.486097869590433884e-02
5.477421648383430652e-02
5.478981005418789851e-02
5.472077836923471689e-02
5.472804662541338322e-02
5.472357589330165833e-02
5.469566021198410399e-02
5.469970474751349732e-02
5.469574011447177891e-02
5.469155416894885824e-02
5.468957163905050628e-02
5.468938161732762177e-02
5.468866110416108900e-02
5.468876037132657658e-02
5.468771936270689499e-02
5.468772855282567902e-02
5.468990424109348297e-02
5.468791520949894264e-02
5.468759761577334649e-02
5.468757973337889239e-02
5.460520765258337905e-02
5.468436325707578399e-02
5.450579883154702682e-02
5.450532094940875594e-02
5.443498925967028834e-02
5.432159283457616006e-02
5.425545484182398709e-02
5.411538666069842102e-02
5.402316504799834634e-02
5.383526899208360833e-02
5.369277651006480051e-02
5.345296260709915537e-02
5.324918712765661089e-02
5.291972415709041144e-02
5.254345092213579677e-02
5.218938067663080049e-02
5.170484930450932465e-02
5.130597911071366202e-02
5.079678754448582745e-02
5.035239969721430620e-02
5.015523333369290709e-02
4.982445480202504773e-02
4.955557394433918184e-02
4.915150937172945572e-02
4.876062492738053589e-02
4.837962346765341259e-02
4.808521153495970424e-02
4.750184717230020864e-02
4.732638414956167466e-02
4.659147513759187564e-02
4.627614861457906431e-02
4.579013793953908701e-02
4.548271581302690963e-02
4.492963433167813242e-02
4.671855528047260536e-02
4.434814671059445629e-02
4.384291181382295871e-02
4.333092159261531934e-02
4.289571837356535161e-02
4.388472785403035176e-02
4.243873494583327161e-02
4.178840349212219196e-02
4.200262546163553712e-02
4.110786476765500297e-02
4.073108124745219299e-02
4.030589206048214301e-02
4.009879152950761305e-02
3.990329355276030221e-02
3.980072044623798877e-02
3.960235058455228996e-02
3.938513286958886250e-02
3.955686876379696515e-02
3.919107943136058286e-02
3.908151401209727233e-02
3.897054509372320508e-02
3.873001676722509501e-02
3.897101761970434008e-02
3.883393613001454719e-02
3.854588766597061983e-02
3.842783498405612230e-02
3.823706153449035056e-02
3.831863675917260986e-02
3.797874947952927654e-02
3.759132486079889979e-02
3.770274492247967235e-02
3.740628702896885843e-02
3.703332231531616253e-02
3.681896081455839076e-02
3.645183797858823904e-02
3.676559801532524457e-02
3.660596868513259217e-02
3.650030094535727104e-02
3.633259362598107584e-02
3.600653707445762575e-02
3.586791980228474369e-02
3.568448167895175299e-02
3.652795210040024609e-02
3.579599667188570339e-02
3.547620229817029236e-02
3.530261046789592155e-02
3.552525353324405277e-02
3.510908799979770012e-02
3.513143160924956515e-02
3.506211937172897669e-02
3.503379240802426131e-02
3.520460505616310187e-02
3.468997223922908046e-02
3.468052331571242625e-02
3.469325536931611165e-02
3.460957364345041559e-02
3.461537915470768584e-02
3.420889942081850599e-02
3.404886006374018004e-02
3.392192258748063377e-02
3.405202830064175262e-02
3.422313853145468598e-02
3.408452164550500318e-02
3.377242128538134741e-02
3.375416983468144949e-02
3.389819660267982815e-02
3.395751272632193535e-02
3.367102224503547292e-02
3.353445415322280770e-02
3.360177839326029120e-02
3.349657088212121964e-02
3.326169325628577228e-02
3.308935307424962224e-02
3.289408150390735891e-02
3.279858699426491109e-02
3.272513028559879272e-02
3.332701225988315280e-02
3.262041175531003173e-02
3.252330254446107044e-02
3.235498367754925664e-02
3.230292598213609090e-02
3.209471065168646026e-02
3.189242437058802115e-02
3.172137827940998966e-02
3.238008463534749332e-02
3.162075399448781299e-02
3.139616248535345711e-02
3.118322194121681337e-02
3.093429780807567878e-02
3.124498884589975434e-02
3.072376522689450676e-02
3.046589747399306575e-02
3.047892538429293821e-02
3.054204716593745747e-02
3.038666336239220778e-02
3.020377252869498388e-02
3.012164273785882668e-02
3.008446488806769750e-02
3.004777831586266310e-02
2.996605347335725561e-02
2.990779096607778728e-02
2.976659691766682034e-02
2.972274473700164607e-02
2.958653934338712280e-02
2.950068971748587288e-02
2.935626734455324544e-02
2.919733844305181028e-02
2.907878591356598610e-02
2.924902670492985149e-02
2.898931349254640563e-02
2.906882890719146573e-02
2.907403363190043388e-02
2.888120710040748690e-02
2.889279912355319918e-02
2.885132409364533218e-02
2.876676840135769866e-02
2.868347553427856578e-02
2.859792698485612295e-02
2.855501887952245632e-02
2.854947144476637291e-02
2.833551968779975117e-02
2.823873999091609105e-02
2.811340948659136335e-02
2.807283404826543816e-02
2.845180166410032213e-02
2.806064935052623305e-02
2.805457576009787873e-02
2.798501341303144888e-02
2.782960462810761190e-02
2.815711684140245058e-02
2.783791948571696581e-02
2.776884323209940011e-02
2.776967449233229759e-02
2.769480766820268253e-02
2.754518989364227941e-02
2.786315803745624889e-02
2.755522270515322128e-02
2.756827725030803686e-02
2.750803496819276966e-02
2.738764777957761881e-02
2.762494221541681935e-02
2.735169592900971516e-02
2.734571282513715423e-02
2.733911409046611840e-02
2.728640397075667370e-02
2.717030971244934270e-02
2.740331582886420744e-02
2.716620570104461702e-02
2.711806819251689343e-02
2.712793516103251951e-02
2.701389117740004078e-02
2.717152942164417426e-02
2.697651140593909994e-02
2.698266652538188620e-02
2.695779543872617312e-02
2.692566267046037423e-02
2.681795711161760049e-02
2.699298000914559029e-02
2.680256642147242976e-02
2.675733409926979445e-02
2.676647187453767840e-02
2.684972831488389305e-02
2.668196425889126505e-02
2.662959804391030680e-02
2.662883708004157648e-02
2.658255393593279489e-02
2.656124414839722975e-02
2.650108621553321289e-02
2.656835349602508153e-02
2.652480404333999731e-02
2.664055778013052489e-02
2.648790592247067185e-02
2.645132607195663926e-02
2.641319797111521192e-02
2.638123221601317361e-02
2.635464533195214579e-02
2.641813520564834095e-02
2.636888886384558539e-02
2.631205978946728197e-02
2.627505030382118814e-02
2.625451973049483176e-02
2.623502909977125028e-02
2.624134186684061801e-02
2.624627407266275775e-02
2.618277906232168925e-02
2.614438102739516032e-02
2.617614822808162281e-02
2.611326816650262964e-02
2.613618070317648770e-02
2.614469531745199082e-02
2.607607440873578597e-02
2.605674074126953718e-02
2.602082108898429863e-02
2.598079593918804428e-02
2.593383451031467529e-02
2.601411370391416150e-02
2.594063236389822225e-02
2.584616206771632105e-02
2.577959871482060628e-02
2.570156793374301502e-02
2.561531634898145393e-02
2.551644098624599941e-02
2.549634737073344301e-02
2.538998305241270750e-02
2.766403152732217069e-02
2.540451043929898775e-02
2.577465782103346287e-02
2.554882779287965047e-02
2.537055504584539642e-02
2.555126568636195347e-02
2.540711930538495228e-02
2.537350304382913341e-02
2.541733838156549907e-02
2.537301187155126606e-02
2.535436856087247559e-02
2.531522696047733625e-02
2.529406108181637275e-02
2.526612585685500401e-02
2.533808986084933740e-02
2.531028261337742169e-02
2.526166941787997763e-02
2.523058373701756590e-02
2.520863903733064695e-02
2.523481633604588922e-02
2.522239280004635875e-02
2.521039500996443555e-02
2.518870362292412179e-02
2.520323574564910241e-02
2.518147474869013996e-02
2.515542456075827576e-02
2.512687681360340625e-02
2.510478467594137036e-02
2.505680668020138571e-02
2.502018024466920801e-02
2.501967168366915628e-02
2.503641715088444214e-02
2.503691908118151760e-02
2.504125951084817947e-02
2.499388330621677562e-02
2.497718647552800778e-02
2.495250201221793987e-02
2.492847935847328916e-02
2.487889013029617388e-02
2.483743046539770363e-02
2.478335494616978191e-02
2.475392362380090042e-02
2.468213491423503630e-02
2.462640409612310011e-02
2.464914941095177128e-02
2.527368649321397320e-02
2.463503923322989467e-02
2.491634159594562775e-02
2.461811062639015710e-02
2.460499370713127923e-02
2.463628606049052955e-02
2.458546250480564063e-02
2.456607400288387741e-02
2.454437083317813698e-02
2.457162276261002157e-02
2.454310202418437739e-02
2.452432704222213752e-02
2.450479630780933935e-02
2.450587293799056862e-02
2.447268687357813041e-02
2.444616377448293257e-02
2.442945489170959827e-02
2.438788668281600611e-02
2.441325796555025504e-02
2.440466042047564552e-02
2.438213943153836119e-02
2.437654916893633450e-02
2.435283446182357273e-02
2.434896821323504976e-02
2.433088373984025610e-02
2.434533177199551743e-02
2.429958638091936005e-02
2.427175415123010091e-02
2.429317692869169959e-02
2.426167252941908645e-02
2.424843792695906622e-02
2.426691586039459239e-02
2.422593372971238584e-02
2.419634270580033747e-02
2.417587431529295838e-02
2.414644193616222873e-02
2.420201619997194159e-02
2.413703150977075662e-02
2.411708904074359727e-02
2.410792371862510025e-02
2.409199171788635810e-02
2.408479603582448780e-02
2.408256508801895693e-02
2.405492384670017761e-02
2.405153629966102699e-02
2.402935324017192384e-02
2.400697336975365567e-02
2.397434162326626469e-02
2.394311079286249797e-02
2.389330747194855567e-02
2.385783387548415582e-02
2.381949447321303481e-02
2.382618692450239398e-02
2.376877988321278445e-02
2.381006046604083187e-02
2.378174738783473546e-02
2.375545943082438619e-02
2.372313693741067570e-02
2.371127667040405854e-02
2.368301713822323212e-02
2.363661832102570415e-02
2.360988159446649262e-02
2.367137724196893833e-02
2.358389744231178045e-02
2.362453460364956001e-02
2.359091848036617284e-02
2.360460345685898645e-02
2.356406670820867036e-02
2.353290930121933536e-02
2.352954260462099614e-02
2.354674699869797189e-02
2.352218428072951409e-02
2.350970978613000154e-02
2.349065514629005216e-02
2.348100258496823786e-02
2.346044100198722143e-02
2.343645192680528927e-02
2.343253908792377119e-02
2.344706526116285134e-02
2.336207023695169305e-02
2.335778672572451711e-02
2.332748167152226548e-02
2.336964701697057459e-02
2.331813605991394853e-02
2.329298803029178702e-02
2.326902390081186586e-02
2.324817741957994205e-02
2.327242778452664335e-02
2.324904821999965870e-02
2.322913635688543185e-02
2.323604914416478595e-02
2.321604778660213073e-02
2.321416056530178559e-02
2.323351219349624117e-02
2.319842661425320154e-02
2.318270617690302432e-02
2.316439102025931104e-02
2.315049602951127841e-02
2.313998036568535796e-02
2.318172699853264171e-02
2.314722433594583809e-02
2.311969376896743852e-02
2.313601732186494966e-02
2.310990673236164999e-02
2.312632085665548842e-02
2.312693353938807470e-02
2.309853631566838664e-02
2.308591460869206802e-02
2.307110958495477149e-02
2.305241055675609843e-02
2.304421142186369523e-02
2.309378790159388739e-02
2.303979768698150715e-02
2.303445563701807253e-02
2.302382990563684589e-02
2.305316874277586747e-02
2.306321229881363316e-02
2.303171171380563598e-02
2.301911679076873440e-02
2.301266690807109508e-02
2.300336019038844854e-02
2.298312351643415005e-02
2.299591724703580267e-02
2.299176084733759937e-02
2.295134995824611029e-02
2.293157119752408518e-02
2.291596348583730888e-02
2.290272467701261194e-02
2.290577839679451555e-02
2.288333309785961153e-02
2.286369049243482457e-02
2.285336366487456319e-02
2.283413204149893974e-02
2.283605574924580175e-02
2.284747392668412883e-02
2.284988536524354061e-02
2.280408707843171665e-02
2.278461813367061231e-02
2.275974690398616801e-02
2.276684394445848553e-02
2.274595000003344983e-02
2.272142592396373534e-02
2.276286241962692178e-02
2.272250203262845755e-02
2.271257233157194730e-02
2.271157860554855190e-02
2.270144711609633353e-02
2.268365550083552631e-02
2.267621077115734157e-02
2.267634508170729077e-02
2.266229270469681534e-02
2.264878283113199581e-02
2.262609832828205852e-02
2.265759813376955548e-02
2.260758571666427949e-02
2.259071260554116820e-02
2.254907785050332819e-02
2.254930806549209493e-02
2.256774226552705695e-02
2.252909826246958166e-02
2.250524021914573902e-02
2.247748969954315931e-02
2.245473469287236415e-02
2.249941475878739633e-02
2.247241425619668151e-02
2.245492596539524002e-02
2.243535683685570631e-02
2.241797394527034540e-02
2.244157744383330419e-02
2.245171161994014356e-02
2.240686953235884044e-02
2.243298876182506577e-02
2.243054417092461492e-02
2.241775260069319223e-02
2.239766886462053741e-02
2.238852749640138015e-02
2.238319421270514031e-02
2.236975068238500342e-02
2.237293044986534904e-02
2.236463527745645441e-02
2.233126741693264306e-02
2.231136687178973677e-02
2.235478160058191124e-02
2.229543169925564394e-02
2.228575389939195517e-02
2.227180169424303885e-02
2.230219977437920137e-02
2.227561819003847851e-02
2.225721894863837147e-02
2.225160383154955665e-02
2.225669225469143614e-02
2.224719788811867910e-02
2.222946548657906904e-02
2.222643513548422725e-02
2.220165237727097368e-02
2.219836764627688280e-02
2.220032703683831599e-02
2.217770999409822072e-02
2.216002307735107785e-02
2.213880648712868160e-02
2.211186688108348133e-02
2.214304550192096321e-02
2.217648090994850385e-02
2.210781505981236628e-02
2.208867945972009875e-02
2.207852488956862577e-02
2.207440143908263874e-02
2.204673679769152128e-02
2.200899410620372684e-02
2.198875880814211980e-02
2.203346631663751290e-02
2.199285478461581941e-02
2.202988205117662260e-02
2.199135434069457787e-02
2.199760207790378910e-02
2.198404055219179559e-02
2.197157459778518312e-02
2.195673553961979135e-02
2.193924867921047753e-02
2.191867326383364206e-02
2.190987595112964953e-02
2.191115993265433520e-02
2.186431666129693210e-02
2.191953390729322812e-02
2.182775678923446969e-02
2.187153908421577211e-02
2.184488728384353581e-02
2.183176265726316512e-02
2.181625266984759878e-02
2.183708615756790525e-02
2.180600740991359490e-02
2.179003873697500648e-02
2.178687150781305482e-02
2.180629744421339403e-02
2.177231611924202240e-02
2.174768433740015619e-02
2.175865333093402951e-02
2.173967402034130900e-02
2.175137201990409025e-02
2.173877192723935176e-02
2.174174686679124918e-02
2.173804207528917329e-02
2.171865391876218881e-02
2.171279163847149654e-02
2.170076419922626135e-02
2.168781843979993712e-02
2.166980249627106433e-02
2.166180876756782642e-02
2.165393235299395078e-02
2.165169037333498567e-02
2.161274953794584466e-02
2.160652054789809207e-02
2.157706096098230969e-02
2.166553077084933804e-02
2.156697580520868310e-02
2.163643582385454608e-02
2.157419226188586267e-02
2.156204721157920293e-02
2.156028741480186389e-02
2.156428544710131678e-02
2.153329515599776076e-02
2.151964352119378754e-02
2.150310390422552689e-02
2.148186697920171848e-02
2.145769491724535197e-02
2.142885019453607057e-02
2.139366478104211614e-02
2.152855527480966244e-02
2.137143356527933941e-02
2.147329272940023959e-02
2.137575392783509082e-02
2.142138339748573400e-02
2.137691515787497332e-02
2.136461653687601187e-02
2.135030360491161142e-02
2.134798267005545355e-02
2.134906307684086846e-02
2.132474962421744905e-02
2.132218036370703979e-02
2.130346861554876028e-02
2.136235339768398356e-02
2.130416671320055702e-02
2.128953452838526147e-02
2.127372789307367326e-02
2.129655098809820832e-02
2.126236493719620840e-02
2.127921797383188970e-02
2.126756980924731852e-02
2.124449989119085030e-02
2.123217960276220506e-02
2.121907278513221126e-02
2.120006365411887528e-02
2.117799695908498953e-02
2.119217263911206753e-02
2.119622095884249324e-02
2.115552975704399277e-02
2.115981585173451821e-02
2.115591788169932791e-02
2.116846584519227817e-02
2.117198666187326481e-02
2.114515038663718205e-02
2.115257610138956620e-02
2.114451818338169975e-02
2.113623309102058076e-02
2.113316980571268780e-02
2.112624723437529078e-02
2.112987744728345163e-02
2.109851248339653443e-02
2.110372623696190469e-02
2.110756730242142193e-02
2.111555182938730513e-02
2.110701879091978275e-02
2.108005361861815113e-02
2.109833688777674673e-02
2.108961866899988422e-02
2.108401317907619005e-02
2.108155478723034576e-02
2.106310905507264783e-02
2.105501284084111344e-02
2.106260249274838348e-02
2.105079921081269567e-02
2.104225888078821785e-02
2.102478900278486815e-02
2.102073286042735814e-02
2.101491536462426341e-02
2.101985005357468253e-02
2.099679324201691663e-02
2.099060072810370048e-02
2.095784235770898826e-02
2.097238389518027088e-02
2.095699626325857670e-02
2.094155647149656060e-02
2.092303032935527093e-02
2.090820567857057735e-02
2.088204026247332187e-02
2.085247294174814164e-02
2.081728342208597621e-02
2.108017932998043284e-02
2.079569379813548183e-02
2.091156742642519967e-02
2.078373668426540186e-02
2.078823362493530114e-02
2.078118066214652837e-02
2.075737220207617140e-02
2.083487658353663438e-02
2.076917847933136205e-02
2.076040297512005139e-02
2.074588974956292561e-02
2.073128762804892292e-02
2.076462344371039423e-02
2.071574881788081426e-02
2.075745538636312656e-02
2.073083628880977372e-02
2.072372059653494747e-02
2.071552263248535239e-02
2.070465647313735058e-02
2.070707523766265185e-02
2.069274727926732546e-02
2.068204306849795449e-02
2.067847826149276855e-02
2.066168206378140096e-02
2.064769377640940373e-02
2.066572586322951155e-02
2.067360882818647730e-02
2.063323076573959913e-02
2.064899532584589872e-02
2.058474758249844924e-02
2.064726204548822386e-02
2.060709829672382684e-02
2.060082010922205734e-02
2.058758715929755179e-02
2.060491139528196000e-02
2.061852452514708472e-02
2.058809145955209016e-02
2.057113932171976411e-02
2.055090896816964136e-02
2.055444762756289748e-02
2.054832216568418593e-02
2.055992278900615686e-02
2.052821798300555681e-02
2.055406663530341682e-02
2.053813217468973551e-02
2.053065938738882559e-02
2.052576573059722645e-02
2.051498783929827860e-02
2.050352372996447695e-02
2.048988867918470971e-02
2.046728945793186219e-02
2.045531268489247240e-02
2.048803261794227698e-02
2.045125946031437977e-02
2.047930340158891915e-02
2.044808612800692524e-02
2.046371715769058561e-02
2.044470871557037620e-02
2.044539719843136913e-02
2.043426385845589430e-02
2.042289573137679587e-02
2.040766029696987685e-02
2.039223143698571869e-02
2.037334648077494467e-02
2.035067675648301322e-02
2.039840929592603297e-02
2.033940623098131825e-02
2.039395213499626755e-02
2.035700702941390869e-02
2.035821966375097117e-02
2.033376204547138535e-02
2.033413295050380196e-02
2.035567479582459441e-02
2.033435993061160144e-02
2.032525124703206398e-02
2.031527905987875332e-02
2.031200831211232502e-02
2.031321292812540355e-02
2.029401938040990838e-02
2.030218024328060700e-02
2.027873777124258176e-02
2.026218292296675175e-02
2.029003716626419720e-02
2.027377632371593977e-02
2.026453620971263928e-02
2.025108519119415973e-02
2.024009026781611181e-02
2.025348912479795274e-02
2.022291283290387348e-02
2.025878168453215666e-02
2.024104824223523641e-02
2.023950394260265809e-02
2.022279056894285901e-02
2.022457768942791459e-02
2.024397531869766634e-02
2.023937342125158023e-02
2.022344658127463168e-02
2.021875188747408389e-02
2.021657098879740821e-02
2.022031481744353265e-02
2.021195221144833631e-02
2.020152284311636098e-02
2.019074409065718667e-02
2.016699107811691441e-02
2.020240378870482439e-02
2.015525436753683522e-02
2.016085704372779647e-02
2.013686498052554008e-02
2.017110760152091356e-02
2.014774222439212614e-02
2.013924865447369594e-02
2.012876074416223432e-02
2.011644987630609865e-02
2.012491355811496865e-02
2.012112661339869948e-02
2.011817276167153848e-02
2.014468118645087666e-02
2.011803726815692556e-02
2.011899725487332341e-02
2.012375247324424757e-02
2.011136739254100816e-02
2.010058287364129004e-02
2.008719082744877399e-02
2.007213459615766679e-02
2.007491826372434854e-02
2.006067034762086879e-02
2.004581633948420913e-02
2.002887444279606577e-02
2.001292372230209851e-02
1.998752350842143699e-02
1.997439997961085456e-02
1.994847044579691961e-02
2.001660379445808005e-02
1.996756473987125469e-02
1.995542631543470793e-02
1.991408628216322779e-02
1.994168474528608404e-02
1.993015785242495397e-02
1.991408054425915231e-02
1.993444256380207807e-02
1.992061246949105094e-02
1.991772130676233710e-02
1.990038279077725042e-02
1.991402271720512165e-02
1.990124544920319691e-02
1.990044050924789920e-02
1.989504619915781480e-02
1.990184469435141504e-02
1.988648955974891414e-02
1.989866131085036779e-02
1.989263337211899171e-02
1.988834371034541026e-02
1.988504524319352484e-02
1.986821195057522985e-02
1.986499730742724568e-02
1.985341908255698964e-02
1.985309657961878069e-02
1.983703812515434997e-02
1.984625238087948940e-02
1.981598864344766980e-02
1.981792322815511403e-02
1.978930350266002239e-02
1.978098503300610919e-02
1.982470405243411810e-02
1.976636086878184526e-02
1.980448938008897222e-02
1.976050752332810315e-02
1.977112551527841072e-02
1.976882338967520664e-02
1.976155838885100546e-02
1.975268034504434195e-02
1.974350801128218341e-02
1.972543821695260657e-02
1.971906680851965091e-02
1.970298248378965500e-02
1.968459643347446331e-02
1.977196916008606628e-02
1.967214373303126720e-02
1.973796296316514265e-02
1.967820695954827434e-02
1.969326025355886897e-02
1.967315170999851121e-02
1.970118481247264131e-02
1.968261769046474388e-02
1.966829981267612798e-02
1.966151737339241409e-02
1.965131017182981943e-02
1.965639048210655535e-02
1.964230832753554451e-02
1.965412109043486455e-02
1.965943377889783211e-02
1.963836942914744255e-02
1.962685508436685239e-02
1.963681434665743436e-02
1.961512727132813314e-02
1.961834526931795566e-02
1.960741107074425241e-02
1.961581743740974798e-02
1.960524313362231597e-02
1.960964593047574353e-02
1.960039982321557656e-02
1.959047317363390300e-02
1.957958764813575933e-02
1.958152850298715622e-02
1.957321438963236307e-02
1.956234351239843558e-02
1.954966275681118901e-02
1.953635871139742380e-02
1.951659990838263900e-02
1.949740858651689834e-02
1.955078390309193670e-02
1.948161048045831192e-02
1.952489396858713908e-02
1.947454270866047152e-02
1.949938688972517598e-02
1.947482399242498816e-02
1.948243001081232176e-02
1.947558248559397992e-02
1.949897884921215560e-02
1.948305804473454347e-02
1.947223754831731504e-02
1.947051489421637235e-02
1.945910908422147576e-02
1.947550293091340062e-02
1.946421198197273092e-02
1.946122993615872002e-02
1.945783444097956214e-02
1.944603269001259419e-02
1.945552594885689018e-02
1.942927358544948788e-02
1.945069304331690715e-02
1.943074226361714632e-02
1.942302741277881009e-02
1.941381751269800199e-02
1.941116839869609645e-02
1.943938584499752334e-02
1.942712041284981941e-02
1.940418459827569081e-02
1.941156264868902637e-02
1.939838961600773987e-02
1.942968170557281618e-02
1.940331272732327347e-02
1.939889632083992982e-02
1.939261349839386389e-02
1.938488404250449798e-02
1.939468780251747335e-02
1.938583304910568295e-02
1.938807859759637819e-02
1.940398904874436267e-02
1.937750090611990370e-02
1.937848839158371264e-02
1.935085098846047250e-02
1.935223630088413541e-02
1.937171164722259822e-02
1.935785542000960369e-02
1.935638026976955334e-02
1.935909379980065709e-02
1.934155896945573966e-02
1.935502342463206113e-02
1.934442743346403287e-02
1.933538783703617550e-02
1.933017082386848801e-02
1.933817080806700742e-02
1.933452578496623955e-02
1.934321736675310641e-02
1.932527874187033382e-02
1.931188037972575780e-02
1.931913282996329875e-02
1.930544802683058919e-02
1.929733009389601045e-02
1.929007685096406285e-02
1.927233387847324467e-02
1.926020148976266902e-02
1.930495290684518597e-02
1.925458463511647497e-02
1.929502172256010104e-02
1.925417929017072052e-02
1.926300792428954980e-02
1.925688647680947815e-02
1.924832936457869167e-02
1.923817059702181975e-02
1.922704611379035672e-02
1.921025288261222000e-02
1.920207708148193720e-02
1.919044745306429725e-02
1.916703221329387613e-02
1.915218045352841056e-02
1.923729481071839026e-02
1.913743432005679881e-02
1.920550297999037634e-02
1.914220063229083238e-02
1.914037315373372586e-02
1.914128499725795823e-02
1.911428269616282857e-02
1.914466727794360626e-02
1.913212539038917567e-02
1.913616169359201938e-02
1.912863813701635649e-02
1.912373477603048280e-02
1.911735333956078933e-02
1.910871757900937246e-02
1.912872256156734549e-02
1.910386922679225760e-02
1.912765871139325211e-02
1.911219740452722166e-02
1.910962985223315855e-02
1.910502360144394202e-02
1.909364197567533020e-02
1.909148669741977250e-02
1.908130678979690423e-02
1.908698231754027072e-02
1.906413380593831308e-02
1.909248406747343293e-02
1.905464980028752711e-02
1.907474034092144013e-02
1.905088439215952070e-02
1.905950128420040579e-02
1.903948952598265298e-02
1.904484747468640146e-02
1.903584238323473288e-02
1.903574219586239361e-02
1.902825725722227454e-02
1.901671562896687512e-02
1.901203073345059807e-02
1.899383257068710737e-02
1.903913461493328060e-02
1.899002080653710081e-02
1.901836646000276687e-02
1.898712972176106253e-02
1.899019036719690190e-02
1.896603211761930044e-02
1.898603907749846567e-02
1.898118604342959384e-02
1.896446826419167370e-02
1.895485940026526636e-02
1.894195179570202017e-02
1.892414168914344913e-02
1.896671796450549383e-02
1.891549515206768922e-02
1.896752577521223018e-02
1.892002397106533340e-02
1.891735409938935172e-02
1.889969110543196842e-02
1.893482153262504575e-02
1.890835263574900532e-02
1.890588776318974026e-02
1.889873836711266492e-02
1.890131367034470281e-02
1.889758544814205618e-02
1.890077301768589707e-02
1.888181492407000131e-02
1.887282845761591860e-02
1.886089179772727775e-02
1.884760496765320106e-02
1.883600359786642697e-02
1.889518579334003440e-02
1.881687235885769194e-02
1.888728852207928466e-02
1.882803836425530133e-02
1.883173502769025162e-02
1.881871081768514767e-02
1.884857390952827949e-02
1.883777465450018826e-02
1.882135903943484012e-02
1.881035715704310052e-02
1.881190719446559564e-02
1.879959762658645755e-02
1.878936288969024898e-02
1.878330819635564211e-02
1.878299241377135234e-02
1.875678398613491588e-02
1.880626507146708828e-02
1.875421237569376010e-02
1.877053449289515369e-02
1.875720937937202029e-02
1.877367474350361692e-02
1.876390237647886094e-02
1.876063675820453108e-02
1.875534958763070206e-02
1.874959041468355139e-02
1.875675212801942993e-02
1.875511071633623530e-02
1.874442234933599086e-02
1.877534091970095576e-02
1.874173574259192440e-02
1.873417039694108208e-02
1.874612755903712000e-02
1.874825858623479363e-02
1.873178343552270655e-02
1.872667438075683449e-02
1.872792964431940418e-02
1.872659890650548928e-02
1.871923747131443855e-02
1.870385429975977842e-02
1.870853163156766322e-02
1.870444624334178033e-02
1.868935058372215435e-02
1.870348030183693541e-02
1.869174631572649570e-02
1.868726476632225075e-02
1.868019106674955604e-02
1.867434227862811019e-02
1.869001333531432676e-02
1.867444934962891878e-02
1.869065589267571506e-02
1.866841794601634824e-02
1.867719628783372221e-02
1.867525338357922671e-02
1.867022671307398685e-02
1.866841646903509219e-02
1.866898655040411664e-02
1.867219355891238872e-02
1.867199837060454920e-02
1.864939710298782818e-02
1.866030501746845580e-02
1.865460539017682259e-02
1.865181622346735041e-02
1.864972237699348556e-02
1.866253160536555239e-02
1.864182230621398012e-02
1.864664080359146325e-02
1.864509039856401471e-02
1.864881446111541635e-02
1.864421254229514657e-02
1.863641055116249667e-02
1.863654429088554623e-02
1.861425457961972396e-02
1.862085726383453863e-02
1.862563703971364948e-02
1.862313911173438599e-02
1.862287904773972033e-02
1.861009115062868188e-02
1.861086693421020594e-02
1.861272877771926251e-02
1.860924922990093294e-02
1.860603565141092167e-02
1.860379206939473742e-02
1.859347732209224585e-02
1.858456525872183643e-02
1.858800583399624132e-02
1.855749123692558220e-02
1.859007739192217526e-02
1.856792832801744050e-02
1.857881271715998081e-02
1.857190363943506117e-02
1.856757290404653649e-02
1.856257092324253150e-02
1.855577892771615584e-02
1.856217932527415293e-02
1.856120486798987917e-02
1.856211866002275418e-02
1.855788302061323058e-02
1.855576133387602800e-02
1.855318985055621345e-02
1.854990186783102291e-02
1.853569813597004054e-02
1.856591157691232438e-02
1.852534517447355922e-02
1.855137388224847861e-02
1.852905317385387593e-02
1.853964612616024535e-02
1.853308781704861991e-02
1.853204039060149175e-02
1.853490425952912177e-02
1.852449491462658873e-02
1.852054883109717498e-02
1.852199933285051184e-02
1.851515790821188848e-02
1.851324509121186901e-02
1.849897712490209192e-02
1.852335670279061514e-02
1.850621754905584782e-02
1.851186591977117130e-02
1.850385066844241477e-02
1.850488875477563841e-02
1.850296670871817359e-02
1.850414761545086939e-02
1.850198750878860599e-02
1.848841759299782797e-02
1.850036529523131634e-02
1.848570768730904007e-02
1.849107482043921627e-02
1.848902043017160157e-02
1.848792330831620923e-02
1.847390027077374514e-02
1.849750391671945576e-02
1.848257328859108720e-02
1.848694427827617809e-02
1.847146927264912281e-02
1.848122702121933816e-02
1.847174067280991233e-02
1.846876088845804745e-02
1.847418039519010610e-02
1.847361003413349953e-02
1.846344887635462811e-02
1.846962448020283282e-02
1.846013308144483708e-02
1.846114291734627863e-02
1.845018043276546588e-02
1.845715989769263973e-02
1.845253473917759374e-02
1.845002324141956432e-02
1.843380226609247358e-02
1.845369047951581423e-02
1.844098977453507288e-02
1.844106639810139808e-02
1.842919337909147692e-02
1.843743477220109034e-02
1.844732991498752167e-02
1.843094710221748062e-02
1.841756000716709973e-02
1.841860706635671530e-02
1.840828127998839214e-02
1.842043137993651034e-02
1.840546914491909131e-02
1.840740505538316155e-02
1.839754303732808044e-02
1.839538405573198573e-02
1.838760445546388025e-02
1.840021628201205656e-02
1.838436819809559711e-02
1.838853873973023828e-02
1.837614211067921041e-02
1.837343051998526280e-02
1.836985857729854510e-02
1.836295619897361509e-02
1.837541620867210942e-02
1.835696652830580769e-02
1.836159131640015610e-02
1.834805162076694890e-02
1.834610360592991637e-02
1.833987299033343690e-02
1.833283499092039706e-02
1.835399661402379798e-02
1.832344269607731960e-02
1.833589364191592214e-02
1.832937576531152787e-02
1.833952974415619872e-02
1.832136335532448881e-02
1.832779472515192604e-02
1.832231258378080874e-02
1.831343939190899217e-02
1.830674966410165277e-02
1.831731748778469074e-02
1.829557519625154421e-02
1.831376168505882696e-02
1.830102417129457829e-02
1.829728159825890973e-02
1.829168928423412221e-02
1.829109893164378858e-02
1.828558185679753437e-02
1.829631728592855805e-02
1.828527649243052652e-02
1.828286022283652501e-02
1.827616475984949335e-02
1.827285791275001445e-02
1.827281204374578763e-02
1.828634575025428130e-02
1.825841505301485299e-02
1.828220091310702941e-02
1.826072985748789998e-02
1.826908606052564388e-02
1.825905297378449532e-02
1.826616101589832036e-02
1.826811169219651546e-02
1.825967947754170151e-02
1.826399613735632185e-02
1.826058492569155103e-02
1.826318729963688839e-02
1.824833776901276655e-02
1.826528651727808011e-02
1.825345133493995811e-02
1.825041247504526759e-02
1.824537971053112259e-02
1.825475229254340873e-02
1.823985610770160679e-02
1.825814629267898462e-02
1.824512507631387975e-02
1.824067192158097817e-02
1.824106019328891257e-02
1.823099262040012158e-02
1.823054607452891801e-02
1.824103241034232686e-02
1.822206088342349928e-02
1.824456580653347620e-02
1.822724288009942850e-02
1.822560913334960245e-02
1.822235680527001592e-02
1.821603128207407302e-02
1.822085534286636832e-02
1.821711331769458944e-02
1.821479403229627272e-02
1.820367682672729970e-02
1.821405417443212188e-02
1.819517570349182822e-02
1.819434727177008521e-02
1.818111388004460191e-02
1.817108982366831549e-02
1.815812445907884556e-02
1.815393661710996281e-02
1.812825715138876442e-02
1.821876678901668267e-02
1.812443163739107382e-02
1.819319652807687565e-02
1.813805882682628656e-02
1.814204257870710713e-02
1.813164696975012521e-02
1.812937468806689184e-02
1.812199851798432931e-02
1.811264781895539216e-02
1.810453053861340103e-02
1.818051996988510194e-02
1.810224361449081984e-02
1.813362323159608755e-02
1.809822998314304654e-02
1.811906590539402034e-02
1.810564498493539079e-02
1.809957404697474723e-02
1.809985792671446603e-02
1.809938460481605796e-02
1.809283067714392151e-02
1.808677780449158626e-02
1.810039441668039387e-02
1.807513288218121766e-02
1.808459534987142195e-02
1.807843657629798831e-02
1.807662928613450876e-02
1.806989377144077244e-02
1.808279109563728712e-02
1.806773348939106488e-02
1.806789432118112090e-02
1.805443663358239498e-02
1.805301986746489160e-02
1.805007884256166345e-02
1.806552500563686492e-02
1.804829311847320691e-02
1.804969560373910140e-02
1.804099230672083845e-02
1.803440742024909824e-02
1.802582453721267644e-02
1.803556373397644311e-02
1.802383106698005749e-02
1.805971652878338510e-02
1.802469541186210375e-02
1.802426555774610389e-02
1.802807528319010436e-02
1.802063772079710510e-02
1.801640629968888699e-02
1.800989990564764651e-02
1.801245733143371289e-02
1.800965858439692799e-02
1.801356407173307014e-02
1.801023126009011766e-02
1.801077971848231984e-02
1.801187125050265556e-02
1.800471556163359826e-02
1.800301691075363239e-02
1.800852498064871299e-02
1.800378835280303652e-02
1.800015665208147195e-02
1.799546047764244081e-02
1.800316906869364741e-02
1.799146628566753586e-02
1.800125997662642072e-02
1.798939816564621222e-02
1.799551929116656457e-02
1.798669565754622973e-02
1.798083616619448183e-02
1.799301892832656444e-02
1.797775119021610343e-02
1.797872156448160341e-02
1.797476226358039539e-02
1.796981567730300544e-02
1.796307590083850297e-02
1.796176811124421124e-02
1.798016145705172084e-02
1.795962186794735835e-02
1.795237115852158991e-02
1.794977342237190354e-02
1.794082332531310095e-02
1.795406544593541528e-02
1.793129080599420097e-02
1.795313142838935588e-02
1.793404872806557068e-02
1.794693244974372714e-02
1.793574878735399933e-02
1.793673722485696412e-02
1.793112107001375993e-02
1.792607973986952777e-02
1.792127155743804962e-02
1.791645588417566798e-02
1.791183070883708636e-02
1.791947662868298083e-02
1.791037230872405406e-02
1.790586606274654352e-02
1.791344530121139270e-02
1.790406058850172941e-02
1.790816606293865396e-02
1.789177675507857071e-02
1.790341313605635365e-02
1.789214811136002198e-02
1.790020855387628590e-02
1.788440628065528226e-02
1.790641373121418592e-02
1.789710783036094904e-02
1.789493718434410907e-02
1.788986714289230243e-02
1.789312313595313800e-02
1.789161247216489517e-02
1.788486596244300703e-02
1.788658934146846943e-02
1.788427451741623694e-02
1.788398965289079295e-02
1.786861090309376648e-02
1.787196802233153789e-02
1.788023923924300304e-02
1.787107521741836819e-02
1.786866371398411826e-02
1.786531467026656467e-02
1.787375132702806804e-02
1.787545120550402405e-02
1.786619145244914761e-02
1.786269848659724144e-02
1.785867232715946523e-02
1.786372442823187801e-02
1.786024993041994413e-02
1.785402832314627458e-02
1.787520353926511790e-02
1.784843150060631822e-02
1.784773725130737315e-02
1.783327736582804995e-02
1.783765207939280381e-02
1.784891813921719167e-02
1.783418850161593711e-02
1.783429584207025728e-02
1.783125858363626345e-02
1.782510745617556930e-02
1.783110508766659955e-02
1.782789723394978890e-02
1.781450789437727736e-02
1.782528678767217670e-02
1.781728942841302732e-02
1.781542690417513286e-02
1.782432880023293587e-02
1.782162939444334113e-02
1.782062421594475532e-02
1.781893935957231875e-02
1.782073242955369008e-02
1.781641623136829763e-02
1.781223533236481887e-02
1.782443856835063886e-02
1.780802454921194544e-02
1.781335765505710073e-02
1.781487640442881715e-02
1.780792512776280256e-02
1.780574471980486337e-02
1.780459531240005319e-02
1.780043698592016430e-02
1.780184755232887966e-02
1.780288474326746292e-02
1.779976608190136228e-02
1.778028685654474417e-02
1.779128921126760937e-02
1.778691586183443057e-02
1.779157419753405606e-02
1.779220223947454438e-02
1.779168106909395988e-02
1.778214992901341190e-02
1.779071606347849485e-02
1.777795921618920486e-02
1.778278209214762678e-02
1.777803124600744675e-02
1.778672086006405362e-02
1.777882721379354936e-02
1.777692052478744081e-02
1.777258702425068768e-02
1.778025905039491358e-02
1.777656189408401491e-02
1.777485808775774653e-02
1.777764381730790461e-02
1.777598271219658910e-02
1.777177538347472080e-02
1.775822074958887872e-02
1.776888046635776222e-02
1.774735874689717038e-02
1.777068215398416168e-02
1.775824835733215423e-02
1.775730367969331064e-02
1.774618539332118577e-02
1.776113024055976652e-02
1.775181446779076563e-02
1.774919476199365853e-02
1.774247235209424484e-02
1.774164527665725646e-02
1.774766908200929236e-02
1.774601958220417552e-02
1.773416458625826087e-02
1.773944762722760859e-02
1.773902786542891699e-02
1.774320402993231557e-02
1.773469232484855065e-02
1.773912750076473907e-02
1.773881255402686222e-02
1.773763298557575960e-02
1.772947775751717095e-02
1.773613978451846901e-02
1.773565312455635187e-02
1.773027027220244398e-02
1.773430463255170828e-02
1.772394355172735025e-02
1.772709644885764671e-02
1.772962763284844506e-02
1.772173199968586285e-02
1.772160851495972050e-02
1.772135405077295695e-02
1.771559425096923268e-02
1.772022401809907749e-02
1.771800129517683148e-02
1.771655566764605491e-02
1.770590845774125052e-02
1.771736421570865166e-02
1.770522581915067242e-02
1.771097654093476900e-02
1.770457001309018105e-02
1.770808883643154585e-02
1.770322755674191145e-02
1.770098489091713814e-02
1.770254111378235379e-02
1.770460432084751401e-02
1.770303062294086710e-02
1.769928028606302176e-02
1.768903685673241591e-02
1.769376505119569024e-02
1.768667806742283896e-02
1.768513943381591971e-02
1.768029229785612888e-02
1.769100595925562208e-02
1.768018434544139927e-02
1.767604432031057854e-02
1.767419590127536702e-02
1.767456417021867274e-02
1.767463321375796828e-02
1.766711795625703491e-02
1.766541954574191858e-02
1.768217114054104408e-02
1.765283516027855298e-02
1.767261706456125375e-02
1.766042181609671705e-02
1.766229331943041519e-02
1.765836999376380403e-02
1.766164039071356148e-02
1.766072155821548154e-02
1.766049446100436890e-02
1.764951026951194074e-02
1.766892590009607258e-02
1.764644595198585492e-02
1.765500169062299632e-02
1.764816537335386556e-02
1.764218187776752517e-02
1.765091089820618186e-02
1.764382789795958251e-02
1.764200634657942662e-02
1.763754718484143724e-02
1.763389165704198902e-02
1.762770295429689008e-02
1.763868144455791806e-02
1.763475051070081262e-02
1.762843077956977728e-02
1.762574147795591822e-02
1.760856123221422875e-02
1.763407965256868701e-02
1.761450738877553407e-02
1.762232475813934121e-02
1.761561338511836300e-02
1.761408133464108933e-02
1.760978748795436616e-02
1.761775074607350305e-02
1.761106122420592196e-02
1.760825235603116420e-02
1.760667369543733943e-02
1.761230609773055400e-02
1.761237139020888423e-02
1.760458339813737033e-02
1.762614936088131509e-02
1.759732349237860122e-02
1.760936710971145597e-02
1.760144971195122879e-02
1.760682456834017362e-02
1.759990795494360827e-02
1.760363071789601899e-02
1.760243451775490159e-02
1.760024291364203908e-02
1.759740614843070816e-02
1.760496493950322941e-02
1.759424182434918965e-02
1.759436452482972951e-02
1.759360481178881899e-02
1.759214209271555210e-02
1.758184159912531616e-02
1.758906800264658024e-02
1.759449916152735355e-02
1.758404768445392952e-02
1.758171680699200518e-02
1.757747220783089162e-02
1.758386185469393986e-02
1.758196920134198413e-02
1.757334079802060772e-02
1.758981002155259737e-02
1.757480046332767984e-02
1.758277511990271463e-02
1.758055718647710819e-02
1.758042392569407822e-02
1.757950066074598014e-02
1.757997903131005776e-02
1.756911768329516912e-02
1.757646300131948322e-02
1.756762955241550003e-02
1.757552697411939382e-02
1.756715242878347308e-02
1.756993614180520080e-02
1.756657077165129505e-02
1.756349986542978317e-02
1.755970185052864105e-02
1.756581894364011784e-02
1.756001330850148062e-02
1.756001713879887932e-02
1.755786170088247111e-02
1.756352532962263124e-02
1.755584555954219431e-02
1.756157899327837751e-02
1.754722280135561155e-02
1.756011052318984592e-02
1.756042238739251304e-02
1.756090285842454302e-02
1.755415233607737768e-02
1.756004778885094514e-02
1.755994753459628327e-02
1.755585673960050400e-02
1.755438479984546343e-02
1.755313977327575131e-02
1.756352566238388729e-02
1.755450970480022452e-02
1.755327148327222656e-02
1.755246064461418731e-02
1.754115678153112326e-02
1.754735392946220676e-02
1.755062900775428494e-02
1.754329680861367591e-02
1.754268768311390350e-02
1.753987183675071587e-02
1.753727150511454752e-02
1.753487587294833006e-02
1.754434477364321537e-02
1.753625347509986387e-02
1.753400606959287789e-02
1.753126348402290341e-02
1.752857781322772132e-02
1.751503677201373885e-02
1.753762131108338104e-02
1.751977037892130454e-02
1.752453228303101768e-02
1.752083525767234029e-02
1.751842568444191353e-02
1.750955125806958473e-02
1.752594635730663625e-02
1.751065511589826665e-02
1.751538392810841893e-02
1.750999624674437483e-02
1.750646882427689052e-02
1.751592031211265596e-02
1.750571251273116621e-02
1.750419690132639164e-02
1.750077264967126248e-02
1.749762916108077090e-02
1.749201910608811500e-02
1.750046726143594106e-02
1.749036607471036314e-02
1.748765759573704670e-02
1.748269526328452214e-02
1.747716854745396536e-02
1.747427524462525847e-02
1.747288220439687303e-02
1.748830142524583284e-02
1.746408642525871732e-02
1.747306173126261103e-02
1.746703370608666817e-02
1.747500387283512299e-02
1.746570475022770144e-02
1.746629238844228660e-02
1.745354400296311032e-02
1.746220859388359845e-02
1.745256951971300638e-02
1.746162447436919868e-02
1.745119829528592528e-02
1.745547388350637483e-02
1.744795942233102679e-02
1.744547714394097115e-02
1.744009278244853731e-02
1.744637429866060033e-02
1.743923038593716071e-02
1.743903704367012406e-02
1.744004616451918371e-02
1.744185354251074488e-02
1.743071994202285632e-02
1.743465176327633689e-02
1.743335737398976279e-02
1.743201621681174721e-02
1.743438746694496444e-02
1.743079885702503856e-02
1.742968099560132655e-02
1.742044728245065524e-02
1.742628352599594546e-02
1.742091719055760546e-02
1.742089849832218623e-02
1.741681624678521542e-02
1.741244419716570999e-02
1.741781594634125158e-02
1.741413663026021574e-02
1.742152265682804513e-02
1.741592641053552395e-02
1.741422755031478767e-02
1.741316988431502663e-02
1.741290855145347788e-02
1.741184593717053086e-02
1.740313321302049132e-02
1.740988478630405012e-02
1.740107665422623712e-02
1.740021075859085956e-02
1.740955718267241797e-02
1.740283523300464180e-02
1.740107641224074991e-02
1.739840596659229799e-02
1.739647416067997485e-02
1.739322516894915502e-02
1.739092980660761345e-02
1.740361523994230636e-02
1.739261124467429004e-02
1.740671086645423707e-02
1.739420583072379817e-02
1.739943494186799861e-02
1.739254141651138535e-02
1.739449019724309542e-02
1.738977903245890813e-02
1.739549993024991706e-02
1.739020069810600505e-02
1.739634273453377969e-02
1.738964721478012537e-02
1.738896813627724761e-02
1.738522592664425159e-02
1.738065122103372648e-02
1.737689270329065630e-02
1.738905704675631700e-02
1.737973578014172585e-02
1.738917475303129040e-02
1.737696268686016524e-02
1.737372154592931386e-02
1.736859437943346143e-02
1.736452831501377955e-02
1.737714512811035228e-02
1.736518461587967938e-02
1.738090008871195913e-02
1.737980047185484073e-02
1.736664575202887320e-02
1.737483070095164478e-02
1.736671054658174215e-02
1.737109640040565908e-02
1.736628954658638729e-02
1.736391754666770371e-02
1.736968925488030502e-02
1.736118838124340452e-02
1.736761348887531572e-02
1.737102927856950738e-02
1.737113738265805979e-02
1.736191829484774740e-02
1.737131285620653956e-02
1.737078821538940582e-02
1.736997586643962074e-02
1.737035591644440699e-02
1.737160685621830583e-02
1.737547223143753525e-02
1.737278966053608029e-02
1.737315342870591681e-02
1.736701032692573865e-02
1.737146370502899370e-02
1.736230676602423459e-02
1.737048392154822915e-02
1.736360042219435226e-02
1.736875255943310867e-02
1.736433578356317078e-02
1.736791729990234609e-02
1.736087127798896859e-02
1.736311113597821532e-02
1.736094642524588227e-02
1.736023436263176359e-02
1.735815358608791201e-02
1.735772273938747390e-02
1.735893833708070447e-02
1.735797696617644506e-02
1.734615163162260207e-02
1.735910722765975425e-02
1.735840411037740602e-02
1.734968356924038169e-02
1.735600138298053208e-02
1.735561265638881773e-02
1.735565911624021088e-02
1.734992053277547436e-02
1.734741774398158506e-02
1.735079011624320391e-02
1.734393012130887313e-02
1.734668397698586190e-02
1.734961009981879701e-02
1.734333977330639737e-02
1.734460119480131859e-02
1.734281978494826848e-02
1.733941551324164054e-02
1.733670618915235384e-02
1.733236046230270805e-02
1.735448229109997492e-02
1.733290156233556478e-02
1.735427036284906827e-02
1.734160189220442655e-02
1.734153833112648049e-02
1.733415503934948587e-02
1.733996343068488349e-02
1.732853696229696636e-02
1.734054942074664957e-02
1.733670710267998932e-02
1.733614152474243636e-02
1.733248214967107043e-02
1.734449147324797560e-02
1.733928505914533388e-02
1.733562717829452426e-02
1.733482882594196764e-02
1.733503106080287043e-02
1.733094715318899207e-02
1.733853597466416749e-02
1.733779180586801638e-02
