1.250000000000000000e+01
1.250000000000000000e+01
1.250000000000000000e+01
1.250000000000000000e+01
1.250000000000000000e+01
1.250000000000000000e+01
1.250000000000000000e+01
1.250000000000000000e+01
1.250000000000000000e+01
1.250000000000000000e+01
1.250000000000000000e+01
1.250000000000000000e+01
1.250000000000000000e+01
1.250000000000000000e+01
1.250000000000000000e+01
1.250000000000000000e+01
1.250000000000000000e+01
1.250000000000000000e+01
1.250000000000000000e+01
1.250000000000000000e+01
1.250000000000000000e+01
1.250000000000000000e+01
1.250000000000000000e+01
1.250000000000000000e+01
1.250000000000000000e+01
1.312500000000000000e+01
1.500000000000000000e+01
1.250000000000000000e+01
2.500000000000000000e+01
2.250000000000000000e+01
2.500000000000000000e+01
2.416666666666667140e+01
1.500000000000000000e+01
2.854166666666667140e+01
2.312500000000000000e+01
2.500000000000000000e+01
2.500000000000000000e+01
2.500000000000000000e+01
2.500000000000000000e+01
2.500000000000000000e+01
2.500000000000000000e+01
2.500000000000000000e+01
2.500000000000000000e+01
2.500000000000000000e+01
2.500000000000000000e+01
2.500000000000000000e+01
2.500000000000000000e+01
2.500000000000000000e+01
2.500000000000000000e+01
2.500000000000000000e+01
2.500000000000000000e+01
2.645833333333332860e+01
3.583333333333332860e+01
2.708333333333332860e+01
3.104166666666667140e+01
2.750000000000000000e+01
3.104166666666667140e+01
3.187500000000000000e+01
2.854166666666667140e+01
3.083333333333332860e+01
3.229166666666667140e+01
3.458333333333332860e+01
4.250000000000000000e+01
2.625000000000000000e+01
3.312500000000000000e+01
3.729166666666666430e+01
3.500000000000000000e+01
4.687500000000000000e+01
4.354166666666666430e+01
4.541666666666666430e+01
4.770833333333333570e+01
4.520833333333333570e+01
4.083333333333333570e+01
4.770833333333333570e+01
5.708333333333333570e+01
4.770833333333333570e+01
5.375000000000000000e+01
5.520833333333333570e+01
5.833333333333333570e+01
6.062500000000000000e+01
5.187500000000000000e+01
5.145833333333333570e+01
5.541666666666666430e+01
5.333333333333333570e+01
5.416666666666666430e+01
5.083333333333333570e+01
4.770833333333333570e+01
5.375000000000000000e+01
5.270833333333333570e+01
4.958333333333333570e+01
5.270833333333333570e+01
5.437500000000000000e+01
5.770833333333333570e+01
5.750000000000000000e+01
5.020833333333333570e+01
5.270833333333333570e+01
5.041666666666666430e+01
5.312500000000000000e+01
5.250000000000000000e+01
5.916666666666666430e+01
5.166666666666666430e+01
5.812500000000000000e+01
6.125000000000000000e+01
6.145833333333333570e+01
7.020833333333332860e+01
5.916666666666666430e+01
6.937500000000000000e+01
6.125000000000000000e+01
6.229166666666666430e+01
5.270833333333333570e+01
6.562500000000000000e+01
6.041666666666666430e+01
6.479166666666665719e+01
6.500000000000000000e+01
6.583333333333334281e+01
6.687500000000000000e+01
6.833333333333332860e+01
6.750000000000000000e+01
6.729166666666665719e+01
6.416666666666665719e+01
5.958333333333333570e+01
6.833333333333332860e+01
6.541666666666665719e+01
7.291666666666667140e+01
6.500000000000000000e+01
7.166666666666667140e+01
6.979166666666667140e+01
6.895833333333332860e+01
6.458333333333334281e+01
7.187500000000000000e+01
7.041666666666667140e+01
7.062500000000000000e+01
7.250000000000000000e+01
7.687500000000000000e+01
7.083333333333332860e+01
7.645833333333332860e+01
7.125000000000000000e+01
7.333333333333332860e+01
7.937500000000000000e+01
7.729166666666667140e+01
7.833333333333332860e+01
7.770833333333332860e+01
6.833333333333332860e+01
7.479166666666667140e+01
7.916666666666667140e+01
7.958333333333332860e+01
8.020833333333332860e+01
7.208333333333332860e+01
7.916666666666667140e+01
8.000000000000000000e+01
7.500000000000000000e+01
8.000000000000000000e+01
7.604166666666667140e+01
7.958333333333332860e+01
7.958333333333332860e+01
7.937500000000000000e+01
7.791666666666667140e+01
7.937500000000000000e+01
7.854166666666667140e+01
7.875000000000000000e+01
7.958333333333332860e+01
7.979166666666667140e+01
8.000000000000000000e+01
7.979166666666667140e+01
7.895833333333332860e+01
7.583333333333332860e+01
7.937500000000000000e+01
7.708333333333332860e+01
7.875000000000000000e+01
7.833333333333332860e+01
7.854166666666667140e+01
7.875000000000000000e+01
7.875000000000000000e+01
7.854166666666667140e+01
7.833333333333332860e+01
7.833333333333332860e+01
7.750000000000000000e+01
7.750000000000000000e+01
7.729166666666667140e+01
7.770833333333332860e+01
7.854166666666667140e+01
7.916666666666667140e+01
7.333333333333332860e+01
7.791666666666667140e+01
7.791666666666667140e+01
7.833333333333332860e+01
7.937500000000000000e+01
7.479166666666667140e+01
7.791666666666667140e+01
7.854166666666667140e+01
7.854166666666667140e+01
7.895833333333332860e+01
7.916666666666667140e+01
7.520833333333332860e+01
7.895833333333332860e+01
7.875000000000000000e+01
7.916666666666667140e+01
7.958333333333332860e+01
7.645833333333332860e+01
7.937500000000000000e+01
7.895833333333332860e+01
7.979166666666667140e+01
7.895833333333332860e+01
7.937500000000000000e+01
7.666666666666667140e+01
7.895833333333332860e+01
7.854166666666667140e+01
7.875000000000000000e+01
7.958333333333332860e+01
7.708333333333332860e+01
8.000000000000000000e+01
7.812500000000000000e+01
7.958333333333332860e+01
7.979166666666667140e+01
7.958333333333332860e+01
7.729166666666667140e+01
7.937500000000000000e+01
7.937500000000000000e+01
8.000000000000000000e+01
7.812500000000000000e+01
8.062500000000000000e+01
8.062500000000000000e+01
7.979166666666667140e+01
7.979166666666667140e+01
8.000000000000000000e+01
8.020833333333332860e+01
7.854166666666667140e+01
7.937500000000000000e+01
7.979166666666667140e+01
7.937500000000000000e+01
7.958333333333332860e+01
7.937500000000000000e+01
7.937500000000000000e+01
7.937500000000000000e+01
7.895833333333332860e+01
8.041666666666667140e+01
8.062500000000000000e+01
8.062500000000000000e+01
8.020833333333332860e+01
8.062500000000000000e+01
8.000000000000000000e+01
8.041666666666667140e+01
8.041666666666667140e+01
8.041666666666667140e+01
7.979166666666667140e+01
8.083333333333332860e+01
8.020833333333332860e+01
8.020833333333332860e+01
8.020833333333332860e+01
8.020833333333332860e+01
8.041666666666667140e+01
8.000000000000000000e+01
7.979166666666667140e+01
8.125000000000000000e+01
8.062500000000000000e+01
8.083333333333332860e+01
8.041666666666667140e+01
8.041666666666667140e+01
8.041666666666667140e+01
8.020833333333332860e+01
8.062500000000000000e+01
8.125000000000000000e+01
7.083333333333332860e+01
8.041666666666667140e+01
7.854166666666667140e+01
7.687500000000000000e+01
8.000000000000000000e+01
7.875000000000000000e+01
7.958333333333332860e+01
8.000000000000000000e+01
7.937500000000000000e+01
7.979166666666667140e+01
8.000000000000000000e+01
8.000000000000000000e+01
8.000000000000000000e+01
8.000000000000000000e+01
7.916666666666667140e+01
8.020833333333332860e+01
7.979166666666667140e+01
8.020833333333332860e+01
8.000000000000000000e+01
7.958333333333332860e+01
8.000000000000000000e+01
7.979166666666667140e+01
8.000000000000000000e+01
7.979166666666667140e+01
8.062500000000000000e+01
8.020833333333332860e+01
8.041666666666667140e+01
8.041666666666667140e+01
8.020833333333332860e+01
8.000000000000000000e+01
7.770833333333332860e+01
7.979166666666667140e+01
7.979166666666667140e+01
7.958333333333332860e+01
7.958333333333332860e+01
8.041666666666667140e+01
8.020833333333332860e+01
7.833333333333332860e+01
7.895833333333332860e+01
7.854166666666667140e+01
7.812500000000000000e+01
8.041666666666667140e+01
8.062500000000000000e+01
8.041666666666667140e+01
7.875000000000000000e+01
7.770833333333332860e+01
7.937500000000000000e+01
7.729166666666667140e+01
7.812500000000000000e+01
7.875000000000000000e+01
7.916666666666667140e+01
7.895833333333332860e+01
7.895833333333332860e+01
7.895833333333332860e+01
7.916666666666667140e+01
7.916666666666667140e+01
7.916666666666667140e+01
7.916666666666667140e+01
7.916666666666667140e+01
7.937500000000000000e+01
7.916666666666667140e+01
7.895833333333332860e+01
7.979166666666667140e+01
7.916666666666667140e+01
8.125000000000000000e+01
7.895833333333332860e+01
7.958333333333332860e+01
7.979166666666667140e+01
7.937500000000000000e+01
8.104166666666667140e+01
8.145833333333332860e+01
7.958333333333332860e+01
7.958333333333332860e+01
8.020833333333332860e+01
8.041666666666667140e+01
8.041666666666667140e+01
8.083333333333332860e+01
8.083333333333332860e+01
8.104166666666667140e+01
8.104166666666667140e+01
8.104166666666667140e+01
7.708333333333332860e+01
8.104166666666667140e+01
8.062500000000000000e+01
8.125000000000000000e+01
7.937500000000000000e+01
8.083333333333332860e+01
8.000000000000000000e+01
8.020833333333332860e+01
8.187500000000000000e+01
8.187500000000000000e+01
8.041666666666667140e+01
8.083333333333332860e+01
8.062500000000000000e+01
8.020833333333332860e+01
8.062500000000000000e+01
8.041666666666667140e+01
8.020833333333332860e+01
8.020833333333332860e+01
8.166666666666667140e+01
8.083333333333332860e+01
8.104166666666667140e+01
8.104166666666667140e+01
8.083333333333332860e+01
8.062500000000000000e+01
8.083333333333332860e+01
8.041666666666667140e+01
8.166666666666667140e+01
8.083333333333332860e+01
8.166666666666667140e+01
8.104166666666667140e+01
8.145833333333332860e+01
8.145833333333332860e+01
8.104166666666667140e+01
8.104166666666667140e+01
8.250000000000000000e+01
8.145833333333332860e+01
8.145833333333332860e+01
8.145833333333332860e+01
8.104166666666667140e+01
8.083333333333332860e+01
8.083333333333332860e+01
8.125000000000000000e+01
8.166666666666667140e+01
8.166666666666667140e+01
8.166666666666667140e+01
8.104166666666667140e+01
8.208333333333332860e+01
8.187500000000000000e+01
8.166666666666667140e+01
8.166666666666667140e+01
8.166666666666667140e+01
8.250000000000000000e+01
8.187500000000000000e+01
8.208333333333332860e+01
8.145833333333332860e+01
8.187500000000000000e+01
8.187500000000000000e+01
8.250000000000000000e+01
8.229166666666667140e+01
8.229166666666667140e+01
8.229166666666667140e+01
8.208333333333332860e+01
8.166666666666667140e+01
8.270833333333332860e+01
8.187500000000000000e+01
8.229166666666667140e+01
8.187500000000000000e+01
8.229166666666667140e+01
8.208333333333332860e+01
8.270833333333332860e+01
8.250000000000000000e+01
8.250000000000000000e+01
8.270833333333332860e+01
8.270833333333332860e+01
8.208333333333332860e+01
8.270833333333332860e+01
8.250000000000000000e+01
8.208333333333332860e+01
8.208333333333332860e+01
8.187500000000000000e+01
8.291666666666667140e+01
8.208333333333332860e+01
8.187500000000000000e+01
8.187500000000000000e+01
8.187500000000000000e+01
8.187500000000000000e+01
8.187500000000000000e+01
8.270833333333332860e+01
8.229166666666667140e+01
8.229166666666667140e+01
8.250000000000000000e+01
8.187500000000000000e+01
8.312500000000000000e+01
8.187500000000000000e+01
8.291666666666667140e+01
8.229166666666667140e+01
8.291666666666667140e+01
8.229166666666667140e+01
8.354166666666667140e+01
8.291666666666667140e+01
8.270833333333332860e+01
8.270833333333332860e+01
8.250000000000000000e+01
8.354166666666667140e+01
8.270833333333332860e+01
8.291666666666667140e+01
8.250000000000000000e+01
8.395833333333332860e+01
8.250000000000000000e+01
8.291666666666667140e+01
8.270833333333332860e+01
8.312500000000000000e+01
8.291666666666667140e+01
8.270833333333332860e+01
8.270833333333332860e+01
8.250000000000000000e+01
8.270833333333332860e+01
8.375000000000000000e+01
8.312500000000000000e+01
8.229166666666667140e+01
8.270833333333332860e+01
8.250000000000000000e+01
8.395833333333332860e+01
8.291666666666667140e+01
8.291666666666667140e+01
8.291666666666667140e+01
8.291666666666667140e+01
8.375000000000000000e+01
8.291666666666667140e+01
8.291666666666667140e+01
8.291666666666667140e+01
8.291666666666667140e+01
8.354166666666667140e+01
8.291666666666667140e+01
8.312500000000000000e+01
8.250000000000000000e+01
8.395833333333332860e+01
8.291666666666667140e+01
8.291666666666667140e+01
8.291666666666667140e+01
8.291666666666667140e+01
8.291666666666667140e+01
8.291666666666667140e+01
8.270833333333332860e+01
8.270833333333332860e+01
8.270833333333332860e+01
8.416666666666667140e+01
8.312500000000000000e+01
8.312500000000000000e+01
8.312500000000000000e+01
8.458333333333332860e+01
8.354166666666667140e+01
8.333333333333332860e+01
8.291666666666667140e+01
8.395833333333332860e+01
8.291666666666667140e+01
8.312500000000000000e+01
8.333333333333332860e+01
8.291666666666667140e+01
8.312500000000000000e+01
8.416666666666667140e+01
8.354166666666667140e+01
8.354166666666667140e+01
8.395833333333332860e+01
8.395833333333332860e+01
8.416666666666667140e+01
8.375000000000000000e+01
8.375000000000000000e+01
8.416666666666667140e+01
8.333333333333332860e+01
8.375000000000000000e+01
8.354166666666667140e+01
8.354166666666667140e+01
8.291666666666667140e+01
8.520833333333332860e+01
8.354166666666667140e+01
8.416666666666667140e+01
8.437500000000000000e+01
8.375000000000000000e+01
8.416666666666667140e+01
8.416666666666667140e+01
8.416666666666667140e+01
8.416666666666667140e+01
8.416666666666667140e+01
8.333333333333332860e+01
8.375000000000000000e+01
8.375000000000000000e+01
8.604166666666667140e+01
8.416666666666667140e+01
8.479166666666667140e+01
8.479166666666667140e+01
8.416666666666667140e+01
8.437500000000000000e+01
8.479166666666667140e+01
8.437500000000000000e+01
8.437500000000000000e+01
8.416666666666667140e+01
8.458333333333332860e+01
8.437500000000000000e+01
8.520833333333332860e+01
8.416666666666667140e+01
8.437500000000000000e+01
8.416666666666667140e+01
8.416666666666667140e+01
8.395833333333332860e+01
8.458333333333332860e+01
8.416666666666667140e+01
8.437500000000000000e+01
8.458333333333332860e+01
8.437500000000000000e+01
8.437500000000000000e+01
8.437500000000000000e+01
8.458333333333332860e+01
8.437500000000000000e+01
8.458333333333332860e+01
8.437500000000000000e+01
8.458333333333332860e+01
8.437500000000000000e+01
8.395833333333332860e+01
8.437500000000000000e+01
8.395833333333332860e+01
8.395833333333332860e+01
8.437500000000000000e+01
8.437500000000000000e+01
8.437500000000000000e+01
8.437500000000000000e+01
8.437500000000000000e+01
8.458333333333332860e+01
8.479166666666667140e+01
8.479166666666667140e+01
8.479166666666667140e+01
8.312500000000000000e+01
8.375000000000000000e+01
8.437500000000000000e+01
8.416666666666667140e+01
8.437500000000000000e+01
8.437500000000000000e+01
8.437500000000000000e+01
8.437500000000000000e+01
8.458333333333332860e+01
8.458333333333332860e+01
8.458333333333332860e+01
8.458333333333332860e+01
8.437500000000000000e+01
8.437500000000000000e+01
8.437500000000000000e+01
8.437500000000000000e+01
8.437500000000000000e+01
8.437500000000000000e+01
8.437500000000000000e+01
8.458333333333332860e+01
8.458333333333332860e+01
8.458333333333332860e+01
8.458333333333332860e+01
8.458333333333332860e+01
8.458333333333332860e+01
8.437500000000000000e+01
8.479166666666667140e+01
8.458333333333332860e+01
8.500000000000000000e+01
8.395833333333332860e+01
8.458333333333332860e+01
8.479166666666667140e+01
8.458333333333332860e+01
8.458333333333332860e+01
8.479166666666667140e+01
8.500000000000000000e+01
8.479166666666667140e+01
8.520833333333332860e+01
8.500000000000000000e+01
8.458333333333332860e+01
8.479166666666667140e+01
8.458333333333332860e+01
8.500000000000000000e+01
8.500000000000000000e+01
8.500000000000000000e+01
8.500000000000000000e+01
8.541666666666667140e+01
8.541666666666667140e+01
8.541666666666667140e+01
8.541666666666667140e+01
8.500000000000000000e+01
8.520833333333332860e+01
8.583333333333332860e+01
8.541666666666667140e+01
8.541666666666667140e+01
8.541666666666667140e+01
8.541666666666667140e+01
8.562500000000000000e+01
8.500000000000000000e+01
8.583333333333332860e+01
8.520833333333332860e+01
8.520833333333332860e+01
8.520833333333332860e+01
8.520833333333332860e+01
8.520833333333332860e+01
8.541666666666667140e+01
8.541666666666667140e+01
8.562500000000000000e+01
8.562500000000000000e+01
8.583333333333332860e+01
8.541666666666667140e+01
8.458333333333332860e+01
8.562500000000000000e+01
8.520833333333332860e+01
8.541666666666667140e+01
8.583333333333332860e+01
8.500000000000000000e+01
8.604166666666667140e+01
8.562500000000000000e+01
8.562500000000000000e+01
8.562500000000000000e+01
8.562500000000000000e+01
8.541666666666667140e+01
8.520833333333332860e+01
8.583333333333332860e+01
8.562500000000000000e+01
8.520833333333332860e+01
8.520833333333332860e+01
8.500000000000000000e+01
8.562500000000000000e+01
8.562500000000000000e+01
8.583333333333332860e+01
8.583333333333332860e+01
8.541666666666667140e+01
8.520833333333332860e+01
8.520833333333332860e+01
8.562500000000000000e+01
8.520833333333332860e+01
8.604166666666667140e+01
8.541666666666667140e+01
8.604166666666667140e+01
8.583333333333332860e+01
8.562500000000000000e+01
8.541666666666667140e+01
8.541666666666667140e+01
8.541666666666667140e+01
8.520833333333332860e+01
8.541666666666667140e+01
8.541666666666667140e+01
8.583333333333332860e+01
8.541666666666667140e+01
8.604166666666667140e+01
8.583333333333332860e+01
8.625000000000000000e+01
8.645833333333332860e+01
8.645833333333332860e+01
8.645833333333332860e+01
8.645833333333332860e+01
8.625000000000000000e+01
8.625000000000000000e+01
8.541666666666667140e+01
8.541666666666667140e+01
8.604166666666667140e+01
8.541666666666667140e+01
8.604166666666667140e+01
8.604166666666667140e+01
8.541666666666667140e+01
8.583333333333332860e+01
8.541666666666667140e+01
8.562500000000000000e+01
8.562500000000000000e+01
8.583333333333332860e+01
8.583333333333332860e+01
8.562500000000000000e+01
8.562500000000000000e+01
8.604166666666667140e+01
8.541666666666667140e+01
8.625000000000000000e+01
8.625000000000000000e+01
8.583333333333332860e+01
8.604166666666667140e+01
8.562500000000000000e+01
8.604166666666667140e+01
8.583333333333332860e+01
8.583333333333332860e+01
8.604166666666667140e+01
8.562500000000000000e+01
8.562500000000000000e+01
8.583333333333332860e+01
8.645833333333332860e+01
8.562500000000000000e+01
8.562500000000000000e+01
8.583333333333332860e+01
8.583333333333332860e+01
8.583333333333332860e+01
8.604166666666667140e+01
8.562500000000000000e+01
8.604166666666667140e+01
8.604166666666667140e+01
8.562500000000000000e+01
8.604166666666667140e+01
8.562500000000000000e+01
8.604166666666667140e+01
8.583333333333332860e+01
8.604166666666667140e+01
8.583333333333332860e+01
8.645833333333332860e+01
8.604166666666667140e+01
8.604166666666667140e+01
8.604166666666667140e+01
8.604166666666667140e+01
8.625000000000000000e+01
8.604166666666667140e+01
8.604166666666667140e+01
8.604166666666667140e+01
8.604166666666667140e+01
8.583333333333332860e+01
8.687500000000000000e+01
8.625000000000000000e+01
8.604166666666667140e+01
8.604166666666667140e+01
8.604166666666667140e+01
8.604166666666667140e+01
8.625000000000000000e+01
8.583333333333332860e+01
8.625000000000000000e+01
8.604166666666667140e+01
8.583333333333332860e+01
8.645833333333332860e+01
8.604166666666667140e+01
8.625000000000000000e+01
8.625000000000000000e+01
8.625000000000000000e+01
8.666666666666667140e+01
8.666666666666667140e+01
8.645833333333332860e+01
8.666666666666667140e+01
8.666666666666667140e+01
8.666666666666667140e+01
8.645833333333332860e+01
8.645833333333332860e+01
8.625000000000000000e+01
8.625000000000000000e+01
8.625000000000000000e+01
8.625000000000000000e+01
8.625000000000000000e+01
8.645833333333332860e+01
8.604166666666667140e+01
8.645833333333332860e+01
8.666666666666667140e+01
8.666666666666667140e+01
8.666666666666667140e+01
8.666666666666667140e+01
8.645833333333332860e+01
8.645833333333332860e+01
8.625000000000000000e+01
8.625000000000000000e+01
8.645833333333332860e+01
8.645833333333332860e+01
8.645833333333332860e+01
8.666666666666667140e+01
8.666666666666667140e+01
8.666666666666667140e+01
8.666666666666667140e+01
8.666666666666667140e+01
8.666666666666667140e+01
8.666666666666667140e+01
8.666666666666667140e+01
8.604166666666667140e+01
8.666666666666667140e+01
8.604166666666667140e+01
8.687500000000000000e+01
8.666666666666667140e+01
8.666666666666667140e+01
8.687500000000000000e+01
8.666666666666667140e+01
8.666666666666667140e+01
8.666666666666667140e+01
8.666666666666667140e+01
8.645833333333332860e+01
8.645833333333332860e+01
8.645833333333332860e+01
8.645833333333332860e+01
8.645833333333332860e+01
8.645833333333332860e+01
8.645833333333332860e+01
8.687500000000000000e+01
8.666666666666667140e+01
8.645833333333332860e+01
8.687500000000000000e+01
8.666666666666667140e+01
8.666666666666667140e+01
8.687500000000000000e+01
8.645833333333332860e+01
8.645833333333332860e+01
8.645833333333332860e+01
8.645833333333332860e+01
8.666666666666667140e+01
8.625000000000000000e+01
8.625000000000000000e+01
8.645833333333332860e+01
8.645833333333332860e+01
8.666666666666667140e+01
8.666666666666667140e+01
8.645833333333332860e+01
8.666666666666667140e+01
8.666666666666667140e+01
8.666666666666667140e+01
8.666666666666667140e+01
8.645833333333332860e+01
8.645833333333332860e+01
8.645833333333332860e+01
8.750000000000000000e+01
8.729166666666667140e+01
8.708333333333332860e+01
8.729166666666667140e+01
8.729166666666667140e+01
8.729166666666667140e+01
8.645833333333332860e+01
8.666666666666667140e+01
8.666666666666667140e+01
8.687500000000000000e+01
8.666666666666667140e+01
8.666666666666667140e+01
8.666666666666667140e+01
8.666666666666667140e+01
8.666666666666667140e+01
8.666666666666667140e+01
8.666666666666667140e+01
8.666666666666667140e+01
8.666666666666667140e+01
8.666666666666667140e+01
8.666666666666667140e+01
8.645833333333332860e+01
8.666666666666667140e+01
8.666666666666667140e+01
8.666666666666667140e+01
8.687500000000000000e+01
8.666666666666667140e+01
8.666666666666667140e+01
8.645833333333332860e+01
8.666666666666667140e+01
8.687500000000000000e+01
8.666666666666667140e+01
8.645833333333332860e+01
8.666666666666667140e+01
8.666666666666667140e+01
8.687500000000000000e+01
8.645833333333332860e+01
8.666666666666667140e+01
8.666666666666667140e+01
8.666666666666667140e+01
8.687500000000000000e+01
8.687500000000000000e+01
8.687500000000000000e+01
8.687500000000000000e+01
8.687500000000000000e+01
8.666666666666667140e+01
8.687500000000000000e+01
8.666666666666667140e+01
8.687500000000000000e+01
8.708333333333332860e+01
8.645833333333332860e+01
8.687500000000000000e+01
8.687500000000000000e+01
8.666666666666667140e+01
8.687500000000000000e+01
8.687500000000000000e+01
8.687500000000000000e+01
8.687500000000000000e+01
8.687500000000000000e+01
8.687500000000000000e+01
8.708333333333332860e+01
8.687500000000000000e+01
8.708333333333332860e+01
8.708333333333332860e+01
8.708333333333332860e+01
8.687500000000000000e+01
8.791666666666667140e+01
8.687500000000000000e+01
8.687500000000000000e+01
8.708333333333332860e+01
8.708333333333332860e+01
8.729166666666667140e+01
8.729166666666667140e+01
8.687500000000000000e+01
8.708333333333332860e+01
8.708333333333332860e+01
8.708333333333332860e+01
8.708333333333332860e+01
8.708333333333332860e+01
8.708333333333332860e+01
8.708333333333332860e+01
8.708333333333332860e+01
8.708333333333332860e+01
8.708333333333332860e+01
8.687500000000000000e+01
8.750000000000000000e+01
8.708333333333332860e+01
8.708333333333332860e+01
8.729166666666667140e+01
8.708333333333332860e+01
8.729166666666667140e+01
8.729166666666667140e+01
8.729166666666667140e+01
8.729166666666667140e+01
8.729166666666667140e+01
8.729166666666667140e+01
8.729166666666667140e+01
8.708333333333332860e+01
8.708333333333332860e+01
8.708333333333332860e+01
8.729166666666667140e+01
8.729166666666667140e+01
8.729166666666667140e+01
8.729166666666667140e+01
8.729166666666667140e+01
8.729166666666667140e+01
8.729166666666667140e+01
8.729166666666667140e+01
8.729166666666667140e+01
8.729166666666667140e+01
8.750000000000000000e+01
8.708333333333332860e+01
8.708333333333332860e+01
8.708333333333332860e+01
8.687500000000000000e+01
8.708333333333332860e+01
8.708333333333332860e+01
8.708333333333332860e+01
8.708333333333332860e+01
8.708333333333332860e+01
8.708333333333332860e+01
8.708333333333332860e+01
8.708333333333332860e+01
8.729166666666667140e+01
8.708333333333332860e+01
8.729166666666667140e+01
8.708333333333332860e+01
8.687500000000000000e+01
8.708333333333332860e+01
8.687500000000000000e+01
8.708333333333332860e+01
8.708333333333332860e+01
8.708333333333332860e+01
8.708333333333332860e+01
8.708333333333332860e+01
8.770833333333332860e+01
8.708333333333332860e+01
8.750000000000000000e+01
8.729166666666667140e+01
8.687500000000000000e+01
8.729166666666667140e+01
8.729166666666667140e+01
8.708333333333332860e+01
8.708333333333332860e+01
8.708333333333332860e+01
8.708333333333332860e+01
8.687500000000000000e+01
8.687500000000000000e+01
8.708333333333332860e+01
8.687500000000000000e+01
8.687500000000000000e+01
8.687500000000000000e+01
8.708333333333332860e+01
8.708333333333332860e+01
8.708333333333332860e+01
8.708333333333332860e+01
8.729166666666667140e+01
8.687500000000000000e+01
8.708333333333332860e+01
8.729166666666667140e+01
8.708333333333332860e+01
8.708333333333332860e+01
8.708333333333332860e+01
8.729166666666667140e+01
8.729166666666667140e+01
8.729166666666667140e+01
8.729166666666667140e+01
8.729166666666667140e+01
8.750000000000000000e+01
8.729166666666667140e+01
8.729166666666667140e+01
8.729166666666667140e+01
8.729166666666667140e+01
8.729166666666667140e+01
8.729166666666667140e+01
8.729166666666667140e+01
8.729166666666667140e+01
8.708333333333332860e+01
8.729166666666667140e+01
8.708333333333332860e+01
8.729166666666667140e+01
8.729166666666667140e+01
8.729166666666667140e+01
8.729166666666667140e+01
8.708333333333332860e+01
8.708333333333332860e+01
8.708333333333332860e+01
8.708333333333332860e+01
8.729166666666667140e+01
8.729166666666667140e+01
8.708333333333332860e+01
8.729166666666667140e+01
8.708333333333332860e+01
8.708333333333332860e+01
8.708333333333332860e+01
8.729166666666667140e+01
8.729166666666667140e+01
8.750000000000000000e+01
8.750000000000000000e+01
8.750000000000000000e+01
8.750000000000000000e+01
8.770833333333332860e+01
8.750000000000000000e+01
8.770833333333332860e+01
8.770833333333332860e+01
8.750000000000000000e+01
8.750000000000000000e+01
8.750000000000000000e+01
8.750000000000000000e+01
8.729166666666667140e+01
8.729166666666667140e+01
8.729166666666667140e+01
8.708333333333332860e+01
8.708333333333332860e+01
8.750000000000000000e+01
8.750000000000000000e+01
8.729166666666667140e+01
8.750000000000000000e+01
8.729166666666667140e+01
8.750000000000000000e+01
8.708333333333332860e+01
8.708333333333332860e+01
8.708333333333332860e+01
8.708333333333332860e+01
8.708333333333332860e+01
8.708333333333332860e+01
8.729166666666667140e+01
8.708333333333332860e+01
8.708333333333332860e+01
8.708333333333332860e+01
8.708333333333332860e+01
8.729166666666667140e+01
8.729166666666667140e+01
8.729166666666667140e+01
8.708333333333332860e+01
8.708333333333332860e+01
8.708333333333332860e+01
8.708333333333332860e+01
8.750000000000000000e+01
8.729166666666667140e+01
8.770833333333332860e+01
8.708333333333332860e+01
8.708333333333332860e+01
8.750000000000000000e+01
8.729166666666667140e+01
8.729166666666667140e+01
8.750000000000000000e+01
8.750000000000000000e+01
8.729166666666667140e+01
8.750000000000000000e+01
8.750000000000000000e+01
8.750000000000000000e+01
8.750000000000000000e+01
8.750000000000000000e+01
8.729166666666667140e+01
8.770833333333332860e+01
8.708333333333332860e+01
8.750000000000000000e+01
8.708333333333332860e+01
8.708333333333332860e+01
8.729166666666667140e+01
8.729166666666667140e+01
8.750000000000000000e+01
8.750000000000000000e+01
8.729166666666667140e+01
8.729166666666667140e+01
8.729166666666667140e+01
8.729166666666667140e+01
8.750000000000000000e+01
8.750000000000000000e+01
8.708333333333332860e+01
8.729166666666667140e+01
8.729166666666667140e+01
8.729166666666667140e+01
8.729166666666667140e+01
8.729166666666667140e+01
8.750000000000000000e+01
8.708333333333332860e+01
8.729166666666667140e+01
8.729166666666667140e+01
8.750000000000000000e+01
8.729166666666667140e+01
8.729166666666667140e+01
8.729166666666667140e+01
8.750000000000000000e+01
8.770833333333332860e+01
8.729166666666667140e+01
8.729166666666667140e+01
8.770833333333332860e+01
8.750000000000000000e+01
8.770833333333332860e+01
8.770833333333332860e+01
8.750000000000000000e+01
8.750000000000000000e+01
8.770833333333332860e+01
8.750000000000000000e+01
8.750000000000000000e+01
8.770833333333332860e+01
8.770833333333332860e+01
8.770833333333332860e+01
8.750000000000000000e+01
8.750000000000000000e+01
8.770833333333332860e+01
8.770833333333332860e+01
8.770833333333332860e+01
8.770833333333332860e+01
8.770833333333332860e+01
8.750000000000000000e+01
8.770833333333332860e+01
8.729166666666667140e+01
8.729166666666667140e+01
8.750000000000000000e+01
8.750000000000000000e+01
8.750000000000000000e+01
8.729166666666667140e+01
8.729166666666667140e+01
8.729166666666667140e+01
8.770833333333332860e+01
8.750000000000000000e+01
8.729166666666667140e+01
8.770833333333332860e+01
8.791666666666667140e+01
8.750000000000000000e+01
8.729166666666667140e+01
8.750000000000000000e+01
8.750000000000000000e+01
8.750000000000000000e+01
8.750000000000000000e+01
8.750000000000000000e+01
8.750000000000000000e+01
8.729166666666667140e+01
8.750000000000000000e+01
8.750000000000000000e+01
8.729166666666667140e+01
8.729166666666667140e+01
8.750000000000000000e+01
8.750000000000000000e+01
8.750000000000000000e+01
8.750000000000000000e+01
8.729166666666667140e+01
8.729166666666667140e+01
8.750000000000000000e+01
8.750000000000000000e+01
8.729166666666667140e+01
8.750000000000000000e+01
8.750000000000000000e+01
8.750000000000000000e+01
8.750000000000000000e+01
8.750000000000000000e+01
8.750000000000000000e+01
8.750000000000000000e+01
8.750000000000000000e+01
8.750000000000000000e+01
8.729166666666667140e+01
8.750000000000000000e+01
8.729166666666667140e+01
8.750000000000000000e+01
8.729166666666667140e+01
8.750000000000000000e+01
8.729166666666667140e+01
8.750000000000000000e+01
8.750000000000000000e+01
8.750000000000000000e+01
8.729166666666667140e+01
8.729166666666667140e+01
8.750000000000000000e+01
8.750000000000000000e+01
8.750000000000000000e+01
8.729166666666667140e+01
8.729166666666667140e+01
8.729166666666667140e+01
8.729166666666667140e+01
8.750000000000000000e+01
8.750000000000000000e+01
8.729166666666667140e+01
8.750000000000000000e+01
8.750000000000000000e+01
8.750000000000000000e+01
8.750000000000000000e+01
8.750000000000000000e+01
8.750000000000000000e+01
8.750000000000000000e+01
8.750000000000000000e+01
8.750000000000000000e+01
8.750000000000000000e+01
8.729166666666667140e+01
8.750000000000000000e+01
8.750000000000000000e+01
8.750000000000000000e+01
8.729166666666667140e+01
8.750000000000000000e+01
8.750000000000000000e+01
8.750000000000000000e+01
8.750000000000000000e+01
8.750000000000000000e+01
8.750000000000000000e+01
8.750000000000000000e+01
8.750000000000000000e+01
8.729166666666667140e+01
8.750000000000000000e+01
8.750000000000000000e+01
8.750000000000000000e+01
8.750000000000000000e+01
8.750000000000000000e+01
8.750000000000000000e+01
8.750000000000000000e+01
8.750000000000000000e+01
8.750000000000000000e+01
8.750000000000000000e+01
8.750000000000000000e+01
8.750000000000000000e+01
8.750000000000000000e+01
8.729166666666667140e+01
8.750000000000000000e+01
8.750000000000000000e+01
8.750000000000000000e+01
8.750000000000000000e+01
8.750000000000000000e+01
8.750000000000000000e+01
8.750000000000000000e+01
8.750000000000000000e+01
8.750000000000000000e+01
8.750000000000000000e+01
8.750000000000000000e+01
8.750000000000000000e+01
8.750000000000000000e+01
8.750000000000000000e+01
8.750000000000000000e+01
8.750000000000000000e+01
8.750000000000000000e+01
8.729166666666667140e+01
8.729166666666667140e+01
8.750000000000000000e+01
8.750000000000000000e+01
8.750000000000000000e+01
8.750000000000000000e+01
8.750000000000000000e+01
8.729166666666667140e+01
8.750000000000000000e+01
8.750000000000000000e+01
8.750000000000000000e+01
8.750000000000000000e+01
8.750000000000000000e+01
8.750000000000000000e+01
8.750000000000000000e+01
8.750000000000000000e+01
8.750000000000000000e+01
8.750000000000000000e+01
8.750000000000000000e+01
8.750000000000000000e+01
8.770833333333332860e+01
8.770833333333332860e+01
8.770833333333332860e+01
8.770833333333332860e+01
8.770833333333332860e+01
8.770833333333332860e+01
8.750000000000000000e+01
8.750000000000000000e+01
8.750000000000000000e+01
8.750000000000000000e+01
8.750000000000000000e+01
8.750000000000000000e+01
8.750000000000000000e+01
8.750000000000000000e+01
8.750000000000000000e+01
8.750000000000000000e+01
8.750000000000000000e+01
8.750000000000000000e+01
8.750000000000000000e+01
8.750000000000000000e+01
8.750000000000000000e+01
8.750000000000000000e+01
8.750000000000000000e+01
8.750000000000000000e+01
8.750000000000000000e+01
8.750000000000000000e+01
8.750000000000000000e+01
8.750000000000000000e+01
8.750000000000000000e+01
8.770833333333332860e+01
8.791666666666667140e+01
8.791666666666667140e+01
8.791666666666667140e+01
8.791666666666667140e+01
8.791666666666667140e+01
8.791666666666667140e+01
8.791666666666667140e+01
8.791666666666667140e+01
8.791666666666667140e+01
8.750000000000000000e+01
8.750000000000000000e+01
8.750000000000000000e+01
8.750000000000000000e+01
8.750000000000000000e+01
8.750000000000000000e+01
8.770833333333332860e+01
8.770833333333332860e+01
8.770833333333332860e+01
8.770833333333332860e+01
8.750000000000000000e+01
8.770833333333332860e+01
8.750000000000000000e+01
8.750000000000000000e+01
8.750000000000000000e+01
8.750000000000000000e+01
8.750000000000000000e+01
8.750000000000000000e+01
8.750000000000000000e+01
8.750000000000000000e+01
8.750000000000000000e+01
8.750000000000000000e+01
8.750000000000000000e+01
8.750000000000000000e+01
8.750000000000000000e+01
8.750000000000000000e+01
8.750000000000000000e+01
8.750000000000000000e+01
8.750000000000000000e+01
8.750000000000000000e+01
8.750000000000000000e+01
8.750000000000000000e+01
8.750000000000000000e+01
8.750000000000000000e+01
8.750000000000000000e+01
8.750000000000000000e+01
8.750000000000000000e+01
8.979166666666667140e+01
8.750000000000000000e+01
8.750000000000000000e+01
8.750000000000000000e+01
8.750000000000000000e+01
8.750000000000000000e+01
8.812500000000000000e+01
8.750000000000000000e+01
8.750000000000000000e+01
8.770833333333332860e+01
8.770833333333332860e+01
8.750000000000000000e+01
8.750000000000000000e+01
8.750000000000000000e+01
8.750000000000000000e+01
8.750000000000000000e+01
8.750000000000000000e+01
8.750000000000000000e+01
8.750000000000000000e+01
8.750000000000000000e+01
8.750000000000000000e+01
8.750000000000000000e+01
8.750000000000000000e+01
8.750000000000000000e+01
8.750000000000000000e+01
8.750000000000000000e+01
8.750000000000000000e+01
8.750000000000000000e+01
8.750000000000000000e+01
8.750000000000000000e+01
8.750000000000000000e+01
8.750000000000000000e+01
8.750000000000000000e+01
8.750000000000000000e+01
8.750000000000000000e+01
8.750000000000000000e+01
8.750000000000000000e+01
8.750000000000000000e+01
8.750000000000000000e+01
8.750000000000000000e+01
8.750000000000000000e+01
8.750000000000000000e+01
8.750000000000000000e+01
8.750000000000000000e+01
8.750000000000000000e+01
8.750000000000000000e+01
8.750000000000000000e+01
8.750000000000000000e+01
8.750000000000000000e+01
8.750000000000000000e+01
8.750000000000000000e+01
8.750000000000000000e+01
8.750000000000000000e+01
8.750000000000000000e+01
8.750000000000000000e+01
8.750000000000000000e+01
8.750000000000000000e+01
8.750000000000000000e+01
8.750000000000000000e+01
8.750000000000000000e+01
8.750000000000000000e+01
8.750000000000000000e+01
8.750000000000000000e+01
8.750000000000000000e+01
8.750000000000000000e+01
8.750000000000000000e+01
8.750000000000000000e+01
8.750000000000000000e+01
8.750000000000000000e+01
8.750000000000000000e+01
8.750000000000000000e+01
8.750000000000000000e+01
8.750000000000000000e+01
8.750000000000000000e+01
8.750000000000000000e+01
8.750000000000000000e+01
8.750000000000000000e+01
8.750000000000000000e+01
8.750000000000000000e+01
8.750000000000000000e+01
8.750000000000000000e+01
8.750000000000000000e+01
8.750000000000000000e+01
8.750000000000000000e+01
8.750000000000000000e+01
8.750000000000000000e+01
8.750000000000000000e+01
8.750000000000000000e+01
8.750000000000000000e+01
8.750000000000000000e+01
8.750000000000000000e+01
8.750000000000000000e+01
8.750000000000000000e+01
8.750000000000000000e+01
8.750000000000000000e+01
8.750000000000000000e+01
8.750000000000000000e+01
8.750000000000000000e+01
8.750000000000000000e+01
8.750000000000000000e+01
8.750000000000000000e+01
8.750000000000000000e+01
8.750000000000000000e+01
8.750000000000000000e+01
8.750000000000000000e+01
8.750000000000000000e+01
8.750000000000000000e+01
8.750000000000000000e+01
8.750000000000000000e+01
8.750000000000000000e+01
8.750000000000000000e+01
8.770833333333332860e+01
8.770833333333332860e+01
8.750000000000000000e+01
8.750000000000000000e+01
8.770833333333332860e+01
8.770833333333332860e+01
8.770833333333332860e+01
8.770833333333332860e+01
8.770833333333332860e+01
8.770833333333332860e+01
8.770833333333332860e+01
8.770833333333332860e+01
8.770833333333332860e+01
8.770833333333332860e+01
8.770833333333332860e+01
8.770833333333332860e+01
8.770833333333332860e+01
8.750000000000000000e+01
8.770833333333332860e+01
8.750000000000000000e+01
8.770833333333332860e+01
8.770833333333332860e+01
8.750000000000000000e+01
8.750000000000000000e+01
8.750000000000000000e+01
8.791666666666667140e+01
8.750000000000000000e+01
8.750000000000000000e+01
8.750000000000000000e+01
8.770833333333332860e+01
8.791666666666667140e+01
8.770833333333332860e+01
8.770833333333332860e+01
8.750000000000000000e+01
8.750000000000000000e+01
8.750000000000000000e+01
8.750000000000000000e+01
8.750000000000000000e+01
8.770833333333332860e+01
8.750000000000000000e+01
8.750000000000000000e+01
8.750000000000000000e+01
8.750000000000000000e+01
8.750000000000000000e+01
8.750000000000000000e+01
8.750000000000000000e+01
8.750000000000000000e+01
8.750000000000000000e+01
8.750000000000000000e+01
8.750000000000000000e+01
8.750000000000000000e+01
8.750000000000000000e+01
8.750000000000000000e+01
8.750000000000000000e+01
8.750000000000000000e+01
8.750000000000000000e+01
8.750000000000000000e+01
8.750000000000000000e+01
8.750000000000000000e+01
8.750000000000000000e+01
8.750000000000000000e+01
8.750000000000000000e+01
8.750000000000000000e+01
8.770833333333332860e+01
8.770833333333332860e+01
8.770833333333332860e+01
8.770833333333332860e+01
8.770833333333332860e+01
8.770833333333332860e+01
8.770833333333332860e+01
8.750000000000000000e+01
8.770833333333332860e+01
8.770833333333332860e+01
8.770833333333332860e+01
8.770833333333332860e+01
8.770833333333332860e+01
8.750000000000000000e+01
8.750000000000000000e+01
8.791666666666667140e+01
8.750000000000000000e+01
8.750000000000000000e+01
8.770833333333332860e+01
8.750000000000000000e+01
8.750000000000000000e+01
8.770833333333332860e+01
8.770833333333332860e+01
8.791666666666667140e+01
8.812500000000000000e+01
8.770833333333332860e+01
8.791666666666667140e+01
8.770833333333332860e+01
8.770833333333332860e+01
8.750000000000000000e+01
8.750000000000000000e+01
8.750000000000000000e+01
8.750000000000000000e+01
8.750000000000000000e+01
8.750000000000000000e+01
8.750000000000000000e+01
8.750000000000000000e+01
8.750000000000000000e+01
8.770833333333332860e+01
8.770833333333332860e+01
8.750000000000000000e+01
8.750000000000000000e+01
8.750000000000000000e+01
8.750000000000000000e+01
8.750000000000000000e+01
8.750000000000000000e+01
8.750000000000000000e+01
8.750000000000000000e+01
8.750000000000000000e+01
8.750000000000000000e+01
8.750000000000000000e+01
8.750000000000000000e+01
8.750000000000000000e+01
8.750000000000000000e+01
8.750000000000000000e+01
8.750000000000000000e+01
8.750000000000000000e+01
8.750000000000000000e+01
8.750000000000000000e+01
8.750000000000000000e+01
8.750000000000000000e+01
8.750000000000000000e+01
8.750000000000000000e+01
8.750000000000000000e+01
8.750000000000000000e+01
8.750000000000000000e+01
8.750000000000000000e+01
8.750000000000000000e+01
8.770833333333332860e+01
8.770833333333332860e+01
8.770833333333332860e+01
8.770833333333332860e+01
8.750000000000000000e+01
8.750000000000000000e+01
8.750000000000000000e+01
8.750000000000000000e+01
8.750000000000000000e+01
8.750000000000000000e+01
8.750000000000000000e+01
8.750000000000000000e+01
8.750000000000000000e+01
8.750000000000000000e+01
8.750000000000000000e+01
8.750000000000000000e+01
8.750000000000000000e+01
8.750000000000000000e+01
8.750000000000000000e+01
8.750000000000000000e+01
8.750000000000000000e+01
8.750000000000000000e+01
8.750000000000000000e+01
8.750000000000000000e+01
8.750000000000000000e+01
8.750000000000000000e+01
8.750000000000000000e+01
8.750000000000000000e+01
8.750000000000000000e+01
8.750000000000000000e+01
8.750000000000000000e+01
8.750000000000000000e+01
8.750000000000000000e+01
8.750000000000000000e+01
8.750000000000000000e+01
8.750000000000000000e+01
8.750000000000000000e+01
8.750000000000000000e+01
8.750000000000000000e+01
8.750000000000000000e+01
8.750000000000000000e+01
8.750000000000000000e+01
8.750000000000000000e+01
8.750000000000000000e+01
8.750000000000000000e+01
8.750000000000000000e+01
8.750000000000000000e+01
8.750000000000000000e+01
8.750000000000000000e+01
8.750000000000000000e+01
8.750000000000000000e+01
8.750000000000000000e+01
8.750000000000000000e+01
8.750000000000000000e+01
8.750000000000000000e+01
8.750000000000000000e+01
8.750000000000000000e+01
8.750000000000000000e+01
8.812500000000000000e+01
8.750000000000000000e+01
8.750000000000000000e+01
8.750000000000000000e+01
8.750000000000000000e+01
8.750000000000000000e+01
8.750000000000000000e+01
8.750000000000000000e+01
8.750000000000000000e+01
8.750000000000000000e+01
8.750000000000000000e+01
8.791666666666667140e+01
8.750000000000000000e+01
8.770833333333332860e+01
8.770833333333332860e+01
8.750000000000000000e+01
8.750000000000000000e+01
8.750000000000000000e+01
8.750000000000000000e+01
8.750000000000000000e+01
8.750000000000000000e+01
8.750000000000000000e+01
8.750000000000000000e+01
8.750000000000000000e+01
8.750000000000000000e+01
8.750000000000000000e+01
8.750000000000000000e+01
8.750000000000000000e+01
8.750000000000000000e+01
8.750000000000000000e+01
8.750000000000000000e+01
8.750000000000000000e+01
8.770833333333332860e+01
8.770833333333332860e+01
8.770833333333332860e+01
8.791666666666667140e+01
8.791666666666667140e+01
8.812500000000000000e+01
8.750000000000000000e+01
8.791666666666667140e+01
8.791666666666667140e+01
8.791666666666667140e+01
8.791666666666667140e+01
8.791666666666667140e+01
8.791666666666667140e+01
8.791666666666667140e+01
8.791666666666667140e+01
8.791666666666667140e+01
8.791666666666667140e+01
8.791666666666667140e+01
8.791666666666667140e+01
8.750000000000000000e+01
8.770833333333332860e+01
8.770833333333332860e+01
8.750000000000000000e+01
8.750000000000000000e+01
8.750000000000000000e+01
8.750000000000000000e+01
8.750000000000000000e+01
8.750000000000000000e+01
8.750000000000000000e+01
8.750000000000000000e+01
8.750000000000000000e+01
8.750000000000000000e+01
8.750000000000000000e+01
8.750000000000000000e+01
8.750000000000000000e+01
8.750000000000000000e+01
8.750000000000000000e+01
8.750000000000000000e+01
8.750000000000000000e+01
8.750000000000000000e+01
8.750000000000000000e+01
8.750000000000000000e+01
8.750000000000000000e+01
8.750000000000000000e+01
8.750000000000000000e+01
8.750000000000000000e+01
8.791666666666667140e+01
8.750000000000000000e+01
8.750000000000000000e+01
8.791666666666667140e+01
8.770833333333332860e+01
8.770833333333332860e+01
8.770833333333332860e+01
8.770833333333332860e+01
8.770833333333332860e+01
8.750000000000000000e+01
8.750000000000000000e+01
8.750000000000000000e+01
8.750000000000000000e+01
8.750000000000000000e+01
8.750000000000000000e+01
8.770833333333332860e+01
8.770833333333332860e+01
8.750000000000000000e+01
8.750000000000000000e+01
8.750000000000000000e+01
8.750000000000000000e+01
8.750000000000000000e+01
8.750000000000000000e+01
8.750000000000000000e+01
8.750000000000000000e+01
8.750000000000000000e+01
8.750000000000000000e+01
8.750000000000000000e+01
8.750000000000000000e+01
8.750000000000000000e+01
8.750000000000000000e+01
8.750000000000000000e+01
