1.250000000000000000e+01
1.250000000000000000e+01
1.250000000000000000e+01
1.250000000000000000e+01
1.250000000000000000e+01
1.250000000000000000e+01
1.250000000000000000e+01
1.250000000000000000e+01
1.250000000000000000e+01
1.250000000000000000e+01
1.250000000000000000e+01
1.250000000000000000e+01
1.250000000000000000e+01
1.250000000000000000e+01
1.250000000000000000e+01
1.250000000000000000e+01
1.250000000000000000e+01
1.250000000000000000e+01
1.250000000000000000e+01
1.250000000000000000e+01
1.250000000000000000e+01
1.250000000000000000e+01
1.250000000000000000e+01
1.250000000000000000e+01
1.250000000000000000e+01
1.375000000000000000e+01
1.562500000000000000e+01
1.250000000000000000e+01
2.500000000000000000e+01
2.375000000000000000e+01
2.500000000000000000e+01
2.937500000000000000e+01
1.812500000000000000e+01
2.750000000000000000e+01
2.500000000000000000e+01
2.500000000000000000e+01
2.500000000000000000e+01
2.500000000000000000e+01
2.500000000000000000e+01
2.500000000000000000e+01
2.500000000000000000e+01
2.500000000000000000e+01
2.500000000000000000e+01
2.500000000000000000e+01
2.500000000000000000e+01
2.500000000000000000e+01
2.500000000000000000e+01
2.500000000000000000e+01
2.500000000000000000e+01
2.500000000000000000e+01
2.500000000000000000e+01
2.812500000000000000e+01
3.562500000000000000e+01
2.875000000000000000e+01
3.250000000000000000e+01
2.875000000000000000e+01
3.375000000000000000e+01
3.375000000000000000e+01
2.750000000000000000e+01
3.187500000000000000e+01
3.375000000000000000e+01
3.812500000000000000e+01
4.625000000000000000e+01
2.875000000000000000e+01
3.687500000000000000e+01
4.250000000000000000e+01
4.437500000000000000e+01
5.437500000000000000e+01
4.750000000000000000e+01
4.687500000000000000e+01
4.875000000000000000e+01
4.562500000000000000e+01
4.187500000000000000e+01
4.625000000000000000e+01
5.437500000000000000e+01
4.750000000000000000e+01
5.062500000000000000e+01
5.187500000000000000e+01
5.625000000000000000e+01
5.687500000000000000e+01
5.000000000000000000e+01
4.812500000000000000e+01
5.250000000000000000e+01
4.875000000000000000e+01
5.187500000000000000e+01
4.562500000000000000e+01
4.937500000000000000e+01
5.000000000000000000e+01
5.000000000000000000e+01
5.125000000000000000e+01
5.000000000000000000e+01
5.625000000000000000e+01
5.875000000000000000e+01
5.875000000000000000e+01
5.000000000000000000e+01
5.375000000000000000e+01
5.125000000000000000e+01
5.250000000000000000e+01
5.250000000000000000e+01
5.812500000000000000e+01
5.000000000000000000e+01
5.687500000000000000e+01
5.812500000000000000e+01
5.875000000000000000e+01
6.312500000000000000e+01
5.625000000000000000e+01
6.500000000000000000e+01
5.750000000000000000e+01
6.375000000000000000e+01
5.187500000000000000e+01
6.187500000000000000e+01
5.500000000000000000e+01
6.000000000000000000e+01
6.000000000000000000e+01
6.187500000000000000e+01
6.312500000000000000e+01
6.625000000000000000e+01
6.562500000000000000e+01
6.687500000000000000e+01
6.500000000000000000e+01
5.875000000000000000e+01
6.562500000000000000e+01
6.250000000000000000e+01
6.812500000000000000e+01
6.125000000000000000e+01
6.812500000000000000e+01
6.562500000000000000e+01
6.687500000000000000e+01
6.187500000000000000e+01
6.625000000000000000e+01
6.437500000000000000e+01
6.750000000000000000e+01
7.062500000000000000e+01
7.062500000000000000e+01
6.375000000000000000e+01
7.125000000000000000e+01
6.437500000000000000e+01
6.437500000000000000e+01
7.250000000000000000e+01
7.062500000000000000e+01
7.000000000000000000e+01
7.187500000000000000e+01
6.500000000000000000e+01
6.625000000000000000e+01
7.375000000000000000e+01
7.312500000000000000e+01
7.250000000000000000e+01
6.562500000000000000e+01
7.000000000000000000e+01
7.062500000000000000e+01
7.250000000000000000e+01
6.937500000000000000e+01
7.000000000000000000e+01
7.312500000000000000e+01
7.375000000000000000e+01
6.875000000000000000e+01
7.250000000000000000e+01
7.250000000000000000e+01
7.562500000000000000e+01
7.312500000000000000e+01
7.187500000000000000e+01
7.125000000000000000e+01
7.187500000000000000e+01
7.125000000000000000e+01
7.000000000000000000e+01
6.875000000000000000e+01
6.625000000000000000e+01
6.625000000000000000e+01
6.812500000000000000e+01
6.750000000000000000e+01
6.812500000000000000e+01
6.875000000000000000e+01
6.937500000000000000e+01
6.937500000000000000e+01
6.937500000000000000e+01
6.937500000000000000e+01
7.000000000000000000e+01
6.500000000000000000e+01
6.812500000000000000e+01
6.625000000000000000e+01
6.687500000000000000e+01
6.875000000000000000e+01
6.687500000000000000e+01
6.750000000000000000e+01
6.750000000000000000e+01
6.812500000000000000e+01
6.812500000000000000e+01
6.750000000000000000e+01
6.687500000000000000e+01
6.687500000000000000e+01
6.750000000000000000e+01
6.750000000000000000e+01
6.687500000000000000e+01
6.750000000000000000e+01
6.687500000000000000e+01
6.750000000000000000e+01
6.750000000000000000e+01
6.750000000000000000e+01
6.812500000000000000e+01
6.812500000000000000e+01
6.687500000000000000e+01
6.687500000000000000e+01
6.687500000000000000e+01
6.750000000000000000e+01
6.562500000000000000e+01
6.687500000000000000e+01
6.625000000000000000e+01
6.687500000000000000e+01
6.687500000000000000e+01
6.500000000000000000e+01
6.750000000000000000e+01
6.687500000000000000e+01
6.687500000000000000e+01
6.562500000000000000e+01
6.562500000000000000e+01
6.562500000000000000e+01
6.562500000000000000e+01
6.562500000000000000e+01
6.562500000000000000e+01
6.500000000000000000e+01
6.562500000000000000e+01
6.562500000000000000e+01
6.500000000000000000e+01
6.500000000000000000e+01
6.562500000000000000e+01
6.500000000000000000e+01
6.562500000000000000e+01
6.375000000000000000e+01
6.562500000000000000e+01
6.562500000000000000e+01
6.500000000000000000e+01
6.437500000000000000e+01
6.500000000000000000e+01
6.500000000000000000e+01
6.562500000000000000e+01
6.500000000000000000e+01
6.500000000000000000e+01
6.500000000000000000e+01
6.375000000000000000e+01
6.500000000000000000e+01
6.437500000000000000e+01
6.500000000000000000e+01
6.500000000000000000e+01
6.562500000000000000e+01
6.562500000000000000e+01
6.562500000000000000e+01
6.500000000000000000e+01
6.500000000000000000e+01
6.375000000000000000e+01
6.375000000000000000e+01
6.375000000000000000e+01
6.375000000000000000e+01
6.250000000000000000e+01
6.562500000000000000e+01
6.437500000000000000e+01
6.437500000000000000e+01
6.500000000000000000e+01
6.500000000000000000e+01
6.500000000000000000e+01
6.500000000000000000e+01
6.312500000000000000e+01
6.437500000000000000e+01
6.250000000000000000e+01
6.375000000000000000e+01
6.375000000000000000e+01
6.375000000000000000e+01
6.250000000000000000e+01
6.375000000000000000e+01
6.375000000000000000e+01
6.375000000000000000e+01
6.375000000000000000e+01
6.375000000000000000e+01
6.375000000000000000e+01
6.375000000000000000e+01
6.375000000000000000e+01
6.375000000000000000e+01
6.500000000000000000e+01
6.312500000000000000e+01
6.437500000000000000e+01
6.375000000000000000e+01
6.437500000000000000e+01
6.437500000000000000e+01
6.312500000000000000e+01
6.500000000000000000e+01
6.375000000000000000e+01
6.437500000000000000e+01
6.375000000000000000e+01
6.312500000000000000e+01
6.250000000000000000e+01
6.250000000000000000e+01
6.375000000000000000e+01
6.375000000000000000e+01
6.375000000000000000e+01
6.375000000000000000e+01
6.312500000000000000e+01
6.375000000000000000e+01
6.375000000000000000e+01
6.375000000000000000e+01
6.312500000000000000e+01
6.375000000000000000e+01
6.375000000000000000e+01
6.437500000000000000e+01
6.437500000000000000e+01
6.250000000000000000e+01
6.312500000000000000e+01
6.250000000000000000e+01
6.437500000000000000e+01
6.250000000000000000e+01
6.125000000000000000e+01
6.312500000000000000e+01
6.312500000000000000e+01
6.375000000000000000e+01
6.375000000000000000e+01
6.312500000000000000e+01
6.312500000000000000e+01
6.312500000000000000e+01
6.375000000000000000e+01
6.375000000000000000e+01
6.375000000000000000e+01
6.437500000000000000e+01
6.437500000000000000e+01
6.437500000000000000e+01
6.437500000000000000e+01
6.500000000000000000e+01
6.500000000000000000e+01
6.437500000000000000e+01
6.312500000000000000e+01
6.437500000000000000e+01
6.500000000000000000e+01
6.500000000000000000e+01
6.312500000000000000e+01
6.312500000000000000e+01
6.187500000000000000e+01
6.500000000000000000e+01
6.562500000000000000e+01
6.500000000000000000e+01
6.500000000000000000e+01
6.500000000000000000e+01
6.375000000000000000e+01
6.500000000000000000e+01
6.437500000000000000e+01
6.375000000000000000e+01
6.250000000000000000e+01
6.687500000000000000e+01
6.375000000000000000e+01
6.437500000000000000e+01
6.375000000000000000e+01
6.750000000000000000e+01
6.375000000000000000e+01
6.500000000000000000e+01
6.500000000000000000e+01
6.375000000000000000e+01
6.375000000000000000e+01
6.562500000000000000e+01
6.562500000000000000e+01
6.562500000000000000e+01
6.562500000000000000e+01
6.687500000000000000e+01
6.500000000000000000e+01
6.750000000000000000e+01
6.750000000000000000e+01
6.562500000000000000e+01
6.687500000000000000e+01
6.687500000000000000e+01
6.687500000000000000e+01
6.687500000000000000e+01
6.750000000000000000e+01
6.687500000000000000e+01
6.750000000000000000e+01
6.750000000000000000e+01
6.750000000000000000e+01
6.562500000000000000e+01
6.562500000000000000e+01
6.625000000000000000e+01
6.687500000000000000e+01
6.687500000000000000e+01
6.687500000000000000e+01
6.500000000000000000e+01
6.625000000000000000e+01
6.625000000000000000e+01
6.687500000000000000e+01
6.687500000000000000e+01
6.687500000000000000e+01
6.750000000000000000e+01
6.750000000000000000e+01
6.750000000000000000e+01
6.625000000000000000e+01
6.750000000000000000e+01
6.750000000000000000e+01
6.625000000000000000e+01
6.625000000000000000e+01
6.687500000000000000e+01
6.750000000000000000e+01
6.750000000000000000e+01
6.812500000000000000e+01
6.812500000000000000e+01
6.687500000000000000e+01
6.812500000000000000e+01
6.750000000000000000e+01
6.750000000000000000e+01
6.812500000000000000e+01
6.750000000000000000e+01
6.750000000000000000e+01
6.812500000000000000e+01
6.812500000000000000e+01
6.812500000000000000e+01
6.812500000000000000e+01
6.875000000000000000e+01
6.750000000000000000e+01
6.812500000000000000e+01
6.812500000000000000e+01
6.812500000000000000e+01
6.812500000000000000e+01
6.812500000000000000e+01
6.812500000000000000e+01
6.812500000000000000e+01
6.812500000000000000e+01
6.812500000000000000e+01
6.875000000000000000e+01
6.875000000000000000e+01
6.812500000000000000e+01
6.687500000000000000e+01
6.812500000000000000e+01
6.875000000000000000e+01
6.812500000000000000e+01
6.750000000000000000e+01
6.812500000000000000e+01
6.812500000000000000e+01
6.875000000000000000e+01
6.812500000000000000e+01
6.875000000000000000e+01
6.812500000000000000e+01
6.812500000000000000e+01
6.812500000000000000e+01
6.875000000000000000e+01
6.875000000000000000e+01
6.875000000000000000e+01
6.875000000000000000e+01
6.875000000000000000e+01
6.875000000000000000e+01
6.875000000000000000e+01
6.937500000000000000e+01
6.875000000000000000e+01
6.875000000000000000e+01
6.937500000000000000e+01
6.937500000000000000e+01
6.937500000000000000e+01
6.937500000000000000e+01
6.812500000000000000e+01
7.000000000000000000e+01
6.937500000000000000e+01
6.937500000000000000e+01
6.937500000000000000e+01
6.937500000000000000e+01
7.000000000000000000e+01
6.937500000000000000e+01
7.000000000000000000e+01
7.000000000000000000e+01
7.062500000000000000e+01
7.000000000000000000e+01
6.937500000000000000e+01
7.000000000000000000e+01
7.062500000000000000e+01
7.000000000000000000e+01
7.062500000000000000e+01
6.937500000000000000e+01
7.062500000000000000e+01
7.062500000000000000e+01
7.062500000000000000e+01
7.000000000000000000e+01
7.000000000000000000e+01
7.062500000000000000e+01
7.062500000000000000e+01
7.062500000000000000e+01
7.062500000000000000e+01
6.937500000000000000e+01
7.125000000000000000e+01
7.000000000000000000e+01
7.062500000000000000e+01
6.937500000000000000e+01
7.000000000000000000e+01
7.000000000000000000e+01
7.000000000000000000e+01
7.000000000000000000e+01
7.000000000000000000e+01
7.000000000000000000e+01
7.000000000000000000e+01
7.062500000000000000e+01
7.062500000000000000e+01
7.062500000000000000e+01
7.000000000000000000e+01
7.125000000000000000e+01
7.125000000000000000e+01
7.000000000000000000e+01
7.062500000000000000e+01
7.062500000000000000e+01
7.062500000000000000e+01
7.000000000000000000e+01
7.187500000000000000e+01
7.062500000000000000e+01
7.125000000000000000e+01
7.062500000000000000e+01
7.125000000000000000e+01
7.000000000000000000e+01
7.062500000000000000e+01
7.062500000000000000e+01
7.062500000000000000e+01
7.062500000000000000e+01
7.125000000000000000e+01
7.125000000000000000e+01
7.125000000000000000e+01
7.062500000000000000e+01
7.187500000000000000e+01
7.062500000000000000e+01
7.125000000000000000e+01
7.125000000000000000e+01
7.187500000000000000e+01
7.062500000000000000e+01
7.187500000000000000e+01
7.187500000000000000e+01
7.062500000000000000e+01
7.187500000000000000e+01
7.125000000000000000e+01
7.125000000000000000e+01
7.125000000000000000e+01
7.125000000000000000e+01
7.125000000000000000e+01
7.250000000000000000e+01
7.187500000000000000e+01
7.187500000000000000e+01
7.062500000000000000e+01
7.125000000000000000e+01
7.187500000000000000e+01
7.187500000000000000e+01
7.187500000000000000e+01
7.125000000000000000e+01
7.125000000000000000e+01
7.125000000000000000e+01
7.125000000000000000e+01
7.250000000000000000e+01
7.187500000000000000e+01
7.187500000000000000e+01
7.125000000000000000e+01
7.250000000000000000e+01
7.187500000000000000e+01
7.250000000000000000e+01
7.250000000000000000e+01
7.312500000000000000e+01
7.187500000000000000e+01
7.250000000000000000e+01
7.187500000000000000e+01
7.187500000000000000e+01
7.187500000000000000e+01
7.187500000000000000e+01
7.187500000000000000e+01
7.187500000000000000e+01
7.187500000000000000e+01
7.187500000000000000e+01
7.187500000000000000e+01
7.250000000000000000e+01
7.250000000000000000e+01
7.312500000000000000e+01
7.250000000000000000e+01
7.250000000000000000e+01
7.312500000000000000e+01
7.187500000000000000e+01
7.187500000000000000e+01
7.187500000000000000e+01
7.187500000000000000e+01
7.187500000000000000e+01
7.250000000000000000e+01
7.250000000000000000e+01
7.250000000000000000e+01
7.250000000000000000e+01
7.375000000000000000e+01
7.312500000000000000e+01
7.187500000000000000e+01
7.250000000000000000e+01
7.250000000000000000e+01
7.312500000000000000e+01
7.312500000000000000e+01
7.312500000000000000e+01
7.187500000000000000e+01
7.187500000000000000e+01
7.250000000000000000e+01
7.312500000000000000e+01
7.250000000000000000e+01
7.250000000000000000e+01
7.312500000000000000e+01
7.312500000000000000e+01
7.312500000000000000e+01
7.312500000000000000e+01
7.312500000000000000e+01
7.312500000000000000e+01
7.250000000000000000e+01
7.312500000000000000e+01
7.312500000000000000e+01
7.312500000000000000e+01
7.312500000000000000e+01
7.375000000000000000e+01
7.375000000000000000e+01
7.375000000000000000e+01
7.375000000000000000e+01
7.375000000000000000e+01
7.312500000000000000e+01
7.375000000000000000e+01
7.375000000000000000e+01
7.312500000000000000e+01
7.375000000000000000e+01
7.375000000000000000e+01
7.375000000000000000e+01
7.312500000000000000e+01
7.375000000000000000e+01
7.375000000000000000e+01
7.375000000000000000e+01
7.437500000000000000e+01
7.312500000000000000e+01
7.375000000000000000e+01
7.375000000000000000e+01
7.375000000000000000e+01
7.375000000000000000e+01
7.375000000000000000e+01
7.375000000000000000e+01
7.375000000000000000e+01
7.375000000000000000e+01
7.437500000000000000e+01
7.375000000000000000e+01
7.375000000000000000e+01
7.375000000000000000e+01
7.375000000000000000e+01
7.437500000000000000e+01
7.437500000000000000e+01
7.437500000000000000e+01
7.437500000000000000e+01
7.375000000000000000e+01
7.375000000000000000e+01
7.375000000000000000e+01
7.375000000000000000e+01
7.375000000000000000e+01
7.375000000000000000e+01
7.437500000000000000e+01
7.437500000000000000e+01
7.437500000000000000e+01
7.437500000000000000e+01
7.500000000000000000e+01
7.437500000000000000e+01
7.500000000000000000e+01
7.437500000000000000e+01
7.437500000000000000e+01
7.437500000000000000e+01
7.437500000000000000e+01
7.500000000000000000e+01
7.437500000000000000e+01
7.437500000000000000e+01
7.437500000000000000e+01
7.437500000000000000e+01
7.437500000000000000e+01
7.437500000000000000e+01
7.437500000000000000e+01
7.437500000000000000e+01
7.437500000000000000e+01
7.437500000000000000e+01
7.437500000000000000e+01
7.437500000000000000e+01
7.437500000000000000e+01
7.437500000000000000e+01
7.500000000000000000e+01
7.437500000000000000e+01
7.437500000000000000e+01
7.437500000000000000e+01
7.437500000000000000e+01
7.437500000000000000e+01
7.500000000000000000e+01
7.437500000000000000e+01
7.500000000000000000e+01
7.437500000000000000e+01
7.437500000000000000e+01
7.437500000000000000e+01
7.437500000000000000e+01
7.437500000000000000e+01
7.437500000000000000e+01
7.437500000000000000e+01
7.437500000000000000e+01
7.500000000000000000e+01
7.437500000000000000e+01
7.500000000000000000e+01
7.437500000000000000e+01
7.437500000000000000e+01
7.437500000000000000e+01
7.437500000000000000e+01
7.437500000000000000e+01
7.437500000000000000e+01
7.437500000000000000e+01
7.437500000000000000e+01
7.437500000000000000e+01
7.500000000000000000e+01
7.437500000000000000e+01
7.437500000000000000e+01
7.500000000000000000e+01
7.500000000000000000e+01
7.437500000000000000e+01
7.437500000000000000e+01
7.437500000000000000e+01
7.437500000000000000e+01
7.437500000000000000e+01
7.437500000000000000e+01
7.437500000000000000e+01
7.437500000000000000e+01
7.437500000000000000e+01
7.437500000000000000e+01
7.437500000000000000e+01
7.437500000000000000e+01
7.562500000000000000e+01
7.500000000000000000e+01
7.562500000000000000e+01
7.437500000000000000e+01
7.562500000000000000e+01
7.437500000000000000e+01
7.500000000000000000e+01
7.437500000000000000e+01
7.437500000000000000e+01
7.437500000000000000e+01
7.437500000000000000e+01
7.562500000000000000e+01
7.437500000000000000e+01
7.437500000000000000e+01
7.562500000000000000e+01
7.562500000000000000e+01
7.562500000000000000e+01
7.500000000000000000e+01
7.500000000000000000e+01
7.562500000000000000e+01
7.562500000000000000e+01
7.562500000000000000e+01
7.562500000000000000e+01
7.562500000000000000e+01
7.500000000000000000e+01
7.562500000000000000e+01
7.625000000000000000e+01
7.562500000000000000e+01
7.562500000000000000e+01
7.500000000000000000e+01
7.562500000000000000e+01
7.562500000000000000e+01
7.562500000000000000e+01
7.562500000000000000e+01
7.562500000000000000e+01
7.562500000000000000e+01
7.625000000000000000e+01
7.625000000000000000e+01
7.562500000000000000e+01
7.625000000000000000e+01
7.625000000000000000e+01
7.625000000000000000e+01
7.625000000000000000e+01
7.625000000000000000e+01
7.625000000000000000e+01
7.625000000000000000e+01
7.625000000000000000e+01
7.625000000000000000e+01
7.625000000000000000e+01
7.625000000000000000e+01
7.625000000000000000e+01
7.625000000000000000e+01
7.625000000000000000e+01
7.625000000000000000e+01
7.625000000000000000e+01
7.625000000000000000e+01
7.625000000000000000e+01
7.625000000000000000e+01
7.625000000000000000e+01
7.625000000000000000e+01
7.625000000000000000e+01
7.625000000000000000e+01
7.750000000000000000e+01
7.750000000000000000e+01
7.687500000000000000e+01
7.687500000000000000e+01
7.687500000000000000e+01
7.750000000000000000e+01
7.687500000000000000e+01
7.687500000000000000e+01
7.687500000000000000e+01
7.625000000000000000e+01
7.750000000000000000e+01
7.812500000000000000e+01
7.687500000000000000e+01
7.750000000000000000e+01
7.687500000000000000e+01
7.750000000000000000e+01
7.750000000000000000e+01
7.625000000000000000e+01
7.687500000000000000e+01
7.687500000000000000e+01
7.750000000000000000e+01
7.750000000000000000e+01
7.750000000000000000e+01
7.750000000000000000e+01
7.812500000000000000e+01
7.812500000000000000e+01
7.812500000000000000e+01
7.812500000000000000e+01
7.812500000000000000e+01
7.750000000000000000e+01
7.812500000000000000e+01
7.750000000000000000e+01
7.812500000000000000e+01
7.750000000000000000e+01
7.812500000000000000e+01
7.750000000000000000e+01
7.812500000000000000e+01
7.812500000000000000e+01
7.812500000000000000e+01
7.812500000000000000e+01
7.812500000000000000e+01
7.812500000000000000e+01
7.812500000000000000e+01
7.812500000000000000e+01
7.812500000000000000e+01
7.812500000000000000e+01
7.750000000000000000e+01
7.812500000000000000e+01
7.750000000000000000e+01
7.812500000000000000e+01
7.812500000000000000e+01
7.812500000000000000e+01
7.812500000000000000e+01
7.812500000000000000e+01
7.812500000000000000e+01
7.812500000000000000e+01
7.812500000000000000e+01
7.812500000000000000e+01
7.812500000000000000e+01
7.812500000000000000e+01
7.812500000000000000e+01
7.812500000000000000e+01
7.812500000000000000e+01
7.812500000000000000e+01
7.812500000000000000e+01
7.812500000000000000e+01
7.812500000000000000e+01
7.812500000000000000e+01
7.812500000000000000e+01
7.812500000000000000e+01
7.812500000000000000e+01
7.812500000000000000e+01
8.187500000000000000e+01
8.250000000000000000e+01
8.250000000000000000e+01
8.250000000000000000e+01
8.187500000000000000e+01
8.187500000000000000e+01
7.812500000000000000e+01
7.812500000000000000e+01
7.750000000000000000e+01
7.812500000000000000e+01
7.812500000000000000e+01
7.812500000000000000e+01
7.812500000000000000e+01
7.812500000000000000e+01
7.812500000000000000e+01
7.812500000000000000e+01
7.812500000000000000e+01
7.812500000000000000e+01
7.812500000000000000e+01
7.812500000000000000e+01
7.812500000000000000e+01
7.750000000000000000e+01
7.812500000000000000e+01
7.812500000000000000e+01
7.812500000000000000e+01
7.812500000000000000e+01
7.812500000000000000e+01
7.812500000000000000e+01
7.750000000000000000e+01
7.812500000000000000e+01
7.812500000000000000e+01
7.875000000000000000e+01
7.812500000000000000e+01
7.812500000000000000e+01
7.875000000000000000e+01
7.812500000000000000e+01
7.812500000000000000e+01
7.812500000000000000e+01
7.812500000000000000e+01
7.812500000000000000e+01
7.812500000000000000e+01
7.812500000000000000e+01
7.812500000000000000e+01
7.812500000000000000e+01
7.812500000000000000e+01
7.812500000000000000e+01
7.812500000000000000e+01
7.812500000000000000e+01
7.812500000000000000e+01
7.812500000000000000e+01
7.812500000000000000e+01
7.812500000000000000e+01
7.812500000000000000e+01
7.812500000000000000e+01
7.812500000000000000e+01
7.812500000000000000e+01
7.812500000000000000e+01
7.812500000000000000e+01
7.812500000000000000e+01
7.812500000000000000e+01
7.812500000000000000e+01
7.812500000000000000e+01
7.812500000000000000e+01
7.812500000000000000e+01
7.812500000000000000e+01
7.812500000000000000e+01
7.812500000000000000e+01
7.812500000000000000e+01
7.812500000000000000e+01
7.812500000000000000e+01
7.812500000000000000e+01
7.812500000000000000e+01
7.812500000000000000e+01
7.812500000000000000e+01
7.812500000000000000e+01
7.812500000000000000e+01
7.812500000000000000e+01
7.812500000000000000e+01
7.812500000000000000e+01
7.812500000000000000e+01
7.812500000000000000e+01
7.812500000000000000e+01
7.812500000000000000e+01
7.812500000000000000e+01
7.812500000000000000e+01
7.750000000000000000e+01
7.812500000000000000e+01
7.812500000000000000e+01
7.812500000000000000e+01
7.812500000000000000e+01
7.812500000000000000e+01
7.812500000000000000e+01
7.875000000000000000e+01
7.812500000000000000e+01
7.812500000000000000e+01
7.812500000000000000e+01
7.812500000000000000e+01
7.875000000000000000e+01
7.875000000000000000e+01
7.812500000000000000e+01
7.812500000000000000e+01
7.812500000000000000e+01
7.812500000000000000e+01
7.812500000000000000e+01
7.812500000000000000e+01
7.812500000000000000e+01
7.812500000000000000e+01
7.812500000000000000e+01
7.812500000000000000e+01
7.812500000000000000e+01
7.812500000000000000e+01
7.812500000000000000e+01
7.812500000000000000e+01
7.875000000000000000e+01
7.812500000000000000e+01
7.812500000000000000e+01
7.812500000000000000e+01
7.812500000000000000e+01
7.812500000000000000e+01
7.812500000000000000e+01
7.812500000000000000e+01
7.812500000000000000e+01
7.812500000000000000e+01
7.812500000000000000e+01
7.812500000000000000e+01
7.812500000000000000e+01
7.812500000000000000e+01
7.812500000000000000e+01
7.812500000000000000e+01
7.812500000000000000e+01
7.812500000000000000e+01
7.812500000000000000e+01
7.812500000000000000e+01
7.812500000000000000e+01
7.812500000000000000e+01
7.812500000000000000e+01
7.812500000000000000e+01
7.812500000000000000e+01
7.812500000000000000e+01
7.812500000000000000e+01
7.812500000000000000e+01
7.812500000000000000e+01
7.812500000000000000e+01
7.812500000000000000e+01
7.812500000000000000e+01
7.812500000000000000e+01
7.812500000000000000e+01
7.812500000000000000e+01
7.812500000000000000e+01
7.812500000000000000e+01
7.812500000000000000e+01
7.812500000000000000e+01
7.812500000000000000e+01
7.812500000000000000e+01
7.812500000000000000e+01
7.812500000000000000e+01
7.812500000000000000e+01
7.812500000000000000e+01
7.812500000000000000e+01
7.812500000000000000e+01
7.812500000000000000e+01
7.812500000000000000e+01
7.812500000000000000e+01
7.812500000000000000e+01
7.812500000000000000e+01
7.812500000000000000e+01
7.875000000000000000e+01
7.812500000000000000e+01
7.812500000000000000e+01
7.812500000000000000e+01
7.812500000000000000e+01
7.812500000000000000e+01
7.812500000000000000e+01
7.812500000000000000e+01
7.812500000000000000e+01
7.812500000000000000e+01
7.875000000000000000e+01
7.875000000000000000e+01
7.875000000000000000e+01
7.875000000000000000e+01
7.812500000000000000e+01
7.875000000000000000e+01
7.875000000000000000e+01
7.875000000000000000e+01
7.875000000000000000e+01
7.812500000000000000e+01
7.812500000000000000e+01
7.875000000000000000e+01
7.812500000000000000e+01
7.812500000000000000e+01
7.812500000000000000e+01
7.812500000000000000e+01
7.875000000000000000e+01
7.812500000000000000e+01
7.875000000000000000e+01
7.812500000000000000e+01
7.812500000000000000e+01
7.812500000000000000e+01
7.812500000000000000e+01
7.875000000000000000e+01
7.812500000000000000e+01
7.812500000000000000e+01
7.812500000000000000e+01
7.812500000000000000e+01
7.812500000000000000e+01
7.812500000000000000e+01
7.812500000000000000e+01
7.812500000000000000e+01
7.812500000000000000e+01
7.812500000000000000e+01
7.812500000000000000e+01
7.812500000000000000e+01
7.812500000000000000e+01
7.812500000000000000e+01
7.812500000000000000e+01
7.812500000000000000e+01
7.812500000000000000e+01
7.812500000000000000e+01
7.812500000000000000e+01
7.812500000000000000e+01
7.875000000000000000e+01
7.812500000000000000e+01
7.812500000000000000e+01
7.812500000000000000e+01
7.812500000000000000e+01
7.812500000000000000e+01
7.812500000000000000e+01
7.812500000000000000e+01
7.812500000000000000e+01
7.812500000000000000e+01
7.875000000000000000e+01
7.875000000000000000e+01
7.875000000000000000e+01
7.875000000000000000e+01
7.875000000000000000e+01
7.875000000000000000e+01
7.812500000000000000e+01
7.937500000000000000e+01
7.875000000000000000e+01
7.937500000000000000e+01
7.875000000000000000e+01
7.875000000000000000e+01
7.875000000000000000e+01
7.875000000000000000e+01
7.875000000000000000e+01
7.937500000000000000e+01
7.875000000000000000e+01
7.937500000000000000e+01
7.937500000000000000e+01
7.937500000000000000e+01
7.937500000000000000e+01
7.937500000000000000e+01
7.937500000000000000e+01
7.937500000000000000e+01
8.000000000000000000e+01
7.875000000000000000e+01
7.937500000000000000e+01
8.000000000000000000e+01
8.000000000000000000e+01
8.000000000000000000e+01
8.000000000000000000e+01
8.000000000000000000e+01
8.000000000000000000e+01
7.937500000000000000e+01
8.000000000000000000e+01
8.000000000000000000e+01
8.000000000000000000e+01
8.000000000000000000e+01
8.000000000000000000e+01
8.000000000000000000e+01
8.000000000000000000e+01
8.000000000000000000e+01
8.000000000000000000e+01
8.000000000000000000e+01
8.000000000000000000e+01
8.000000000000000000e+01
8.000000000000000000e+01
8.000000000000000000e+01
8.000000000000000000e+01
8.062500000000000000e+01
8.000000000000000000e+01
8.000000000000000000e+01
8.000000000000000000e+01
8.000000000000000000e+01
8.000000000000000000e+01
8.000000000000000000e+01
8.000000000000000000e+01
8.000000000000000000e+01
8.000000000000000000e+01
8.062500000000000000e+01
8.000000000000000000e+01
8.000000000000000000e+01
8.000000000000000000e+01
8.000000000000000000e+01
8.000000000000000000e+01
8.000000000000000000e+01
8.062500000000000000e+01
8.000000000000000000e+01
8.000000000000000000e+01
8.000000000000000000e+01
8.000000000000000000e+01
8.000000000000000000e+01
8.000000000000000000e+01
8.000000000000000000e+01
8.000000000000000000e+01
8.000000000000000000e+01
8.062500000000000000e+01
8.062500000000000000e+01
8.000000000000000000e+01
8.000000000000000000e+01
8.062500000000000000e+01
8.062500000000000000e+01
8.062500000000000000e+01
8.062500000000000000e+01
8.062500000000000000e+01
8.062500000000000000e+01
8.062500000000000000e+01
8.062500000000000000e+01
8.062500000000000000e+01
8.062500000000000000e+01
8.062500000000000000e+01
8.062500000000000000e+01
8.062500000000000000e+01
8.062500000000000000e+01
8.062500000000000000e+01
8.062500000000000000e+01
8.062500000000000000e+01
8.062500000000000000e+01
8.062500000000000000e+01
8.062500000000000000e+01
8.062500000000000000e+01
8.062500000000000000e+01
8.062500000000000000e+01
8.062500000000000000e+01
8.062500000000000000e+01
8.062500000000000000e+01
8.062500000000000000e+01
8.062500000000000000e+01
8.062500000000000000e+01
8.062500000000000000e+01
8.062500000000000000e+01
8.062500000000000000e+01
8.062500000000000000e+01
8.000000000000000000e+01
8.062500000000000000e+01
8.062500000000000000e+01
8.062500000000000000e+01
8.062500000000000000e+01
8.062500000000000000e+01
8.000000000000000000e+01
8.062500000000000000e+01
8.062500000000000000e+01
8.062500000000000000e+01
8.062500000000000000e+01
8.000000000000000000e+01
8.062500000000000000e+01
8.062500000000000000e+01
8.062500000000000000e+01
8.062500000000000000e+01
8.062500000000000000e+01
8.062500000000000000e+01
8.062500000000000000e+01
8.062500000000000000e+01
8.062500000000000000e+01
8.000000000000000000e+01
8.062500000000000000e+01
8.062500000000000000e+01
8.000000000000000000e+01
8.062500000000000000e+01
8.062500000000000000e+01
8.062500000000000000e+01
8.062500000000000000e+01
8.062500000000000000e+01
8.000000000000000000e+01
8.062500000000000000e+01
8.062500000000000000e+01
8.062500000000000000e+01
8.062500000000000000e+01
8.062500000000000000e+01
8.062500000000000000e+01
8.000000000000000000e+01
8.062500000000000000e+01
8.000000000000000000e+01
8.000000000000000000e+01
8.000000000000000000e+01
8.000000000000000000e+01
8.062500000000000000e+01
8.000000000000000000e+01
8.000000000000000000e+01
8.000000000000000000e+01
8.000000000000000000e+01
8.000000000000000000e+01
8.000000000000000000e+01
8.000000000000000000e+01
8.000000000000000000e+01
8.000000000000000000e+01
8.000000000000000000e+01
8.062500000000000000e+01
8.125000000000000000e+01
7.937500000000000000e+01
8.000000000000000000e+01
8.000000000000000000e+01
8.062500000000000000e+01
8.062500000000000000e+01
8.062500000000000000e+01
8.000000000000000000e+01
8.000000000000000000e+01
8.000000000000000000e+01
8.000000000000000000e+01
8.000000000000000000e+01
8.062500000000000000e+01
8.062500000000000000e+01
8.062500000000000000e+01
8.062500000000000000e+01
8.062500000000000000e+01
8.062500000000000000e+01
8.062500000000000000e+01
8.062500000000000000e+01
8.062500000000000000e+01
8.062500000000000000e+01
8.062500000000000000e+01
8.000000000000000000e+01
8.000000000000000000e+01
8.062500000000000000e+01
8.000000000000000000e+01
8.062500000000000000e+01
8.000000000000000000e+01
8.000000000000000000e+01
8.000000000000000000e+01
8.000000000000000000e+01
8.062500000000000000e+01
8.062500000000000000e+01
8.000000000000000000e+01
8.000000000000000000e+01
8.062500000000000000e+01
8.000000000000000000e+01
8.000000000000000000e+01
8.062500000000000000e+01
8.000000000000000000e+01
8.062500000000000000e+01
8.000000000000000000e+01
8.062500000000000000e+01
8.062500000000000000e+01
8.062500000000000000e+01
8.062500000000000000e+01
8.062500000000000000e+01
8.062500000000000000e+01
8.062500000000000000e+01
8.062500000000000000e+01
8.000000000000000000e+01
8.062500000000000000e+01
8.062500000000000000e+01
8.062500000000000000e+01
8.062500000000000000e+01
8.062500000000000000e+01
8.000000000000000000e+01
8.062500000000000000e+01
8.062500000000000000e+01
8.062500000000000000e+01
8.062500000000000000e+01
8.062500000000000000e+01
8.062500000000000000e+01
8.062500000000000000e+01
8.062500000000000000e+01
8.062500000000000000e+01
8.062500000000000000e+01
8.062500000000000000e+01
8.062500000000000000e+01
8.062500000000000000e+01
8.062500000000000000e+01
8.062500000000000000e+01
8.062500000000000000e+01
8.062500000000000000e+01
8.062500000000000000e+01
8.062500000000000000e+01
8.062500000000000000e+01
8.062500000000000000e+01
8.062500000000000000e+01
8.062500000000000000e+01
8.062500000000000000e+01
8.062500000000000000e+01
8.062500000000000000e+01
8.062500000000000000e+01
8.062500000000000000e+01
8.062500000000000000e+01
8.062500000000000000e+01
8.062500000000000000e+01
8.062500000000000000e+01
8.062500000000000000e+01
8.062500000000000000e+01
8.062500000000000000e+01
8.062500000000000000e+01
8.062500000000000000e+01
8.062500000000000000e+01
8.062500000000000000e+01
8.062500000000000000e+01
8.062500000000000000e+01
8.062500000000000000e+01
8.062500000000000000e+01
8.062500000000000000e+01
8.062500000000000000e+01
8.062500000000000000e+01
8.062500000000000000e+01
8.062500000000000000e+01
8.062500000000000000e+01
8.062500000000000000e+01
8.062500000000000000e+01
8.062500000000000000e+01
8.062500000000000000e+01
8.062500000000000000e+01
8.062500000000000000e+01
8.062500000000000000e+01
8.062500000000000000e+01
8.062500000000000000e+01
8.062500000000000000e+01
8.062500000000000000e+01
8.062500000000000000e+01
8.062500000000000000e+01
8.062500000000000000e+01
8.062500000000000000e+01
8.062500000000000000e+01
8.062500000000000000e+01
8.062500000000000000e+01
8.062500000000000000e+01
8.062500000000000000e+01
8.062500000000000000e+01
8.687500000000000000e+01
8.062500000000000000e+01
8.062500000000000000e+01
8.062500000000000000e+01
8.062500000000000000e+01
8.062500000000000000e+01
8.062500000000000000e+01
8.062500000000000000e+01
8.062500000000000000e+01
8.062500000000000000e+01
8.062500000000000000e+01
8.062500000000000000e+01
8.062500000000000000e+01
8.062500000000000000e+01
8.062500000000000000e+01
8.062500000000000000e+01
8.062500000000000000e+01
8.062500000000000000e+01
8.062500000000000000e+01
8.062500000000000000e+01
8.062500000000000000e+01
8.062500000000000000e+01
8.062500000000000000e+01
8.062500000000000000e+01
8.062500000000000000e+01
8.062500000000000000e+01
8.062500000000000000e+01
8.062500000000000000e+01
8.062500000000000000e+01
8.062500000000000000e+01
8.062500000000000000e+01
8.062500000000000000e+01
8.062500000000000000e+01
8.062500000000000000e+01
8.062500000000000000e+01
8.062500000000000000e+01
8.062500000000000000e+01
8.062500000000000000e+01
8.062500000000000000e+01
8.062500000000000000e+01
8.062500000000000000e+01
8.062500000000000000e+01
8.062500000000000000e+01
8.062500000000000000e+01
8.062500000000000000e+01
8.062500000000000000e+01
8.062500000000000000e+01
8.062500000000000000e+01
8.062500000000000000e+01
8.125000000000000000e+01
8.062500000000000000e+01
8.125000000000000000e+01
8.125000000000000000e+01
8.125000000000000000e+01
8.062500000000000000e+01
8.125000000000000000e+01
8.062500000000000000e+01
8.125000000000000000e+01
8.125000000000000000e+01
8.125000000000000000e+01
8.062500000000000000e+01
8.125000000000000000e+01
8.125000000000000000e+01
8.125000000000000000e+01
8.125000000000000000e+01
8.125000000000000000e+01
8.125000000000000000e+01
8.125000000000000000e+01
8.125000000000000000e+01
8.125000000000000000e+01
8.125000000000000000e+01
8.125000000000000000e+01
8.125000000000000000e+01
8.125000000000000000e+01
8.125000000000000000e+01
8.125000000000000000e+01
8.125000000000000000e+01
8.062500000000000000e+01
8.125000000000000000e+01
8.125000000000000000e+01
8.125000000000000000e+01
8.062500000000000000e+01
8.125000000000000000e+01
8.062500000000000000e+01
8.125000000000000000e+01
8.125000000000000000e+01
8.125000000000000000e+01
8.125000000000000000e+01
8.125000000000000000e+01
8.062500000000000000e+01
8.062500000000000000e+01
8.062500000000000000e+01
8.062500000000000000e+01
8.062500000000000000e+01
8.125000000000000000e+01
8.062500000000000000e+01
8.062500000000000000e+01
8.062500000000000000e+01
8.062500000000000000e+01
8.062500000000000000e+01
8.062500000000000000e+01
8.062500000000000000e+01
8.062500000000000000e+01
8.062500000000000000e+01
8.125000000000000000e+01
8.125000000000000000e+01
8.062500000000000000e+01
8.062500000000000000e+01
8.062500000000000000e+01
8.062500000000000000e+01
8.062500000000000000e+01
8.062500000000000000e+01
8.062500000000000000e+01
8.062500000000000000e+01
8.125000000000000000e+01
8.125000000000000000e+01
8.125000000000000000e+01
8.062500000000000000e+01
8.125000000000000000e+01
8.125000000000000000e+01
8.125000000000000000e+01
8.062500000000000000e+01
8.062500000000000000e+01
8.062500000000000000e+01
8.062500000000000000e+01
8.062500000000000000e+01
8.125000000000000000e+01
8.125000000000000000e+01
8.125000000000000000e+01
8.125000000000000000e+01
8.125000000000000000e+01
8.062500000000000000e+01
8.125000000000000000e+01
8.125000000000000000e+01
8.125000000000000000e+01
8.125000000000000000e+01
8.125000000000000000e+01
8.062500000000000000e+01
8.125000000000000000e+01
8.125000000000000000e+01
8.125000000000000000e+01
8.062500000000000000e+01
8.125000000000000000e+01
8.062500000000000000e+01
8.125000000000000000e+01
8.125000000000000000e+01
8.125000000000000000e+01
8.125000000000000000e+01
8.125000000000000000e+01
8.125000000000000000e+01
8.125000000000000000e+01
8.125000000000000000e+01
8.125000000000000000e+01
8.125000000000000000e+01
8.125000000000000000e+01
8.125000000000000000e+01
8.125000000000000000e+01
8.125000000000000000e+01
8.125000000000000000e+01
8.125000000000000000e+01
8.125000000000000000e+01
8.125000000000000000e+01
8.125000000000000000e+01
8.125000000000000000e+01
8.125000000000000000e+01
8.125000000000000000e+01
8.125000000000000000e+01
8.125000000000000000e+01
8.125000000000000000e+01
8.125000000000000000e+01
8.125000000000000000e+01
8.125000000000000000e+01
8.125000000000000000e+01
8.125000000000000000e+01
8.125000000000000000e+01
8.125000000000000000e+01
8.125000000000000000e+01
8.125000000000000000e+01
8.125000000000000000e+01
8.125000000000000000e+01
8.125000000000000000e+01
8.125000000000000000e+01
8.125000000000000000e+01
8.125000000000000000e+01
8.125000000000000000e+01
8.125000000000000000e+01
8.125000000000000000e+01
8.125000000000000000e+01
8.125000000000000000e+01
8.125000000000000000e+01
8.125000000000000000e+01
8.125000000000000000e+01
8.125000000000000000e+01
8.125000000000000000e+01
8.125000000000000000e+01
8.125000000000000000e+01
8.125000000000000000e+01
8.125000000000000000e+01
8.125000000000000000e+01
8.125000000000000000e+01
8.125000000000000000e+01
8.125000000000000000e+01
8.125000000000000000e+01
8.125000000000000000e+01
8.125000000000000000e+01
8.125000000000000000e+01
8.125000000000000000e+01
8.125000000000000000e+01
8.125000000000000000e+01
8.125000000000000000e+01
8.125000000000000000e+01
8.125000000000000000e+01
8.125000000000000000e+01
8.125000000000000000e+01
8.125000000000000000e+01
8.125000000000000000e+01
8.125000000000000000e+01
8.125000000000000000e+01
8.125000000000000000e+01
8.125000000000000000e+01
8.125000000000000000e+01
8.125000000000000000e+01
8.125000000000000000e+01
8.125000000000000000e+01
8.125000000000000000e+01
8.125000000000000000e+01
8.125000000000000000e+01
8.125000000000000000e+01
8.125000000000000000e+01
8.125000000000000000e+01
8.125000000000000000e+01
8.125000000000000000e+01
8.125000000000000000e+01
8.125000000000000000e+01
8.125000000000000000e+01
8.125000000000000000e+01
8.125000000000000000e+01
8.125000000000000000e+01
8.125000000000000000e+01
8.125000000000000000e+01
8.125000000000000000e+01
8.125000000000000000e+01
8.125000000000000000e+01
8.125000000000000000e+01
8.125000000000000000e+01
8.125000000000000000e+01
8.125000000000000000e+01
8.125000000000000000e+01
8.125000000000000000e+01
8.125000000000000000e+01
8.125000000000000000e+01
8.125000000000000000e+01
8.125000000000000000e+01
8.125000000000000000e+01
8.125000000000000000e+01
8.125000000000000000e+01
8.125000000000000000e+01
8.125000000000000000e+01
8.125000000000000000e+01
8.125000000000000000e+01
8.125000000000000000e+01
8.125000000000000000e+01
8.125000000000000000e+01
8.125000000000000000e+01
8.125000000000000000e+01
8.125000000000000000e+01
8.125000000000000000e+01
8.125000000000000000e+01
8.125000000000000000e+01
8.125000000000000000e+01
8.125000000000000000e+01
8.125000000000000000e+01
8.125000000000000000e+01
8.125000000000000000e+01
8.125000000000000000e+01
8.125000000000000000e+01
8.125000000000000000e+01
8.125000000000000000e+01
8.125000000000000000e+01
8.125000000000000000e+01
8.125000000000000000e+01
8.125000000000000000e+01
8.125000000000000000e+01
8.125000000000000000e+01
8.125000000000000000e+01
8.125000000000000000e+01
8.125000000000000000e+01
8.125000000000000000e+01
8.125000000000000000e+01
8.125000000000000000e+01
8.125000000000000000e+01
8.125000000000000000e+01
8.125000000000000000e+01
8.125000000000000000e+01
8.125000000000000000e+01
8.125000000000000000e+01
8.125000000000000000e+01
8.125000000000000000e+01
8.125000000000000000e+01
8.125000000000000000e+01
8.125000000000000000e+01
8.125000000000000000e+01
8.125000000000000000e+01
8.125000000000000000e+01
8.125000000000000000e+01
8.125000000000000000e+01
8.125000000000000000e+01
8.125000000000000000e+01
8.125000000000000000e+01
8.125000000000000000e+01
8.125000000000000000e+01
8.125000000000000000e+01
8.125000000000000000e+01
8.125000000000000000e+01
8.125000000000000000e+01
8.125000000000000000e+01
8.125000000000000000e+01
8.125000000000000000e+01
8.125000000000000000e+01
8.125000000000000000e+01
8.125000000000000000e+01
8.125000000000000000e+01
8.125000000000000000e+01
8.125000000000000000e+01
8.125000000000000000e+01
8.125000000000000000e+01
8.125000000000000000e+01
8.125000000000000000e+01
8.125000000000000000e+01
8.125000000000000000e+01
8.125000000000000000e+01
8.125000000000000000e+01
8.125000000000000000e+01
8.125000000000000000e+01
8.125000000000000000e+01
8.125000000000000000e+01
8.125000000000000000e+01
8.312500000000000000e+01
8.125000000000000000e+01
8.125000000000000000e+01
8.125000000000000000e+01
8.125000000000000000e+01
8.125000000000000000e+01
8.125000000000000000e+01
8.125000000000000000e+01
8.125000000000000000e+01
8.125000000000000000e+01
8.125000000000000000e+01
8.125000000000000000e+01
8.125000000000000000e+01
8.125000000000000000e+01
8.125000000000000000e+01
8.125000000000000000e+01
8.125000000000000000e+01
8.125000000000000000e+01
8.125000000000000000e+01
8.125000000000000000e+01
8.125000000000000000e+01
8.125000000000000000e+01
8.125000000000000000e+01
8.125000000000000000e+01
8.125000000000000000e+01
8.125000000000000000e+01
8.125000000000000000e+01
8.125000000000000000e+01
8.125000000000000000e+01
8.125000000000000000e+01
8.125000000000000000e+01
8.125000000000000000e+01
8.125000000000000000e+01
8.125000000000000000e+01
8.125000000000000000e+01
8.125000000000000000e+01
8.125000000000000000e+01
8.125000000000000000e+01
8.125000000000000000e+01
8.125000000000000000e+01
8.125000000000000000e+01
8.125000000000000000e+01
8.125000000000000000e+01
8.125000000000000000e+01
8.125000000000000000e+01
8.125000000000000000e+01
8.125000000000000000e+01
8.125000000000000000e+01
8.125000000000000000e+01
8.125000000000000000e+01
8.125000000000000000e+01
8.125000000000000000e+01
8.125000000000000000e+01
8.125000000000000000e+01
8.125000000000000000e+01
8.125000000000000000e+01
8.125000000000000000e+01
8.125000000000000000e+01
8.125000000000000000e+01
8.125000000000000000e+01
8.125000000000000000e+01
8.125000000000000000e+01
8.125000000000000000e+01
8.125000000000000000e+01
8.125000000000000000e+01
8.125000000000000000e+01
8.125000000000000000e+01
8.125000000000000000e+01
8.125000000000000000e+01
8.125000000000000000e+01
8.125000000000000000e+01
8.125000000000000000e+01
8.125000000000000000e+01
