5.749862996241848073e-02
5.673683975110276057e-02
5.598628147152719808e-02
5.530407429770095584e-02
5.486097869590426945e-02
5.477421648383458408e-02
5.478981005418790545e-02
5.472077836923459893e-02
5.472804662541337628e-02
5.472357589330149180e-02
5.469566021198397909e-02
5.469970474751380263e-02
5.469574011447188300e-02
5.469155416891450378e-02
5.468957019297417121e-02
5.468938163855683460e-02
5.468895086904305980e-02
5.468876037132647250e-02
5.468771936249759019e-02
5.468771726174974368e-02
5.469161162453558406e-02
5.468791510578391302e-02
5.468760152036637040e-02
5.468756410627002851e-02
5.460478201635676765e-02
5.468374896635173205e-02
5.450638301002743574e-02
5.450457134486268174e-02
5.443648893093853275e-02
5.431802684897225897e-02
5.426085534120335396e-02
5.411352559111698435e-02
5.401108843680032384e-02
5.383470654780950909e-02
5.368121173198994039e-02
5.344198939112120017e-02
5.322508962745942096e-02
5.289027519910100006e-02
5.251484869440342651e-02
5.214264943598355406e-02
5.166964767302504452e-02
5.120714965094972509e-02
5.070262085332311042e-02
5.025669203374042576e-02
5.014259948533682232e-02
4.975087372002111319e-02
4.939578638688960771e-02
4.912224792857965150e-02
4.870941995824291937e-02
4.828708682806828745e-02
4.790356026520344035e-02
4.741745619710051318e-02
4.715565037095802159e-02
4.655399508012653814e-02
4.616903077729474225e-02
4.566795882032989584e-02
4.526471790134006107e-02
4.478431572230768404e-02
4.608254770809282197e-02
4.400784811390166112e-02
4.346430237476865688e-02
4.294091501144672862e-02
4.248828774878414538e-02
4.317169320829428864e-02
4.203272154196848603e-02
4.150588836261411702e-02
4.152307970947927834e-02
4.091556386477150642e-02
4.059084223524240392e-02
4.024245917203506107e-02
4.010440008895981706e-02
3.997919375999787334e-02
3.994586972168749639e-02
3.980406171107752494e-02
3.983085942696672210e-02
3.972668397084300890e-02
3.962941586796554783e-02
3.947398873600461294e-02
3.938659480946939129e-02
3.937859663253615028e-02
3.931881521789891420e-02
3.943884693243059764e-02
3.908407611680804472e-02
3.904770725385457719e-02
3.894901414214937962e-02
3.891674691626362259e-02
3.853518600892801016e-02
3.816495957955103741e-02
3.837165859463338713e-02
3.793936096227384230e-02
3.750760293260514688e-02
3.729965266721134431e-02
3.688227226994021668e-02
3.699204950192956642e-02
3.708354725808490210e-02
3.713055969279929064e-02
3.661534556764253073e-02
3.621576760735657069e-02
3.590724463260765859e-02
3.638614027637968040e-02
3.673331223823857183e-02
3.628663691086179977e-02
3.588179690239262642e-02
3.569026928329537690e-02
3.586639775449661921e-02
3.520654309633051288e-02
3.522590704176215698e-02
3.499573349907155601e-02
3.475149695272972128e-02
3.544275362886818714e-02
3.467469443652806960e-02
3.503867666904654510e-02
3.465634710030894572e-02
3.469949684740770979e-02
3.467206409546588763e-02
3.427186199503669262e-02
3.409853861222100768e-02
3.412612452541754354e-02
3.378617320746828134e-02
3.443772296936788851e-02
3.419664473715060965e-02
3.385100409645860897e-02
3.415484418582650367e-02
3.416704091661566106e-02
3.407554806547295062e-02
3.405011039878024642e-02
3.391346974013172144e-02
3.386673256293431383e-02
3.388443539917605773e-02
3.368873095970796594e-02
3.357418624626519466e-02
3.352696316315178365e-02
3.333450993199928158e-02
3.360889489757645093e-02
3.338638130981848307e-02
3.339730449254446620e-02
3.312262665112093718e-02
3.311987302907579839e-02
3.286910326970766960e-02
3.272950697352974836e-02
3.261828738226539570e-02
3.238376401646685110e-02
3.248732293342068700e-02
3.232839414456085969e-02
3.203614940122160443e-02
3.187388571578812085e-02
3.166632993104889077e-02
3.149302401938521012e-02
3.134021034375161080e-02
3.108866184927684337e-02
3.079868962419172324e-02
3.235958302918347240e-02
3.097411885534891510e-02
3.106908318850932701e-02
3.086553718369195939e-02
3.164026780807616124e-02
3.084686587198432611e-02
3.100410065141233698e-02
3.053516901140452405e-02
3.096197792571641141e-02
3.074623721708798565e-02
3.065220345352408921e-02
3.069166186537761187e-02
3.057590116969898658e-02
3.045572218544343596e-02
3.003457048947033581e-02
3.134701077578391087e-02
3.011052843869783599e-02
3.084013750324376968e-02
3.052700747385441588e-02
3.025946630812530874e-02
3.027736010797012906e-02
3.022725920357799412e-02
3.011799951478818030e-02
3.000212549170658966e-02
2.986852101310165028e-02
2.966735098053703903e-02
3.064851679914793597e-02
2.951380266188580875e-02
3.020374592249393600e-02
2.974474627539189925e-02
2.951216594201279755e-02
2.976093140127885131e-02
2.984431382874816463e-02
2.966763045569517643e-02
2.954665078176925072e-02
2.933736237500399538e-02
2.912036567031001805e-02
2.950328361445302833e-02
2.936658424306718904e-02
2.941125295675992707e-02
2.930976849084605124e-02
2.912096210882541419e-02
2.889705044058636998e-02
2.933500572238889603e-02
2.911526309312396574e-02
2.904498954013417025e-02
2.887067022902373159e-02
2.870455127272538570e-02
2.917566519984796103e-02
2.888253235997841756e-02
2.895885187816014256e-02
2.882812536042277801e-02
2.865841753958025401e-02
2.877919453398500998e-02
2.883740322496794461e-02
2.877649723684883726e-02
2.881631854391838998e-02
2.863231184883305996e-02
2.848561483408567144e-02
2.877438708426337602e-02
2.842552048727017833e-02
2.880654852636013036e-02
2.859659140396368995e-02
2.848215835295177592e-02
2.846179710833007109e-02
2.862621533608764729e-02
2.854423348120489062e-02
2.860334572495547983e-02
2.844492921353288656e-02
2.847612571805843013e-02
2.846091789503267175e-02
2.825564767855025944e-02
2.861375273949100934e-02
2.849708719254420708e-02
2.861767088620363955e-02
2.810606189342376715e-02
2.866692304540130465e-02
2.860975073407805852e-02
2.836439639494001130e-02
2.859171935171337872e-02
2.848503610501736463e-02
2.843029493791966039e-02
2.843083296709536523e-02
2.836143625471494040e-02
2.852004733870157696e-02
2.835856298538631109e-02
2.833694536115584708e-02
2.844020262411953853e-02
2.845764258406651565e-02
2.819833979048592607e-02
2.856232814240403789e-02
2.838444132794882419e-02
2.854871449497995914e-02
2.828588532011257553e-02
2.863295425241653078e-02
2.841588724216823070e-02
2.859356926830381590e-02
2.849192091436009849e-02
2.845165117568437124e-02
2.846018464929436081e-02
2.846040781356334870e-02
2.858572683711303394e-02
2.839023049600557930e-02
2.851748919468898719e-02
2.834298777790566007e-02
2.830474935838739325e-02
2.829133102774626998e-02
2.824101279446463580e-02
2.818532761589031058e-02
2.821417412134213931e-02
2.810557576086939943e-02
2.881179994151497614e-02
2.813615002021629258e-02
2.897012819663665265e-02
2.792220381059693640e-02
2.826267685353434089e-02
2.799557112045450435e-02
2.808113701989879349e-02
2.814750011852012318e-02
2.792861710725311197e-02
2.815900987896278324e-02
2.814741892691228348e-02
2.814973010149203134e-02
2.810213027173776718e-02
2.809229164737314655e-02
2.799304902729510269e-02
2.795605016645246257e-02
2.801090882495412340e-02
2.807791237546073890e-02
2.804112055297621614e-02
2.793482415087570822e-02
2.790900066856415521e-02
2.800591069193680144e-02
2.807788090480677762e-02
2.797364768184169154e-02
2.798206435651003424e-02
2.799043891628437766e-02
2.801834649320020243e-02
2.792768056033384516e-02
2.800670933693134509e-02
2.801947542894259874e-02
2.810868847957173622e-02
2.793537831973850680e-02
2.800246985237262592e-02
2.803226983273059830e-02
2.811160711736595402e-02
2.785744007340240636e-02
2.797502707711445671e-02
2.795887761883501452e-02
2.796094717631835216e-02
2.783671045210853179e-02
2.784873472317552293e-02
2.776943568297948056e-02
2.776434577697195483e-02
2.775248928678026444e-02
2.767702461651789375e-02
2.811668810030272178e-02
2.825921119891370778e-02
2.786127413058591198e-02
2.797949012673158278e-02
2.793819401404606245e-02
2.768888051163806430e-02
2.781759600436169502e-02
2.778119417610073680e-02
2.778109590566057996e-02
2.768036624409520030e-02
2.773167411802287402e-02
2.771328096219028564e-02
2.769670446387997864e-02
2.759196451274998838e-02
2.757796830987646608e-02
2.762690394917770992e-02
2.749425631614603807e-02
2.765456574349501803e-02
2.755029195062695321e-02
2.765432052504041699e-02
2.764967636377484855e-02
2.762078459326745491e-02
2.763406663842760819e-02
2.788522113805055186e-02
2.756962471274697693e-02
2.773561475649723856e-02
2.747503522565559325e-02
2.768594096300060550e-02
2.752056929907363905e-02
2.764924100993650449e-02
2.761772556394266262e-02
2.780092145121278516e-02
2.751573573448413274e-02
2.760963812003637205e-02
2.752381570586513032e-02
2.752933294918189638e-02
2.755246271181967938e-02
2.759021312327973943e-02
2.753576862103789685e-02
2.750774046044500779e-02
2.749335115541119354e-02
2.751540254523792556e-02
2.733974358381432296e-02
2.753174200397407595e-02
2.741414074094021894e-02
2.741479350951893032e-02
2.731437926230537161e-02
2.730317656719683655e-02
2.724295585189918240e-02
2.715707488028559075e-02
2.710663787794809904e-02
2.723437447524246907e-02
2.695600174988439443e-02
2.715002796725182743e-02
2.707809170991042763e-02
2.708166623516381974e-02
2.706814566582990689e-02
2.704153189611148075e-02
2.706750354906653500e-02
2.695605431226463788e-02
2.709140865564808182e-02
2.697563019500973103e-02
2.713834662069046152e-02
2.692345508732705422e-02
2.695630888319148349e-02
2.695969681173179811e-02
2.703096564260016807e-02
2.671662245635920627e-02
2.712073544824907673e-02
2.675923465957131750e-02
2.698333915661231194e-02
2.684928665441973367e-02
2.685597151010559597e-02
2.684238615896079524e-02
2.690585449787049471e-02
2.688136458985840305e-02
2.687861556632941198e-02
2.688076801473948674e-02
2.687685342790758353e-02
2.686889074534069485e-02
2.655802332465504942e-02
2.687838023670733809e-02
2.677178996065938607e-02
2.675312442477332381e-02
2.674219531069755781e-02
2.671083303205535817e-02
2.664670127208839182e-02
2.676130200974315490e-02
2.662233615420488836e-02
2.692415986665263120e-02
2.659397270551175363e-02
2.680905466413451357e-02
2.665443269176099791e-02
2.665920689904346247e-02
2.663534240091862751e-02
2.660255733726877778e-02
2.659583058065526084e-02
2.659552114390427782e-02
2.659934217190233416e-02
2.665806703301019237e-02
2.643860654022318554e-02
2.673317550957532429e-02
2.651034567995134289e-02
2.670804931252707126e-02
2.666428985626780740e-02
2.664498435404645885e-02
2.661547427716490222e-02
2.661035800266772777e-02
2.660378118434523348e-02
2.667236471148502069e-02
2.658583106438701035e-02
2.665763029753925178e-02
2.653554303901795031e-02
2.653328788933478205e-02
2.683323114796879946e-02
2.636234579382425863e-02
2.676559811290701169e-02
2.644389807225078215e-02
2.661833339607948615e-02
2.653559972381206583e-02
2.653669753240282120e-02
2.657357373648667337e-02
2.656246925751249571e-02
2.652128958627388358e-02
2.650570953997164955e-02
2.648562041602224235e-02
2.649215314120372325e-02
2.641714079528029863e-02
2.660985704363123469e-02
2.611651450548583761e-02
2.648761598778063761e-02
2.635369302532052441e-02
2.656488853847397899e-02
2.639723685716720974e-02
2.643479455515304610e-02
2.646000218700108458e-02
2.635172433511772522e-02
2.632618430961706710e-02
2.632360464260697502e-02
2.636838975538603053e-02
2.623503372624241825e-02
2.630993171897603664e-02
2.619117047776227739e-02
2.646290751698129884e-02
2.615447438771714705e-02
2.632868595225285047e-02
2.625734875717104441e-02
2.623377933875263232e-02
2.617671996401767578e-02
2.620215379828306351e-02
2.617460205214404770e-02
2.611967570884091150e-02
2.624754713870038406e-02
2.605562012858214649e-02
2.620037086378126240e-02
2.602000390724127504e-02
2.613793642141747781e-02
2.608140549018854795e-02
2.612390135710166567e-02
2.596715255931836969e-02
2.605014849312884892e-02
2.601863739084280674e-02
2.603673624147266955e-02
2.603882125029796657e-02
2.594866742624934303e-02
2.599714159039116096e-02
2.597816190527586083e-02
2.599393285469372289e-02
2.598826166846924385e-02
2.593327892439202878e-02
2.607660336543650079e-02
2.588724239568001087e-02
2.610058161097964652e-02
2.587628738651536267e-02
2.596742532985499979e-02
2.595523125431138320e-02
2.597478897594421993e-02
2.597362013204981834e-02
2.599552819289711186e-02
2.591755598925815640e-02
2.588657962002743895e-02
2.595084411924391057e-02
2.575513794042348301e-02
2.594541764588135374e-02
2.581082473346400438e-02
2.586987641250739628e-02
2.583356284923505469e-02
2.588185142969589431e-02
2.586721089688927971e-02
2.581548884471186051e-02
2.583190816271343365e-02
2.572279008553488705e-02
2.583460140518877360e-02
2.571314018568609389e-02
2.583257663448326052e-02
2.573079380856315226e-02
2.577387906813122243e-02
2.574668525887181467e-02
2.572912637466902644e-02
2.570808366277355095e-02
2.574382016551686816e-02
2.564473031476544040e-02
2.578066897592443812e-02
2.557106704556919019e-02
2.582272819689583263e-02
2.545528025716536219e-02
2.568393561762168445e-02
2.563850670318844685e-02
2.559287237759184583e-02
2.550641459305659844e-02
2.563427510476484067e-02
2.555556162821630978e-02
2.538756273434878905e-02
2.561239424455896696e-02
2.548162874809624737e-02
2.557433721448630973e-02
2.557308210740381199e-02
2.557814899100637265e-02
2.558378704740826848e-02
2.559037390500130266e-02
2.553101333524459074e-02
2.559052782337352047e-02
2.543780099980601575e-02
2.567267220625578730e-02
2.542123019796084168e-02
2.552034944829206092e-02
2.546616187359808728e-02
2.538492386209438220e-02
2.543222522386745510e-02
2.539164409225092706e-02
2.539812584844073490e-02
2.537272175144456021e-02
2.528464363053584130e-02
2.533950446653362998e-02
2.515420402563802241e-02
2.558511440553106267e-02
2.518645341797660225e-02
2.545204298311755722e-02
2.527138531805630042e-02
2.531315682226820823e-02
2.530934166829271192e-02
2.529309893902143003e-02
2.527528345813981336e-02
2.526715245309825095e-02
2.523909281936557655e-02
2.519575113300067185e-02
2.523005484046600411e-02
2.511269268568118787e-02
2.526061909637914923e-02
2.492290638405812719e-02
2.521725116565291108e-02
2.503733013763024401e-02
2.517510877967700858e-02
2.506167656556778506e-02
2.514584300213378726e-02
2.517118215185044222e-02
2.513255222318793586e-02
2.512315577458240634e-02
2.514027650522099311e-02
2.512720019757110762e-02
2.506353108095212348e-02
2.504828467489172289e-02
2.504050434045716408e-02
2.501799579558141445e-02
2.499829503011058093e-02
2.495323108109795754e-02
2.493185600493898896e-02
2.475332430570317474e-02
2.513376700393430557e-02
2.484099402697769604e-02
2.501251230612343626e-02
2.499599591617437597e-02
2.492476478939645995e-02
2.495612188346890345e-02
2.489112685973711089e-02
2.489395005887533319e-02
2.478008539588019699e-02
2.492907771334425260e-02
2.473756002858000166e-02
2.489254779789352306e-02
2.475041236743544953e-02
2.485962877153062231e-02
2.483879627961526823e-02
2.483251480335023700e-02
2.475342050531586721e-02
2.483451646399173485e-02
2.475958489464932799e-02
2.473262223761886133e-02
2.475397535159182608e-02
2.472166513161003915e-02
2.470582580381039395e-02
2.467724234796427746e-02
2.464435185761620212e-02
2.463630939398486069e-02
2.450508671502587763e-02
2.472257109511863046e-02
2.454189181701905281e-02
2.465224872121365637e-02
2.461135809693927243e-02
2.458143208317568190e-02
2.463531426381875347e-02
2.462529835608677151e-02
2.461864510876313542e-02
2.461232495205428750e-02
2.456157805088730189e-02
2.460531359774729976e-02
2.448016843461992345e-02
2.462910384068352221e-02
2.447650217989872506e-02
2.458990310019971287e-02
2.459013362179610779e-02
2.457425772740489192e-02
2.458254186697656635e-02
2.446502706801422303e-02
2.452769569235613983e-02
2.451093505975680473e-02
2.454147513223675983e-02
2.444473928544109095e-02
2.445859516122297558e-02
2.443435699719525428e-02
2.447228468194312043e-02
2.445809716998941646e-02
2.444918416144288564e-02
2.436482136255739908e-02
2.446060081863982161e-02
2.419430277365394039e-02
2.443043677877219932e-02
2.432166445047481695e-02
2.442742524916961117e-02
2.434707782601065740e-02
2.434636009093578413e-02
2.433281122947316896e-02
2.431599209556554314e-02
2.426030839267807535e-02
2.424613992377411265e-02
2.421945829889546320e-02
2.419588297281217298e-02
2.424051601149400034e-02
2.426293854538748296e-02
2.422089320712805111e-02
2.425579206164142979e-02
2.411448880066724074e-02
2.426442391386748540e-02
2.415737539516867385e-02
2.416773767842887027e-02
2.416821917600451772e-02
2.413334880174463834e-02
2.411199475719903035e-02
2.409924188503548281e-02
2.406750522165467671e-02
2.417183270897912267e-02
2.414547141587275111e-02
2.406492474838459183e-02
2.410800023188176128e-02
2.409171621688852710e-02
2.408138488676662275e-02
2.411787604827420745e-02
2.409996576456066575e-02
2.408641916151740489e-02
2.406386996543214210e-02
2.406919108528983789e-02
2.406035001691012726e-02
2.392130582859808285e-02
2.430044882074130358e-02
2.398534596117464501e-02
2.414000731689194129e-02
2.402178453441381964e-02
2.390156203669977983e-02
2.405068393977744662e-02
2.400187926027008700e-02
2.399361889048848631e-02
2.392656602411508474e-02
2.402713033400297876e-02
2.393957567909151679e-02
2.399955110736120764e-02
2.397524737078194149e-02
2.400009511113996782e-02
2.394830639308861975e-02
2.389834059580937808e-02
2.399812199972884211e-02
2.387589391762520025e-02
2.396517996015548602e-02
2.395840122787455326e-02
2.393449465577961177e-02
2.394070019063223448e-02
2.393462406155320507e-02
2.392819800969814281e-02
2.389694636273475420e-02
2.387732453196220878e-02
2.391768869859553850e-02
2.382734083685627419e-02
2.386637051591577324e-02
2.402423818140907857e-02
2.380040848837962700e-02
2.393404727790916092e-02
2.384233263891620547e-02
2.384169263950470033e-02
2.383023081369620502e-02
2.383884693828053347e-02
2.381834349024717495e-02
2.379965165864418239e-02
2.377737570406795314e-02
2.386940884952811967e-02
2.378748871050578514e-02
2.363772637849007041e-02
2.388961953176408498e-02
2.369528166480711073e-02
2.382433356713811040e-02
2.374860720590024274e-02
2.380747741894674585e-02
2.373907176325043902e-02
2.375866446738676349e-02
2.375134079991315580e-02
2.372223682033635511e-02
2.372417240379175521e-02
2.362916531937631071e-02
2.383664112062705218e-02
2.369390045158650468e-02
2.365666897501596949e-02
2.367049199188995742e-02
2.361184764929597987e-02
2.362275943379397655e-02
2.359903610263790544e-02
2.357313961258358445e-02
2.355983158299716079e-02
2.366946637588723465e-02
2.341397422440043979e-02
2.365512391630679445e-02
2.348968841690013409e-02
2.360213141936429518e-02
2.353437361547340914e-02
2.356837187484966609e-02
2.352367448890848797e-02
2.356440214713121165e-02
2.355796073249672926e-02
2.353219420284081986e-02
2.353844813374505671e-02
2.351379219514524235e-02
2.345956735540306176e-02
2.345875205841477934e-02
2.345579934103927261e-02
2.337049052745875100e-02
2.352423567082405700e-02
2.338613553430879746e-02
2.343763202131365214e-02
2.344803906537595850e-02
2.342159078124646937e-02
2.341370737021412213e-02
2.340083614533248341e-02
2.338794120007853250e-02
2.341340096916461402e-02
2.333309187376883184e-02
2.347766724576861794e-02
2.343277988534893386e-02
2.335259336653070644e-02
2.333937434829819191e-02
2.338353425578913042e-02
2.333263693441593387e-02
2.337292284835537984e-02
2.334781230065172825e-02
2.331910700580536178e-02
2.328353209760524595e-02
2.326814649926936540e-02
2.323811923855433059e-02
2.321593413499873845e-02
2.316020301713741375e-02
2.313581843568687790e-02
2.310647496959439273e-02
2.304402838117079397e-02
2.294819258600980932e-02
2.375583398722736633e-02
2.305938043910422258e-02
2.346049449015210134e-02
2.312901279177222852e-02
2.301519318100690714e-02
2.325825046944909186e-02
2.307600932515001604e-02
2.304065188169693995e-02
2.299609907602142775e-02
2.314497918221874312e-02
2.300059649514374360e-02
2.306466926058142394e-02
2.300711896254897110e-02
2.297890555187603184e-02
2.308741097318763036e-02
2.303619612044919412e-02
2.302565116516155225e-02
2.301091546141093708e-02
2.301959453293608154e-02
2.300920885559967766e-02
2.301351153546369807e-02
2.295180881733999839e-02
2.296396471489852570e-02
2.294356911266745222e-02
2.299837213288580956e-02
2.283844031254118195e-02
2.299226671763501470e-02
2.286659309207594512e-02
2.292870107977758309e-02
2.290247543965527599e-02
2.298865507182326975e-02
2.289518012132786551e-02
2.286842418666094889e-02
2.293190900254312922e-02
2.284628558647543856e-02
2.283837857097617205e-02
2.285105080945530262e-02
2.283146026844050727e-02
2.281584336561232398e-02
2.286020284565693644e-02
2.281085141256631449e-02
2.279417107386890948e-02
2.277254302168611744e-02
2.292750188621588137e-02
2.278701689843220732e-02
2.274930143384952183e-02
2.283068107506686789e-02
2.274727295185959702e-02
2.273915103178966030e-02
2.276772738222327536e-02
2.271320116926412933e-02
2.278560015107353176e-02
2.275167005425782901e-02
2.274487743495921810e-02
2.276961254427369713e-02
2.274452077919709297e-02
2.268253455215429870e-02
2.279577979197901921e-02
2.270921391487294716e-02
2.271899750968185000e-02
2.271515208382012332e-02
2.268490811429274209e-02
2.266840066205009704e-02
2.273388731566393026e-02
2.262906878584347928e-02
2.269046037868181417e-02
2.263819918111801763e-02
2.264270393686534585e-02
2.262249114427524604e-02
2.265951454193079057e-02
2.263440459108542052e-02
2.261889054397845863e-02
2.260853696290097276e-02
2.259562976902484630e-02
2.258826080939354761e-02
2.255273225866240988e-02
2.253751110889645054e-02
2.265452508241373730e-02
2.246617825633842949e-02
2.251127744062308630e-02
2.264113536999746296e-02
2.249392560490385412e-02
2.258119096865860570e-02
2.250457500051048637e-02
2.249222647456945029e-02
2.252508652625411292e-02
2.248056246807666678e-02
2.254674242658277761e-02
2.245042010100282287e-02
2.250141812157019014e-02
2.252491300994092366e-02
2.249258967319335556e-02
2.249630309637262737e-02
2.248967556602982087e-02
2.249875798082202200e-02
2.247967385468898835e-02
2.250158609095907064e-02
2.255148763384766386e-02
2.251855020019269057e-02
2.252257898049924573e-02
2.252565244587093757e-02
2.250146958537364156e-02
2.258515178444501365e-02
2.243040851238251726e-02
2.253687095593880779e-02
2.245556950090773704e-02
2.250641929003426717e-02
2.253589187883075357e-02
2.248815258820973523e-02
2.248277528333863726e-02
2.247357832401156510e-02
2.246813201642531427e-02
2.249106915560739051e-02
2.247393873132844111e-02
2.244274240553387201e-02
2.246271602732697811e-02
2.244832594479334587e-02
2.239449315546333114e-02
2.249799023970101147e-02
2.232914029021921057e-02
2.247633291964344637e-02
2.240798052064244678e-02
2.238107462333282713e-02
2.238616487758485554e-02
2.236379735732786991e-02
2.242269984857276147e-02
2.236462953031866790e-02
2.238702680054998825e-02
2.237074647344307679e-02
2.238957528655360560e-02
2.234749368832105593e-02
2.239512489736586107e-02
2.234636762557141304e-02
2.241988913869246564e-02
2.231129615052882681e-02
2.236205377438952799e-02
2.232650212417998034e-02
2.231097583958957867e-02
2.231918306070112754e-02
2.227711383306445886e-02
2.234829957417237487e-02
2.227096669864920414e-02
2.224928129369770774e-02
2.230642185217364751e-02
2.226612423307385361e-02
2.226582123602753246e-02
2.225144238359395149e-02
2.225131663624189265e-02
2.224184399029140169e-02
2.226026855205757646e-02
2.224384680036302006e-02
2.220472265272830162e-02
2.224511480906493643e-02
2.219043773488322754e-02
2.239769067118632315e-02
2.219927589786442959e-02
2.222849512769975444e-02
2.222047990408419077e-02
2.215143139331457456e-02
2.216462126318812648e-02
2.219091517972261035e-02
2.221814763293646078e-02
2.215227581427495901e-02
2.218025905772397569e-02
2.215591036033265349e-02
2.214875257862021843e-02
2.214223944683852904e-02
2.214293341795994102e-02
2.214175979168972463e-02
2.221583249649383002e-02
2.216417790461616341e-02
2.215398679728245585e-02
2.214292618892745729e-02
2.213884649711831895e-02
2.216029704148975848e-02
2.214009896315479592e-02
2.215884168189123302e-02
2.216718764792328239e-02
2.211924446431192889e-02
2.217986576620891229e-02
2.209914307842943473e-02
2.208422359588481723e-02
2.219935447593252703e-02
2.206752201872890992e-02
2.210518238082416487e-02
2.207473419656449942e-02
2.214155321232862822e-02
2.209171986039629859e-02
2.208292455266581619e-02
2.209692801842803520e-02
2.209734768375438627e-02
2.206708087119987199e-02
2.215180405568733732e-02
2.203974687068327096e-02
2.209989252014556843e-02
2.208219164383599942e-02
2.199934490302738604e-02
2.212697266457379353e-02
2.202456241876586673e-02
2.209677045070309459e-02
2.205138174940064061e-02
2.204521412919803469e-02
2.204412414728311453e-02
2.202400340735833836e-02
2.210136732226292144e-02
2.201205177877333524e-02
2.196036937966775598e-02
2.203958629327944230e-02
2.197818070433581530e-02
2.197642259026915887e-02
2.198369541585223907e-02
2.201748385327322380e-02
2.198614323212270613e-02
2.197817656426797120e-02
2.197329214650601409e-02
2.195894286014948502e-02
2.196845642674078933e-02
2.195035923347684464e-02
2.193568867958937615e-02
2.192491649747666665e-02
2.190480450252358519e-02
2.191612164662099307e-02
2.194142697612557272e-02
2.194802909717155637e-02
2.184101031761830070e-02
2.193834850708389211e-02
2.186600125748450196e-02
2.187600662761409256e-02
2.188881256342884926e-02
2.189153390317710030e-02
2.183787630724086729e-02
2.184953686028009989e-02
2.185314043908281184e-02
2.183393044335651262e-02
2.181619706425529798e-02
2.180837600368089324e-02
2.174209526401133658e-02
2.193424904959346416e-02
2.177993818094890732e-02
2.189148248140910732e-02
2.177053455990658054e-02
2.182034797947928970e-02
2.179218175915530187e-02
2.177442778432143317e-02
2.175522215396231973e-02
2.174608293262419306e-02
2.173075153390842743e-02
2.174965450241565790e-02
2.174073417664109525e-02
2.184264330540206314e-02
2.181681480692262282e-02
2.173799483795199258e-02
2.175167213736528549e-02
2.169237625320722535e-02
2.180200454570436000e-02
2.171222266545588114e-02
2.174612174776516249e-02
2.177934030683569694e-02
2.171802810708432438e-02
2.170314895614899181e-02
2.174463890780079650e-02
2.171303762323718162e-02
2.169468960825522014e-02
2.174482059659612124e-02
2.176057827743007808e-02
2.174341040338541656e-02
2.172420454194113476e-02
2.171638495965109300e-02
2.173519511353290412e-02
2.173807981751773796e-02
2.173116841695399079e-02
2.160796555164208946e-02
2.172597844577354304e-02
2.173251936361380449e-02
2.168256444163556285e-02
2.169234805482415929e-02
2.168037629195112420e-02
2.169955871577217837e-02
2.170778490648987008e-02
2.166652778470191248e-02
2.184320371027539259e-02
2.167247347263950505e-02
2.168752182972093906e-02
2.166682898089416706e-02
2.177560843336074498e-02
2.166871517824849741e-02
2.173355328102477557e-02
2.167134773400589479e-02
2.169076975879890429e-02
2.169142349243601692e-02
2.167358520134947744e-02
2.171736574592457100e-02
2.166924842258745668e-02
2.169720553284586531e-02
2.164467871398132251e-02
2.168891685798286090e-02
2.167619825399216479e-02
2.166297158838121489e-02
2.165127876060099488e-02
2.163918186818668959e-02
2.164707135064041638e-02
2.163617737754510578e-02
2.162455718317836048e-02
2.162218889103789676e-02
2.160332715741130824e-02
2.162054900415323611e-02
2.153596321652714515e-02
2.169722567640821470e-02
2.157574029346757266e-02
2.164175997680929664e-02
2.157027211320354174e-02
2.159300156461863712e-02
2.157500865804079515e-02
2.156191225884315082e-02
2.157441013831753324e-02
2.159688176404345183e-02
2.153245434876456879e-02
2.155976286115945245e-02
2.156667729383658638e-02
2.155774530656659818e-02
2.154900584532467092e-02
2.154095283514215892e-02
2.152284484243266807e-02
2.142025779785843714e-02
2.165889137355989091e-02
2.147764507440687309e-02
2.158596834873319908e-02
2.148830357046950870e-02
2.154989649247458436e-02
2.152092554211383624e-02
2.153001835567077901e-02
2.151920168006053041e-02
2.151024496781320933e-02
2.151516624627104052e-02
2.153493501098286897e-02
2.150527969530979105e-02
2.159232405364013702e-02
2.152954603249874685e-02
2.155465470765360186e-02
2.150671751260187919e-02
2.153881581155076344e-02
2.149671470734355189e-02
2.154084237237456623e-02
2.153084788231122287e-02
2.151866024809915429e-02
2.151915060119426182e-02
2.146547208945088700e-02
2.153386698488017267e-02
2.152184736260861000e-02
2.153567168703062265e-02
2.152291474910753705e-02
2.152770661097985760e-02
2.149241207513104268e-02
2.156056289140265148e-02
2.150945921106376182e-02
2.154491275712760653e-02
2.148662944625965784e-02
2.151347312362925437e-02
2.149699170826619224e-02
2.150331697509986345e-02
2.149444047564471119e-02
2.148384582581235741e-02
2.145339938004183974e-02
2.153024428869022150e-02
2.144681340459956426e-02
2.149651801120321809e-02
2.151113920733453699e-02
2.150074862670678377e-02
2.149298049270487523e-02
2.148307468804059109e-02
2.143970195418883756e-02
2.150892549327616116e-02
2.148554113082308190e-02
2.148182642270261844e-02
2.144168757096780870e-02
2.145837710206822610e-02
2.139400770333142049e-02
2.144417034843993514e-02
2.139713476608343795e-02
2.144526289768073843e-02
2.143547085830722204e-02
2.142123893106036986e-02
2.137956623066877490e-02
2.139525673012770968e-02
2.136109853615867846e-02
2.137533331231052450e-02
2.143395413506209157e-02
2.140339608500183011e-02
2.134317730244130948e-02
2.137227192310487203e-02
2.133713868798103180e-02
2.132405732960612060e-02
2.133949558849139796e-02
2.139818011490495636e-02
2.135787520382526755e-02
2.129519311064569445e-02
2.132391251158042428e-02
2.128320760496518402e-02
2.127231360583536207e-02
2.131894706760417008e-02
2.136301317987395615e-02
2.135034175272313567e-02
2.125893501567406238e-02
2.131435939601820234e-02
2.135083975950239146e-02
2.132865451188211553e-02
2.126262622249501869e-02
2.127831837382477415e-02
2.126516074136369436e-02
2.128748229600472414e-02
2.133250646367663289e-02
2.129724819514718440e-02
2.128177436681633061e-02
2.127547214610246359e-02
2.125688970337045666e-02
2.124581254401376740e-02
2.123960096214975654e-02
2.122539300098182785e-02
2.125785274655313598e-02
2.125038239194415590e-02
2.123544138210121252e-02
2.124058047326297938e-02
2.122313464773579322e-02
2.128607084083159601e-02
2.118368834506175261e-02
2.129228715158032817e-02
2.125330507336687519e-02
2.127399634218624797e-02
2.121048568787763794e-02
2.125771645194795417e-02
2.127683848279866147e-02
2.127648305934190867e-02
2.123435076026557872e-02
2.125009806053557507e-02
2.126268554022548579e-02
2.122343904842576706e-02
2.126990176287784501e-02
2.126226569847355918e-02
2.122352716660067667e-02
2.122123230655371257e-02
2.123165361757723898e-02
2.120891268919732758e-02
2.125149896473145852e-02
2.124586803043958597e-02
2.121883705433831938e-02
2.123372106394334075e-02
2.119497479412819213e-02
2.123335931281068734e-02
2.119772531500946355e-02
2.126206351778656481e-02
2.121888723230357793e-02
2.123666444086603350e-02
2.122304863327764690e-02
2.121289919653870926e-02
2.120344777960632421e-02
2.121734815739886176e-02
2.119845393399682337e-02
2.119814205074571981e-02
2.119131649383898530e-02
2.124099950552287702e-02
2.121476307847748946e-02
2.121679846017202054e-02
2.116021408530685544e-02
2.119155024390282499e-02
2.117685432641085858e-02
2.117059503364364728e-02
2.117759765640327835e-02
2.109239531620783065e-02
2.132584587421018640e-02
2.125473954310590566e-02
2.123278670589458933e-02
2.122725996119678368e-02
2.117439931513541429e-02
2.114805365061853473e-02
2.115951775597849430e-02
2.114240318174371441e-02
2.112978394442099894e-02
2.112042074478908543e-02
2.117607158696448513e-02
2.119289070648113990e-02
2.113871720869150636e-02
2.115220043182644907e-02
2.116612254035549895e-02
2.115628305202146842e-02
2.112760453600105726e-02
2.112941832487673366e-02
2.109917883891665458e-02
2.110066912706220002e-02
2.109031894076213512e-02
2.108605587862875247e-02
2.115786954312978696e-02
2.107744740725717159e-02
2.107363363852712487e-02
2.104320024978342460e-02
2.108851195141044771e-02
2.110923957079445176e-02
2.108289942616877605e-02
2.104864202747743981e-02
2.112036035060640277e-02
2.105019582982619458e-02
2.110214404197493718e-02
2.111241706704693535e-02
2.109788745280286731e-02
2.105418982800520006e-02
2.107727347331146694e-02
2.107480237867037642e-02
2.109971638421798135e-02
2.112751867907444389e-02
2.108616483937551106e-02
2.107944024107961944e-02
2.111164113870774017e-02
2.104961072959739277e-02
2.108812463888359162e-02
2.106539373470989185e-02
2.106546526339397180e-02
2.105956062866086442e-02
2.108312470176677486e-02
2.107740509753598321e-02
2.113050019630801496e-02
2.107372919689740748e-02
2.106717093945310176e-02
2.104347264521605129e-02
2.107621445962862966e-02
2.103729237613320008e-02
2.112848555197970740e-02
2.103545262087788345e-02
2.102999311376659713e-02
2.103886663334633006e-02
2.105178938756819412e-02
2.105218376804220831e-02
2.100229701075770339e-02
2.106337737249550091e-02
2.101280423131410974e-02
2.106242372045414452e-02
2.105339627665769181e-02
2.106023894442415195e-02
2.104566995883357106e-02
2.101958017399371131e-02
2.102194729811219381e-02
2.101865631517457408e-02
2.102841450716343846e-02
2.101886458867358726e-02
2.112460302749268048e-02
2.101576104475640777e-02
2.099989459648368695e-02
2.098504636924595351e-02
2.100356980372666479e-02
2.098155341723156875e-02
2.098969355943173382e-02
2.090781961836269548e-02
2.098693804126944631e-02
2.098691321656891845e-02
2.097496470359973622e-02
2.094850117165191275e-02
2.095216006171284756e-02
2.094735066270238255e-02
2.094773054342706151e-02
2.097008907316634876e-02
2.109257870465282986e-02
2.093666261701264061e-02
2.095990599587752717e-02
2.093812320842895758e-02
2.094288921112431867e-02
2.093765132794506850e-02
2.091331672882775286e-02
2.106376670735784010e-02
2.090997894060105805e-02
2.100598669883734643e-02
2.092442928827777451e-02
2.095823769780513074e-02
2.094554503056634057e-02
2.093418537095998941e-02
2.091934582095799494e-02
2.090483847574352641e-02
2.096178696879643505e-02
2.091916581011786513e-02
2.093653878693838358e-02
2.093184255756588147e-02
2.092871452424026682e-02
2.091493731311123982e-02
2.095466146362165785e-02
2.090167772184213860e-02
2.096192788492948211e-02
2.092953076789892328e-02
2.092758691290601616e-02
2.092121056255497047e-02
2.094394290759436783e-02
2.094906669059010823e-02
2.091474952051533553e-02
2.091915959016880933e-02
2.091800289683146130e-02
2.094872581090292257e-02
2.094743604681865642e-02
2.097081961283688706e-02
2.088646244331831062e-02
2.095073687911245056e-02
2.090016472462294730e-02
2.093392856704371502e-02
2.092354155199541849e-02
2.091988845398787614e-02
2.090868015328128243e-02
2.090526498876906294e-02
2.087937751764581615e-02
2.088064393448264139e-02
2.089580025203520430e-02
2.085317678200593675e-02
2.092353586229287257e-02
2.086444148761564671e-02
2.089898281061240010e-02
2.086736945133979212e-02
2.088263904188267586e-02
2.086942746156724565e-02
2.086446729732923180e-02
2.086104128350224976e-02
2.085466877422044799e-02
2.085509814048975424e-02
2.087529588317773785e-02
2.081354772611262310e-02
2.086942786389785892e-02
2.085443865324091220e-02
2.085771081160137097e-02
2.085482447575931833e-02
2.084832973450815446e-02
2.082230807265123690e-02
2.082030450410719824e-02
2.082204115358383262e-02
2.081835338893438594e-02
2.079393248708470698e-02
2.093476257715999600e-02
2.079184077977796336e-02
2.089501045503635440e-02
2.081433626524149816e-02
2.081385162885446977e-02
2.080557097537613989e-02
2.085716114544387823e-02
2.079562215367500994e-02
2.082635244589672169e-02
2.079605199300916391e-02
2.080146224395053312e-02
2.081066207639600124e-02
2.079563838213210197e-02
2.079229161745670823e-02
2.079806926816875345e-02
2.079709708298777687e-02
2.078981084985200706e-02
2.079928311217164524e-02
2.080469453058977208e-02
2.080274290360567199e-02
2.077977161016426877e-02
2.088331966679179627e-02
2.077337399987405631e-02
2.082087926196979702e-02
2.079026005540551142e-02
2.077585659193060402e-02
2.075681738988158914e-02
2.079743019060802459e-02
2.077656364128941530e-02
2.076800717976497179e-02
2.076219105870504358e-02
2.077814010422057017e-02
2.076256213448758256e-02
2.077877722332593935e-02
2.075192853073546534e-02
2.081815980127355026e-02
2.076179754455815055e-02
2.080011112720163424e-02
2.076093725415797606e-02
2.078229284532612242e-02
2.077379325685321451e-02
2.076740562055110276e-02
2.076878253116188830e-02
2.077743967621654975e-02
2.078122296987103615e-02
2.077129896515871044e-02
2.073780382025999097e-02
2.074282466606936978e-02
2.079809103338864720e-02
2.074438162117682102e-02
2.079092802512571073e-02
2.075449863097351619e-02
2.075744816807920459e-02
2.073303879351018342e-02
2.074828752942852600e-02
2.075349991815417933e-02
2.074495068508639545e-02
2.073937411630859609e-02
2.072228966724648860e-02
2.071377612519417072e-02
2.079662513521306905e-02
2.072192718477570278e-02
2.075301843360026141e-02
2.071427731448925377e-02
2.072921853632824635e-02
2.071946954685643244e-02
2.074561586739883876e-02
2.072155810188258673e-02
2.072148363708783969e-02
2.069344448942948486e-02
2.074214290393413054e-02
2.067806907813003400e-02
2.072231621535258403e-02
2.071216420590023949e-02
2.071232257599398344e-02
2.073259986700922569e-02
2.070509935910729016e-02
2.070858792032751611e-02
2.068932907226048862e-02
2.071321956283549495e-02
2.070528022052165601e-02
2.064430703402980044e-02
2.068550406762486443e-02
2.058864672768364462e-02
2.069777437223913746e-02
2.062004794881378347e-02
2.067388032302553899e-02
2.064924068555927875e-02
2.065785681379763566e-02
2.067342206699311624e-02
2.067151645045069847e-02
2.066963274735067468e-02
2.065899724948657909e-02
2.064383081736006348e-02
2.068460721101447047e-02
2.060815863751403257e-02
2.064409451007020307e-02
2.065722852248226202e-02
2.066125832655332437e-02
2.065002123432814821e-02
2.065009330243851998e-02
2.064774941163775163e-02
2.063956924153435499e-02
2.065759147142730984e-02
2.064858332756525777e-02
2.062260874602341032e-02
2.063490906037088179e-02
2.061161096500817996e-02
2.074646379572679666e-02
2.063723456593673927e-02
2.070031337990313816e-02
2.062807759170605729e-02
2.064878006088601350e-02
2.063248475667420895e-02
2.063942211156732237e-02
2.065564711093683878e-02
2.062796509187358324e-02
2.064460077143308661e-02
2.063212841421315294e-02
2.064547583635782668e-02
2.064486522611937852e-02
2.063581396397580481e-02
2.052397028755876401e-02
2.064595149441882799e-02
2.055704229629566268e-02
2.063739456089486515e-02
2.059367684057538533e-02
2.063446129698607440e-02
2.061179651602827040e-02
2.060193042366474311e-02
2.060595579852592465e-02
2.062585271573797938e-02
2.063764024045556048e-02
2.062126441203084026e-02
2.060742551332333736e-02
2.060160646857089883e-02
2.057922916009046616e-02
2.063972975298981535e-02
2.057529546812779386e-02
2.063810205186106597e-02
2.059724749522496082e-02
2.059113594497818250e-02
2.060158770385374372e-02
2.061459322042807213e-02
2.061100285130126886e-02
2.060221564387008930e-02
2.055865144757156385e-02
2.062881838911462262e-02
2.058788851142673987e-02
2.059028761708257133e-02
2.058528325404127696e-02
2.058583587537372861e-02
2.058725871842641969e-02
2.061439921755858773e-02
2.056007444263140138e-02
2.060403450690586474e-02
2.062258581420490372e-02
2.058397091701749324e-02
2.057563245153420234e-02
2.057856426445719977e-02
2.057674618722004842e-02
2.059574715713636400e-02
2.061202491651787511e-02
2.056642477566705471e-02
2.056576304311874895e-02
2.065104718192439098e-02
2.056804446629241848e-02
2.061754261314246647e-02
2.057283475599967076e-02
2.058979068638401924e-02
2.058731242817142190e-02
2.058168738969183911e-02
2.058403420127633693e-02
2.057589759797331247e-02
2.056170514623371220e-02
2.055858173493937610e-02
2.056418121195233845e-02
2.054799150164119195e-02
2.058273941027227716e-02
2.059019095662999524e-02
2.057147210461096956e-02
2.055285715633895990e-02
2.052407561047551662e-02
2.059794331696756381e-02
2.052874871036131782e-02
2.059023285071385351e-02
2.054605700469162161e-02
2.054372953133805357e-02
2.053698241760825577e-02
2.053037139862713342e-02
2.054542823534928966e-02
2.055938486378403041e-02
2.052439451908434978e-02
2.052036384488771861e-02
2.051281040162689431e-02
2.050218037731369597e-02
2.062153498554490649e-02
2.053074314337185319e-02
2.057067817507127194e-02
2.051348847341954995e-02
2.051386843287941394e-02
2.050309053251437447e-02
2.055775904715831381e-02
2.053326210912358868e-02
2.053903257916766395e-02
2.049591663729722485e-02
2.050830225516880531e-02
2.051737993195013737e-02
2.053246044233717274e-02
2.051041817611937157e-02
2.051039013718846532e-02
2.050759744271339960e-02
2.049943623915567725e-02
2.051468011749239470e-02
2.051877892458476432e-02
2.049537414559572668e-02
2.049327058860545697e-02
2.048859610294392897e-02
2.048190429721518518e-02
2.050160131655530404e-02
2.064423194914257603e-02
2.049016728568465312e-02
2.056608333619149714e-02
2.047925597464829092e-02
2.050076905804268032e-02
2.050822974858950570e-02
2.048987806082799845e-02
2.045239799621997173e-02
2.051537547987247051e-02
2.044738675742229644e-02
2.049222612335771521e-02
2.049713490587572184e-02
2.048458109154392345e-02
2.044875079575640686e-02
2.047198246800847540e-02
2.045454364034490075e-02
2.047080256096658543e-02
2.048690223564770402e-02
2.046206751898470635e-02
2.042727095733906650e-02
2.046486591465579083e-02
2.044563389143570081e-02
2.046080209379910059e-02
2.044098192378974305e-02
2.043451249257390023e-02
2.041123675715311031e-02
2.044558646712188454e-02
2.045441755713151705e-02
2.044968737657009566e-02
2.043811520744556048e-02
2.042324409885275249e-02
2.042641488322329696e-02
2.042731884516192642e-02
2.043485332948407132e-02
2.044473464837848892e-02
2.048253944650169772e-02
2.042518067476032512e-02
2.044179487227873807e-02
2.044385922378097117e-02
2.043372158955564927e-02
2.042519776667997902e-02
2.041919152165277279e-02
2.040259331052766273e-02
2.044508791835835532e-02
2.039632503097481980e-02
2.041395996256335083e-02
2.042402182311602379e-02
2.044776019619057306e-02
2.040237200159965639e-02
2.039471104548391811e-02
2.039045478897717756e-02
2.038041508324491685e-02
2.037140889749308389e-02
2.039304434295794236e-02
2.042711690958084331e-02
2.037508371643383456e-02
2.029958610375372230e-02
2.038055998368776267e-02
2.034516650575934199e-02
2.039361170406847265e-02
2.036246242950637969e-02
2.039823824136417427e-02
2.040692148576789267e-02
2.039903587025108239e-02
2.035614100007017771e-02
2.039094495242952179e-02
2.038811962984489815e-02
2.038919184585739203e-02
2.038576941768380918e-02
2.041179691963881590e-02
2.042754984445116148e-02
2.040354534408884632e-02
2.033541175302198273e-02
2.038284111114575456e-02
2.038229204657197174e-02
2.038148295534568388e-02
2.041296556122482869e-02
2.045365719706163793e-02
2.041950414146167375e-02
2.033380702722028394e-02
2.041371329891989578e-02
2.041588341206569679e-02
2.037031991748401369e-02
2.041435533737333621e-02
2.036493271104795541e-02
2.038280179390349056e-02
2.040015754365744061e-02
2.041392438028963308e-02
2.040427731448130749e-02
2.035593730499525578e-02
2.039538116080867602e-02
2.039866791130159895e-02
2.038597336963152845e-02
2.038744933245760158e-02
2.040351851628127017e-02
2.037722519577792740e-02
2.037952210663375452e-02
2.037195890617448518e-02
2.037273469090985362e-02
2.036553601314220960e-02
2.036045061349331040e-02
2.044549077314260915e-02
2.037494611665330649e-02
2.037814680622256416e-02
2.034794184243591750e-02
2.038329818389839759e-02
2.034972798800867289e-02
2.038149431797506989e-02
2.038364075863699845e-02
2.037130757698946484e-02
2.035083813616175505e-02
2.035009776284607899e-02
2.034774440842911439e-02
2.034368666395881473e-02
2.032918109526405531e-02
2.038373242431326324e-02
2.034431594380477909e-02
2.034796839185277345e-02
2.035257357535438794e-02
2.034179490777068139e-02
2.035384522313532160e-02
2.034460777714558466e-02
2.034337393161029031e-02
2.034185652513205433e-02
2.035655319777832095e-02
2.032965218629680798e-02
2.036132616962303687e-02
2.033657970882727511e-02
2.032281606720405878e-02
2.032531425067300376e-02
2.036445554207276520e-02
2.033418754913710741e-02
2.033730763418762494e-02
2.034632531196245084e-02
2.033318779321480890e-02
2.031953222083602087e-02
2.038250062405739041e-02
2.032470900363343019e-02
2.035250889670496208e-02
2.034810927387767712e-02
2.033192138128925644e-02
2.036936220627479435e-02
2.033936089305792352e-02
2.035210440988385189e-02
2.035498585244554723e-02
2.033591958907797481e-02
2.033554829797403277e-02
2.035457954664980640e-02
2.034362378147464706e-02
2.037225961472812277e-02
2.034006378051944966e-02
2.034075425312702884e-02
2.034081621904119605e-02
2.038273535126610900e-02
2.035507058761851229e-02
2.035098597708231982e-02
2.035801836331122688e-02
