6.388345349227345094e-02
5.308060127089730268e-02
5.041558035632279916e-02
4.757112239727592090e-02
4.409824236617600202e-02
4.193815302081828345e-02
4.040542586648504519e-02
3.888679397670279786e-02
3.814587939758875418e-02
3.877167504039787799e-02
3.554676650766583346e-02
3.336969199590927165e-02
3.164769569969868440e-02
2.919175434778708070e-02
2.856233895788767851e-02
2.789248895294933403e-02
2.777904648737817075e-02
2.738810134322828410e-02
2.712474552157773111e-02
2.565693240005352538e-02
2.474332356059339919e-02
2.499498654156512636e-02
2.408994477296027073e-02
2.382451274692534010e-02
2.374875203070800009e-02
2.375529402031133913e-02
2.386693467558251291e-02
2.364487687174955319e-02
2.376606293270738107e-02
2.367271062939455342e-02
2.357718006908018221e-02
2.362372997098764055e-02
2.356365041319952863e-02
2.352780019159076558e-02
2.352787662774347491e-02
2.356754709715086146e-02
2.350690927257020890e-02
2.350422847307165330e-02
2.351994567259028251e-02
2.349386087318320812e-02
2.349281544603732189e-02
2.348798883667230913e-02
2.350975973029073574e-02
2.349021485489798111e-02
2.348124993121245702e-02
2.348117488906282732e-02
2.347893388307095014e-02
2.347513139909036470e-02
2.352741518764317474e-02
2.354172513492518160e-02
2.347223231341732594e-02
2.348397393067203076e-02
2.346973085973405246e-02
2.363619710627315462e-02
2.346941212579140706e-02
2.349506378311939578e-02
2.370342381455607661e-02
2.348652086833893926e-02
2.346522392651200634e-02
2.346532028934202735e-02
2.347497821824945027e-02
2.346248300622160235e-02
2.346171118798157443e-02
2.346102691788723438e-02
2.347169413079566724e-02
2.346056731691029129e-02
2.345961320810093301e-02
2.345913828616684460e-02
2.345833461951486731e-02
2.345783311525482390e-02
2.345716046258730994e-02
2.346681446955849182e-02
2.345651356683742597e-02
2.345634428884328312e-02
2.345594809523246851e-02
2.345524624003910569e-02
2.345489033718368976e-02
2.345416471334263106e-02
2.354412567920844551e-02
2.345375688672962644e-02
2.345347895200755942e-02
2.345303572690027316e-02
2.345257936319805961e-02
2.345204497480363193e-02
2.345178342999862733e-02
2.345194747559293039e-02
2.345144244080643245e-02
2.345104169272222219e-02
2.345075755369982126e-02
2.345056157697873733e-02
2.345460386536600203e-02
2.345021738168650421e-02
2.344994915740877817e-02
2.356180484169629122e-02
2.344973491307860911e-02
2.344937355883136218e-02
2.352693351962105439e-02
2.344901665370522845e-02
2.344896280616812906e-02
2.349796293670693148e-02
2.352221953291492793e-02
2.344854730009439045e-02
2.344975918981563254e-02
2.348202661550732873e-02
2.345156681745243915e-02
2.344833767235186828e-02
2.344811096261948183e-02
2.344806752566245059e-02
2.346735058358437320e-02
2.344829887174250740e-02
2.344852546772569282e-02
2.344770121747819652e-02
2.344752798449132453e-02
2.347862591870928869e-02
2.344728953247731881e-02
2.345886918477575397e-02
2.344716397627231649e-02
2.344696618955467368e-02
2.344693821155768854e-02
2.344876013369123768e-02
2.345525378480468881e-02
2.345683074317231331e-02
2.344807567552048555e-02
2.344666841411775088e-02
2.344944921148247804e-02
2.344628654290573794e-02
2.344613556861111642e-02
2.344614888607903305e-02
2.353230637127092309e-02
2.344782681325876736e-02
2.344717905312325434e-02
2.344579813944030339e-02
2.344591029924474393e-02
2.344555201988025167e-02
2.344552939988293894e-02
2.344901277118992267e-02
2.344549753234375505e-02
2.344542111279617966e-02
2.344610148852798240e-02
2.344529970548924272e-02
2.344524094828840874e-02
2.344524091492310516e-02
2.344515072118459262e-02
2.344519518320299298e-02
2.344499769306131881e-02
2.344501557938570915e-02
2.344526875423558893e-02
2.344483311822641650e-02
2.344476946466932457e-02
2.344487963355953650e-02
2.344467740961784369e-02
2.344456365733638484e-02
2.344447975296240494e-02
2.344438807703747366e-02
2.344432450834421991e-02
2.344416340321354986e-02
2.344409005239031854e-02
2.344394654170552442e-02
2.344386073476507557e-02
2.344383632757494201e-02
2.344370131092198689e-02
2.344365736345806195e-02
2.344346243232733190e-02
2.344332817640761707e-02
2.344327882322605819e-02
2.344324331048246168e-02
2.344310019670634362e-02
2.344298505941662392e-02
2.344287263969700372e-02
2.344278562580616801e-02
2.344288838468533767e-02
2.344273740920893578e-02
2.344264932235893065e-02
2.344262116486530920e-02
2.344255880627427874e-02
2.344251206646371516e-02
2.354035438293102661e-02
2.344250406272323575e-02
2.344236011176470402e-02
2.344229779409146355e-02
2.344218344512199320e-02
2.344210252596949304e-02
2.344209979638457730e-02
2.344208900163942746e-02
2.344205072987760874e-02
2.344197032434670175e-02
2.344207813736076673e-02
2.344187562173141379e-02
2.344193423153576386e-02
2.344179068404751362e-02
2.344173179366296558e-02
2.344166339014265577e-02
2.344163091860704609e-02
2.344155509595661005e-02
2.344166845076553832e-02
2.344146984462542119e-02
2.344145280828896852e-02
2.344139224764859794e-02
2.344132868572751729e-02
2.344126882521251412e-02
2.344133090473545650e-02
2.344119972394423726e-02
2.344117708016013601e-02
2.344118753615712092e-02
2.344112084219389727e-02
2.344112990553158873e-02
2.344105281319613585e-02
2.344104913201711451e-02
2.344101278359101564e-02
2.346542364055952470e-02
2.344099175442523539e-02
2.344096243514336847e-02
2.344092198402410523e-02
2.344560392586118175e-02
2.344088405522936139e-02
2.344086785195195061e-02
2.344086066886998457e-02
2.344084540897409252e-02
2.344883446336119837e-02
2.344078343611048776e-02
2.344074769532437930e-02
2.344072061068442139e-02
2.344068308651305749e-02
2.344063010405036604e-02
2.344058208005162999e-02
2.344055555002731370e-02
2.344053841585660297e-02
2.344059474302276694e-02
2.344050933508657827e-02
2.344050899074545669e-02
2.344319175305552977e-02
2.344047387290535897e-02
2.344045312331374462e-02
2.344043529276397878e-02
2.344040039740540385e-02
2.344036186067405617e-02
2.344031974989987249e-02
2.344027901594344238e-02
2.344022737831611553e-02
2.344015990924999335e-02
2.344009325727958865e-02
2.344011475940266029e-02
2.344013725541306895e-02
2.344015852179021434e-02
2.344006721587430300e-02
2.344006336520808656e-02
2.344002300831269855e-02
2.343998472451423384e-02
2.343996064959646269e-02
2.343994754452292245e-02
2.343992550740337660e-02
2.343991555718160161e-02
2.343988947934178696e-02
2.343988753226041930e-02
2.343987920697898977e-02
2.345403010132348851e-02
2.354535890678382398e-02
2.343985999107284224e-02
2.344019485197929020e-02
2.343983648139180698e-02
2.343982593797996200e-02
2.353647145081399009e-02
2.343981046560722481e-02
2.343980344742366967e-02
2.343978511660320049e-02
2.343977885820812748e-02
2.343976270916651658e-02
2.343975373952273886e-02
2.343974620108220039e-02
2.363156014364712482e-02
2.343978515509962182e-02
2.343974417236074220e-02
2.343973517930363071e-02
2.343970610751701031e-02
2.343969412423530310e-02
2.343968371430229375e-02
2.343967798898223542e-02
2.343966054155647433e-02
2.343964674309713392e-02
2.351987689693061170e-02
2.343964371729878246e-02
2.343963748809572631e-02
2.343963449952820091e-02
2.343961734489812335e-02
2.343960947720087618e-02
2.343959735851654236e-02
2.343958824547176176e-02
2.374131752222113922e-02
2.343958958682311813e-02
2.343958501836689370e-02
2.343958288536775528e-02
2.343957100936808549e-02
2.362473496264124936e-02
2.343956099823825412e-02
2.343955401235473662e-02
2.343955295190143853e-02
2.343953939780744206e-02
2.343952534930075077e-02
2.343951544453663771e-02
2.371742798686347908e-02
2.343950663906797793e-02
2.343950834100723413e-02
2.343949211431566038e-02
2.371130515115015339e-02
2.343948330396683835e-02
2.343947589958229188e-02
2.343946519061056166e-02
2.343945826573768862e-02
2.343944463942331316e-02
2.352733483755868951e-02
2.343943554918046998e-02
2.343942231370942444e-02
2.343941530112470320e-02
2.343939728510351442e-02
2.343938403508736765e-02
2.343936903406841632e-02
2.343935554331283769e-02
2.343937797016882110e-02
2.343939255364589289e-02
2.343936893939149377e-02
2.343933695928016731e-02
2.343932990970885172e-02
2.343930788601619047e-02
2.343929789357150628e-02
2.343928397259218907e-02
2.343927263540062852e-02
2.343926019117380244e-02
2.343924217885622052e-02
2.343922700872345249e-02
2.343923541349225703e-02
2.343922126707908768e-02
2.343921447987396683e-02
2.343919389105885917e-02
2.346606750084333573e-02
2.343919079549380488e-02
2.343918989712884260e-02
2.343917879277700872e-02
2.343917084164704942e-02
2.343916037373418304e-02
2.343915198514270187e-02
2.343914827122119127e-02
