2.423958333333332860e+01
3.238541666666667140e+01
3.277395833333333997e+01
4.085625000000000284e+01
3.807604166666666856e+01
4.324791666666666856e+01
4.198229166666666856e+01
4.404166666666666430e+01
4.269166666666666998e+01
4.941250000000000142e+01
5.195416666666666572e+01
5.450416666666666998e+01
5.606875000000000142e+01
5.611562500000000142e+01
5.667604166666666998e+01
5.659895833333333570e+01
5.719479166666666714e+01
5.839062500000000000e+01
6.087708333333333144e+01
6.189374999999999716e+01
6.219583333333333286e+01
6.237291666666666856e+01
6.240729166666666572e+01
6.236666666666666714e+01
6.234791666666666998e+01
6.215729166666666572e+01
6.243124999999999858e+01
6.231770833333333570e+01
6.233854166666666430e+01
6.246875000000000000e+01
6.240729166666666572e+01
6.246458333333333002e+01
6.248958333333333570e+01
6.248645833333333144e+01
6.243541666666666856e+01
6.249166666666666714e+01
6.249062500000000142e+01
6.246666666666666856e+01
6.249062500000000142e+01
6.248749999999999716e+01
6.248645833333333144e+01
6.246979166666666572e+01
6.247500000000000142e+01
6.249062500000000142e+01
6.248854166666666998e+01
6.248749999999999716e+01
6.249062500000000142e+01
6.243645833333333428e+01
6.241458333333333286e+01
6.249270833333333286e+01
6.248125000000000284e+01
6.249374999999999858e+01
6.235312499999999858e+01
6.249374999999999858e+01
6.246875000000000000e+01
6.228854166666666714e+01
6.247500000000000142e+01
6.249583333333333002e+01
6.249374999999999858e+01
6.248437500000000000e+01
6.249895833333333428e+01
6.249895833333333428e+01
6.249895833333333428e+01
6.248749999999999716e+01
6.249791666666666856e+01
6.249895833333333428e+01
6.249895833333333428e+01
6.249895833333333428e+01
6.249895833333333428e+01
6.249895833333333428e+01
6.249062500000000142e+01
6.249895833333333428e+01
6.249895833333333428e+01
6.249895833333333428e+01
6.249791666666666856e+01
6.249791666666666856e+01
6.249791666666666856e+01
6.242187500000000000e+01
6.249791666666666856e+01
6.249791666666666856e+01
6.249791666666666856e+01
6.249791666666666856e+01
6.249895833333333428e+01
6.249895833333333428e+01
6.249895833333333428e+01
6.249895833333333428e+01
6.249791666666666856e+01
6.249895833333333428e+01
6.249895833333333428e+01
6.249479166666666430e+01
6.249895833333333428e+01
6.249895833333333428e+01
6.240208333333333002e+01
6.249895833333333428e+01
6.249895833333333428e+01
6.241562499999999858e+01
6.249895833333333428e+01
6.249895833333333428e+01
6.242395833333333144e+01
6.241145833333333570e+01
6.249895833333333428e+01
6.249791666666666856e+01
6.244270833333333570e+01
6.249583333333333002e+01
6.249895833333333428e+01
6.249895833333333428e+01
6.249895833333333428e+01
6.247395833333333570e+01
6.249791666666666856e+01
6.249791666666666856e+01
6.249895833333333428e+01
6.249895833333333428e+01
6.247395833333333570e+01
6.249895833333333428e+01
6.248229166666666856e+01
6.249895833333333428e+01
6.249895833333333428e+01
6.249895833333333428e+01
6.249687500000000284e+01
6.248854166666666998e+01
6.249270833333333286e+01
6.249791666666666856e+01
6.249895833333333428e+01
6.249895833333333428e+01
6.249895833333333428e+01
6.249895833333333428e+01
6.249895833333333428e+01
6.243229166666666430e+01
6.249895833333333428e+01
6.249895833333333428e+01
6.249895833333333428e+01
6.249895833333333428e+01
6.249895833333333428e+01
6.249895833333333428e+01
6.249374999999999858e+01
6.249895833333333428e+01
6.249895833333333428e+01
6.249895833333333428e+01
6.249895833333333428e+01
6.249895833333333428e+01
6.249895833333333428e+01
6.249895833333333428e+01
6.249895833333333428e+01
6.249895833333333428e+01
6.249895833333333428e+01
6.249895833333333428e+01
6.249895833333333428e+01
6.249895833333333428e+01
6.249895833333333428e+01
6.249895833333333428e+01
6.249895833333333428e+01
6.249895833333333428e+01
6.249895833333333428e+01
6.249895833333333428e+01
6.249895833333333428e+01
6.249895833333333428e+01
6.249895833333333428e+01
6.249895833333333428e+01
6.249895833333333428e+01
6.249895833333333428e+01
6.249895833333333428e+01
6.249895833333333428e+01
6.249895833333333428e+01
6.249895833333333428e+01
6.249895833333333428e+01
6.249895833333333428e+01
6.249895833333333428e+01
6.249895833333333428e+01
6.249895833333333428e+01
6.249895833333333428e+01
6.249895833333333428e+01
6.250000000000000000e+01
6.249895833333333428e+01
6.250000000000000000e+01
6.250000000000000000e+01
6.242083333333333428e+01
6.250000000000000000e+01
6.250000000000000000e+01
6.250000000000000000e+01
6.250000000000000000e+01
6.250000000000000000e+01
6.250000000000000000e+01
6.250000000000000000e+01
6.250000000000000000e+01
6.250000000000000000e+01
6.250000000000000000e+01
6.250000000000000000e+01
6.250000000000000000e+01
6.250000000000000000e+01
6.250000000000000000e+01
6.250000000000000000e+01
6.250000000000000000e+01
6.250000000000000000e+01
6.250000000000000000e+01
6.250000000000000000e+01
6.250000000000000000e+01
6.250000000000000000e+01
6.250000000000000000e+01
6.250000000000000000e+01
6.250000000000000000e+01
6.250000000000000000e+01
6.250000000000000000e+01
6.250000000000000000e+01
6.250000000000000000e+01
6.250000000000000000e+01
6.250000000000000000e+01
6.250000000000000000e+01
6.250000000000000000e+01
6.247916666666666430e+01
6.250000000000000000e+01
6.250000000000000000e+01
6.250000000000000000e+01
6.249583333333333002e+01
6.250000000000000000e+01
6.250000000000000000e+01
6.250000000000000000e+01
6.250000000000000000e+01
6.249270833333333286e+01
6.250000000000000000e+01
6.250000000000000000e+01
6.250000000000000000e+01
6.250000000000000000e+01
6.250000000000000000e+01
6.250000000000000000e+01
6.250000000000000000e+01
6.250000000000000000e+01
6.250000000000000000e+01
6.250000000000000000e+01
6.250000000000000000e+01
6.249583333333333002e+01
6.250000000000000000e+01
6.250000000000000000e+01
6.250000000000000000e+01
6.250000000000000000e+01
6.250000000000000000e+01
6.250000000000000000e+01
6.250000000000000000e+01
6.250000000000000000e+01
6.250000000000000000e+01
6.250000000000000000e+01
6.250000000000000000e+01
6.250000000000000000e+01
6.250000000000000000e+01
6.250000000000000000e+01
6.250000000000000000e+01
6.250000000000000000e+01
6.250000000000000000e+01
6.250000000000000000e+01
6.250000000000000000e+01
6.250000000000000000e+01
6.250000000000000000e+01
6.250000000000000000e+01
6.250000000000000000e+01
6.250000000000000000e+01
6.248749999999999716e+01
6.241562499999999858e+01
6.250000000000000000e+01
6.250000000000000000e+01
6.250000000000000000e+01
6.250000000000000000e+01
6.242187500000000000e+01
6.250000000000000000e+01
6.250000000000000000e+01
6.250000000000000000e+01
6.250000000000000000e+01
6.250000000000000000e+01
6.250000000000000000e+01
6.250000000000000000e+01
6.234583333333333144e+01
6.250000000000000000e+01
6.250000000000000000e+01
6.250000000000000000e+01
6.250000000000000000e+01
6.250000000000000000e+01
6.250000000000000000e+01
6.250000000000000000e+01
6.250000000000000000e+01
6.250000000000000000e+01
6.243541666666666856e+01
6.250000000000000000e+01
6.250000000000000000e+01
6.250000000000000000e+01
6.250000000000000000e+01
6.250000000000000000e+01
6.250000000000000000e+01
6.250000000000000000e+01
6.225729166666666714e+01
6.250000000000000000e+01
6.250000000000000000e+01
6.250000000000000000e+01
6.250000000000000000e+01
6.235104166666666714e+01
6.250000000000000000e+01
6.250000000000000000e+01
6.250000000000000000e+01
6.250000000000000000e+01
6.250000000000000000e+01
6.250000000000000000e+01
6.227604166666666430e+01
6.250000000000000000e+01
6.250000000000000000e+01
6.250000000000000000e+01
6.228125000000000000e+01
6.250000000000000000e+01
6.250000000000000000e+01
6.250000000000000000e+01
6.250000000000000000e+01
6.250000000000000000e+01
6.242916666666666714e+01
6.250000000000000000e+01
6.250000000000000000e+01
6.250000000000000000e+01
6.250000000000000000e+01
6.250000000000000000e+01
6.250000000000000000e+01
6.250000000000000000e+01
6.250000000000000000e+01
6.250000000000000000e+01
6.250000000000000000e+01
6.250000000000000000e+01
6.250000000000000000e+01
6.250000000000000000e+01
6.250000000000000000e+01
6.250000000000000000e+01
6.250000000000000000e+01
6.250000000000000000e+01
6.250000000000000000e+01
6.250000000000000000e+01
6.250000000000000000e+01
6.250000000000000000e+01
6.250000000000000000e+01
6.250000000000000000e+01
6.247604166666666714e+01
6.250000000000000000e+01
6.250000000000000000e+01
6.250000000000000000e+01
6.250000000000000000e+01
6.250000000000000000e+01
6.250000000000000000e+01
6.250000000000000000e+01
6.250000000000000000e+01
