2.435937500000000000e+01
3.267187500000000000e+01
2.972812500000000568e+01
4.284375000000000000e+01
3.858437500000000142e+01
4.250312499999999716e+01
4.273125000000000284e+01
4.364999999999999858e+01
4.270312500000000000e+01
4.940937499999999716e+01
5.214374999999999716e+01
5.491562499999999858e+01
5.600312499999999716e+01
5.605312500000000142e+01
5.654062499999999858e+01
5.653125000000000000e+01
5.680312500000000142e+01
5.763125000000000142e+01
5.980937500000000284e+01
6.184687499999999716e+01
6.185625000000000284e+01
6.247187499999999716e+01
6.244687499999999858e+01
6.086249999999999716e+01
6.238125000000000142e+01
6.212812499999999716e+01
6.245312500000000000e+01
6.238125000000000142e+01
6.218750000000000000e+01
6.247500000000000142e+01
6.248125000000000284e+01
6.245000000000000284e+01
6.246875000000000000e+01
6.242812500000000142e+01
6.249374999999999858e+01
6.249062500000000142e+01
6.249687500000000284e+01
6.249374999999999858e+01
6.249687500000000284e+01
6.249687500000000284e+01
6.248749999999999716e+01
6.248437500000000000e+01
6.243750000000000000e+01
6.235312499999999858e+01
6.232187499999999858e+01
6.235625000000000284e+01
6.235937500000000000e+01
6.248749999999999716e+01
6.244375000000000142e+01
6.249687500000000284e+01
6.249687500000000284e+01
6.249687500000000284e+01
6.249687500000000284e+01
6.249687500000000284e+01
6.249687500000000284e+01
6.249687500000000284e+01
6.250000000000000000e+01
6.250000000000000000e+01
6.249062500000000142e+01
6.246249999999999858e+01
6.245312500000000000e+01
6.245312500000000000e+01
6.245624999999999716e+01
6.244687499999999858e+01
6.245000000000000284e+01
6.244062499999999716e+01
6.243437500000000284e+01
6.244375000000000142e+01
6.243437500000000284e+01
6.243437500000000284e+01
6.245312500000000000e+01
6.245624999999999716e+01
6.248125000000000284e+01
6.248749999999999716e+01
6.250000000000000000e+01
6.250000000000000000e+01
6.250000000000000000e+01
6.250000000000000000e+01
6.250000000000000000e+01
6.250000000000000000e+01
6.250000000000000000e+01
6.250000000000000000e+01
6.250000000000000000e+01
6.250000000000000000e+01
6.250000000000000000e+01
6.250000000000000000e+01
6.250000000000000000e+01
6.249374999999999858e+01
6.249374999999999858e+01
6.249062500000000142e+01
6.250000000000000000e+01
6.247187499999999716e+01
6.245937500000000142e+01
6.247500000000000142e+01
6.249374999999999858e+01
6.246875000000000000e+01
6.245000000000000284e+01
6.247187499999999716e+01
6.247187499999999716e+01
6.245312500000000000e+01
6.247812499999999858e+01
6.244375000000000142e+01
6.245000000000000284e+01
6.245000000000000284e+01
6.245624999999999716e+01
6.245000000000000284e+01
6.245624999999999716e+01
6.245312500000000000e+01
6.250000000000000000e+01
6.247187499999999716e+01
6.245312500000000000e+01
6.247187499999999716e+01
6.247187499999999716e+01
6.246875000000000000e+01
6.247187499999999716e+01
6.247187499999999716e+01
6.247187499999999716e+01
6.247187499999999716e+01
6.247500000000000142e+01
6.247187499999999716e+01
6.247187499999999716e+01
6.247187499999999716e+01
6.244375000000000142e+01
6.244375000000000142e+01
6.247500000000000142e+01
6.247500000000000142e+01
6.247500000000000142e+01
6.248125000000000284e+01
6.245312500000000000e+01
6.247187499999999716e+01
6.243437500000000284e+01
6.242812500000000142e+01
6.247812499999999858e+01
6.248125000000000284e+01
6.248125000000000284e+01
6.250000000000000000e+01
6.245937500000000142e+01
6.247812499999999858e+01
6.248125000000000284e+01
6.248125000000000284e+01
6.248125000000000284e+01
6.244375000000000142e+01
6.246562500000000284e+01
6.244062499999999716e+01
6.247812499999999858e+01
6.248125000000000284e+01
6.248437500000000000e+01
6.246875000000000000e+01
6.246249999999999858e+01
6.246249999999999858e+01
6.246249999999999858e+01
6.245937500000000142e+01
6.248125000000000284e+01
6.244062499999999716e+01
6.243437500000000284e+01
6.243750000000000000e+01
6.246562500000000284e+01
6.250000000000000000e+01
6.245624999999999716e+01
6.250000000000000000e+01
6.247187499999999716e+01
6.247500000000000142e+01
6.248437500000000000e+01
6.250000000000000000e+01
6.250000000000000000e+01
6.250000000000000000e+01
6.250000000000000000e+01
6.250000000000000000e+01
6.245937500000000142e+01
6.250000000000000000e+01
6.250000000000000000e+01
6.250000000000000000e+01
6.250000000000000000e+01
6.250000000000000000e+01
6.250000000000000000e+01
6.250000000000000000e+01
6.247812499999999858e+01
6.250000000000000000e+01
6.250000000000000000e+01
6.250000000000000000e+01
6.250000000000000000e+01
6.250000000000000000e+01
6.250000000000000000e+01
6.250000000000000000e+01
6.250000000000000000e+01
6.245000000000000284e+01
6.250000000000000000e+01
6.250000000000000000e+01
6.250000000000000000e+01
6.250000000000000000e+01
6.250000000000000000e+01
6.250000000000000000e+01
6.250000000000000000e+01
6.250000000000000000e+01
6.250000000000000000e+01
6.250000000000000000e+01
6.250000000000000000e+01
6.250000000000000000e+01
6.250000000000000000e+01
6.250000000000000000e+01
6.250000000000000000e+01
6.250000000000000000e+01
6.250000000000000000e+01
6.250000000000000000e+01
6.250000000000000000e+01
6.250000000000000000e+01
6.250000000000000000e+01
6.250000000000000000e+01
6.250000000000000000e+01
6.250000000000000000e+01
6.250000000000000000e+01
6.250000000000000000e+01
6.250000000000000000e+01
6.250000000000000000e+01
6.250000000000000000e+01
6.250000000000000000e+01
6.250000000000000000e+01
6.250000000000000000e+01
6.250000000000000000e+01
6.250000000000000000e+01
6.250000000000000000e+01
6.250000000000000000e+01
6.245312500000000000e+01
6.243750000000000000e+01
6.250000000000000000e+01
6.250000000000000000e+01
6.250000000000000000e+01
6.250000000000000000e+01
6.250000000000000000e+01
6.250000000000000000e+01
6.245312500000000000e+01
6.243750000000000000e+01
6.250000000000000000e+01
6.250000000000000000e+01
6.250000000000000000e+01
6.250000000000000000e+01
6.250000000000000000e+01
6.250000000000000000e+01
6.250000000000000000e+01
6.250000000000000000e+01
6.250000000000000000e+01
6.250000000000000000e+01
6.250000000000000000e+01
6.250000000000000000e+01
6.240312500000000284e+01
6.243124999999999858e+01
6.239687500000000142e+01
6.240312500000000284e+01
6.241250000000000142e+01
6.250000000000000000e+01
6.241250000000000142e+01
6.243750000000000000e+01
6.241562499999999858e+01
6.240937499999999716e+01
6.226562500000000000e+01
6.201562500000000000e+01
6.240937499999999716e+01
6.240625000000000000e+01
6.229062499999999858e+01
6.225937499999999858e+01
6.222812499999999858e+01
6.227812500000000284e+01
6.226562500000000000e+01
6.225937499999999858e+01
6.225625000000000142e+01
6.224374999999999858e+01
6.221875000000000000e+01
6.186874999999999858e+01
6.162187500000000284e+01
6.227187500000000142e+01
6.226250000000000284e+01
6.226250000000000284e+01
6.225625000000000142e+01
6.225625000000000142e+01
6.225312499999999716e+01
6.223749999999999716e+01
6.216250000000000142e+01
6.170624999999999716e+01
6.166250000000000142e+01
6.250000000000000000e+01
6.226250000000000284e+01
6.225937499999999858e+01
6.214062500000000000e+01
6.175312499999999716e+01
6.241875000000000284e+01
6.237500000000000000e+01
6.155312500000000142e+01
6.241562499999999858e+01
6.217812500000000142e+01
6.226874999999999716e+01
6.226250000000000284e+01
6.159375000000000000e+01
6.226562500000000000e+01
6.225625000000000142e+01
6.225625000000000142e+01
6.224374999999999858e+01
6.218437500000000284e+01
6.216875000000000284e+01
6.159062500000000284e+01
6.225312499999999716e+01
6.221562500000000284e+01
6.170937500000000142e+01
6.160312499999999858e+01
6.211249999999999716e+01
6.216250000000000142e+01
6.215312500000000284e+01
6.195937500000000142e+01
6.194375000000000142e+01
6.165312500000000284e+01
6.216875000000000284e+01
6.225937499999999858e+01
6.226250000000000284e+01
6.227812500000000284e+01
6.240625000000000000e+01
6.228437499999999716e+01
6.227187500000000142e+01
6.226250000000000284e+01
6.226250000000000284e+01
6.226874999999999716e+01
6.225937499999999858e+01
6.200000000000000000e+01
6.178125000000000000e+01
6.174374999999999858e+01
6.209687499999999716e+01
6.204687500000000000e+01
6.208124999999999716e+01
6.202187500000000142e+01
6.174062500000000142e+01
6.195624999999999716e+01
6.208437500000000142e+01
6.195312500000000000e+01
6.198437500000000000e+01
6.209375000000000000e+01
6.204687500000000000e+01
6.202187500000000142e+01
6.202499999999999858e+01
6.199687500000000284e+01
6.210625000000000284e+01
6.226874999999999716e+01
6.227812500000000284e+01
6.223749999999999716e+01
