5.327028884640038625e-02
5.023401152732295816e-02
4.794374838593901123e-02
4.360575631036617966e-02
4.213351519864165506e-02
4.033769811913073128e-02
3.880984772178319719e-02
3.850942073278360023e-02
3.897763598601106799e-02
3.567264424576276766e-02
3.342360063184589974e-02
3.162259207589392107e-02
2.912090784908769742e-02
2.856114511935901185e-02
2.787401928182860200e-02
2.778556046939643573e-02
2.750263300432773464e-02
2.734492521092348957e-02
2.611094476291438843e-02
2.485734829337924931e-02
2.545254633641703956e-02
2.426834250232702897e-02
2.387218450499995967e-02
2.576286152346051947e-02
2.376966865383566344e-02
2.396048970823243945e-02
2.367174443827624666e-02
2.374767054332244803e-02
2.383737697557555477e-02
2.360797579416862302e-02
2.358272726737818681e-02
2.362288859293217719e-02
2.360576889380940069e-02
2.412943225140286307e-02
2.355007348913591356e-02
2.358180514455938612e-02
2.356647952204517921e-02
2.363586990880652342e-02
2.357782320401080600e-02
2.356881007678476164e-02
2.364077180627929473e-02
2.361901512388436472e-02
2.368975058705494185e-02
2.378939744576590021e-02
2.401172440877994210e-02
2.377342135073133925e-02
2.378070113355764889e-02
2.360606448354814896e-02
2.363096653330224589e-02
2.356461511170429221e-02
2.360286179424954042e-02
2.359826337362981932e-02
2.358132723790072605e-02
2.359339435769416612e-02
2.357796995309505844e-02
2.357965319502626500e-02
2.354987645642700120e-02
2.354985091401637365e-02
2.355949965518381109e-02
2.359126491044158044e-02
2.360088777910947233e-02
2.360614507523467118e-02
2.358348927532276720e-02
2.364395521151266624e-02
2.360310621058778896e-02
2.362074131796674387e-02
2.362548692896525304e-02
2.361488020600984589e-02
2.362869991370192962e-02
2.362383425559480207e-02
2.363716428304391687e-02
2.359947489915630026e-02
2.357832049325455856e-02
2.354711318974091194e-02
2.355028774189293558e-02
2.354670696582040340e-02
2.354550158559220660e-02
2.353743126456914886e-02
2.353560686803933544e-02
2.354773524352950231e-02
2.354497516987653916e-02
2.354609273415190357e-02
2.354896543593978583e-02
2.355066902182945468e-02
2.355716448807942606e-02
2.355373496582798681e-02
2.355164506631800617e-02
2.357561315949428457e-02
2.355332618457466401e-02
2.357314245744385195e-02
2.355527604675948863e-02
2.362247116623227353e-02
2.359867606983889060e-02
2.361512799261147183e-02
2.356635579508720504e-02
2.358360621142958219e-02
2.363756762413128307e-02
2.358637877298100372e-02
2.358575438075043162e-02
2.362305005789781115e-02
2.358634846843092950e-02
2.364874431925601678e-02
2.364713284374638305e-02
2.364433759982675909e-02
2.362438279896727361e-02
2.365484374580496818e-02
2.363968446583209274e-02
2.365124376549333426e-02
2.355506635882433086e-02
2.363159153327733242e-02
2.366324584401044429e-02
2.362848838028037274e-02
2.363776548361868485e-02
2.362917904643512673e-02
2.362278800711712506e-02
2.363367307630886982e-02
2.362163550296941805e-02
2.362094602453808020e-02
2.361692980180123136e-02
2.362256249289093613e-02
2.362366989599761630e-02
2.362849668306562026e-02
2.368774842717859611e-02
2.369850152793205600e-02
2.361364913967944901e-02
2.359391362906645626e-02
2.361551322177811441e-02
2.358317426807111233e-02
2.357801640113428576e-02
2.361363729511101531e-02
2.362286016344476366e-02
2.362036352522390095e-02
2.359522148649331394e-02
2.357716260556350779e-02
2.358959402459153212e-02
2.353644815777461430e-02
2.356575189367348527e-02
2.358803168048278706e-02
2.358353133444761676e-02
2.358368286559153065e-02
2.358064709017777816e-02
2.361168661706654348e-02
2.361599798033217276e-02
2.362002102628955533e-02
2.358803514180379465e-02
2.358477900530533272e-02
2.358179448933896832e-02
2.362023266185547810e-02
2.363529848207613845e-02
2.363735809319477202e-02
2.363490248013581235e-02
2.364042414759826710e-02
2.359097018994709902e-02
2.365178293491031550e-02
2.365373774394938580e-02
2.365843838655510775e-02
2.356405320425041319e-02
2.352712565509305562e-02
2.359444502626235202e-02
2.352281363209433179e-02
2.354965958331089321e-02
2.353768177379647955e-02
2.352532564428412229e-02
2.352111121078244785e-02
2.353573618504123388e-02
2.350707505774567510e-02
2.351485405423803937e-02
2.350994805471897861e-02
2.361147243332063425e-02
2.349684290278034049e-02
2.351311265135411568e-02
2.350181222391828015e-02
2.350640112917526045e-02
2.350879503805616486e-02
2.350760746155843364e-02
2.350980848841334458e-02
2.357374463058148698e-02
2.350493178826163279e-02
2.350605533889591273e-02
2.350430424410647826e-02
2.350109105998217374e-02
2.350522990116228617e-02
2.349871789770294206e-02
2.350524393229195055e-02
2.350299603834814927e-02
2.360523990893959728e-02
2.350541736593438763e-02
2.351983983894694041e-02
2.350223320677754385e-02
2.350205093618411636e-02
2.350240991882965660e-02
2.350381778820884865e-02
2.349610384881149414e-02
2.351545493832375017e-02
2.349641032037644989e-02
2.350172447416205151e-02
2.349596154720215435e-02
2.349850141487253713e-02
2.349759902056680616e-02
2.349723103899550511e-02
2.349791324077663349e-02
2.349675299251252972e-02
2.350310449657509390e-02
2.349739495633710457e-02
2.350109646937514549e-02
2.349705602267224830e-02
2.350044693221873052e-02
2.349900590631529354e-02
2.349820645793197077e-02
2.349997912290085686e-02
2.349930808780016298e-02
2.349995419010977860e-02
2.349837026909179852e-02
2.349838900415496257e-02
2.349883444885175407e-02
2.349775756170192562e-02
2.349966046885092197e-02
2.349927001687444547e-02
2.349892182439443367e-02
2.349952448195242322e-02
2.349963602343759644e-02
2.349869005314544901e-02
2.355863221177193628e-02
2.357727702068134271e-02
2.350079706554056291e-02
2.349625308647443345e-02
2.350195607576853821e-02
2.349734507100407002e-02
2.350159531645574715e-02
2.350064872032063198e-02
2.355828357089405009e-02
2.357826098297542347e-02
2.350206705107815708e-02
2.349972560264482896e-02
2.349994331027807984e-02
2.349978704520692269e-02
2.349931138283171961e-02
2.349925148860179669e-02
2.349884987857441335e-02
2.349956319626961276e-02
2.349403481776024885e-02
2.350811193819885361e-02
2.349734771444905029e-02
2.350542067681520020e-02
2.362267057970802997e-02
2.358763936427610633e-02
2.363091943617404503e-02
2.362387557362422702e-02
2.361143624570236424e-02
2.350187662735900643e-02
2.361265584016053118e-02
2.358001570091450977e-02
2.360754857262742368e-02
2.361571210740814192e-02
2.379116850862990351e-02
2.410250031306466340e-02
2.361879848739918686e-02
2.361890734135428313e-02
2.376227558843247573e-02
2.380210519112691339e-02
2.384339664530047559e-02
2.378079837402216623e-02
2.379673364961631607e-02
2.380218118050576870e-02
2.380643470415614096e-02
2.382588566431277297e-02
2.385423226347502951e-02
2.429050762425498042e-02
2.460215789675702577e-02
2.378858410105114812e-02
2.380471916448127084e-02
2.380002240243419415e-02
2.381202636307183304e-02
2.381040015931334616e-02
2.381443680852840181e-02
2.383222245988943569e-02
2.392495370687171274e-02
2.449255221085934117e-02
2.454740829162381857e-02
2.350752256054099501e-02
2.380031681917559733e-02
2.380462084466360845e-02
2.395191855788503937e-02
2.443467611971697831e-02
2.360495601674495250e-02
2.365037430591721002e-02
2.468312563101172918e-02
2.360738513341555100e-02
2.390384836188086740e-02
2.379218824051851713e-02
2.379788811463081147e-02
2.462951327754646369e-02
2.379474928625877062e-02
2.380720096288180959e-02
2.380362329412058497e-02
2.382115191126395193e-02
2.389513460668670278e-02
2.391065739521300998e-02
2.463600111797587325e-02
2.380802638147832065e-02
2.385485248891269089e-02
2.447211706665678235e-02
2.461380437930131559e-02
2.397505394171800877e-02
2.392116293886210540e-02
2.393460544156528549e-02
2.417402185211390067e-02
2.419746735969707449e-02
2.455629455021573690e-02
2.391657526905431597e-02
2.380229577193674825e-02
2.380124269562285122e-02
2.377725288095540804e-02
2.362033601266355642e-02
2.377049256598535998e-02
2.378724183292907704e-02
2.379043435875518794e-02
2.380056585002787717e-02
2.378768683161499448e-02
2.379863595956956818e-02
2.412151477355690618e-02
2.439086086788889648e-02
2.444135525253087957e-02
2.400000866536237260e-02
2.406635358678228462e-02
2.401987619595503248e-02
2.410067195583215013e-02
2.444413159791670315e-02
2.417889619142664717e-02
2.401687762872318013e-02
2.418475537157166802e-02
2.412833461724790685e-02
2.400797487815840500e-02
2.405520819597032484e-02
2.409621553943843211e-02
2.408397108901307038e-02
2.413155507955730764e-02
2.399775884765626907e-02
2.379314922957304068e-02
2.378302122618324368e-02
2.382021312293100546e-02
