4.958333333333333570e+01
1.541666666666666607e+01
1.333333333333333393e+01
1.125000000000000000e+01
1.458333333333333393e+01
1.041666666666666607e+01
1.166666666666666607e+01
1.583333333333333393e+01
1.375000000000000000e+01
9.583333333333333925e+00
1.625000000000000000e+01
9.166666666666666075e+00
7.500000000000000000e+00
1.333333333333333393e+01
1.166666666666666607e+01
1.666666666666666785e+01
1.041666666666666607e+01
1.375000000000000000e+01
1.625000000000000000e+01
1.750000000000000000e+01
1.708333333333333215e+01
