4.833333333333333570e+01
5.000000000000000000e+01
4.916666666666666430e+01
5.000000000000000000e+01
5.000000000000000000e+01
4.958333333333333570e+01
4.916666666666666430e+01
4.916666666666666430e+01
4.875000000000000000e+01
5.000000000000000000e+01
4.916666666666666430e+01
5.000000000000000000e+01
4.958333333333333570e+01
5.000000000000000000e+01
5.000000000000000000e+01
4.958333333333333570e+01
5.000000000000000000e+01
5.000000000000000000e+01
4.958333333333333570e+01
5.000000000000000000e+01
4.875000000000000000e+01
4.916666666666666430e+01
