2.392358591354905695e+00
2.179714983067145617e+00
1.761207498238595237e+00
1.702734728475212567e+00
1.961728734975768607e+00
1.675324733585391579e+00
2.199536988314350072e+00
2.277100170213244290e+00
1.895718861012887446e+00
1.926003826772091809e+00
1.877313387678134937e+00
1.761207498238596125e+00
1.624465724134827260e+00
1.948408657416686784e+00
1.551582227085437582e+00
2.453266907313290890e+00
2.131390174058723108e+00
2.153001780460635395e+00
2.136813567493013988e+00
2.006932429798716111e+00
1.500385752867377187e+00
