1.310348766126365661e+01
1.193879065157866926e+01
9.646530752325187308e+00
9.326262202333079898e+00
1.074483079852302225e+01
9.176131477310518036e+00
1.204736024566746622e+01
1.247219128924647258e+01
1.038327982864759313e+01
1.054915741764347104e+01
1.028246889937755526e+01
9.646530752325192637e+00
8.897565210026092686e+00
1.067187372905474696e+01
8.498365855987973561e+00
1.343709624716425033e+01
1.167410477176825090e+01
1.179247641507075528e+01
1.170380992099011586e+01
1.099242163189409993e+01
8.217951218048339612e+00
