2.458333333333333215e+01
1.916666666666666785e+01
1.708333333333333215e+01
1.541666666666666607e+01
1.458333333333333393e+01
1.500000000000000000e+01
1.250000000000000000e+01
1.708333333333333215e+01
1.250000000000000000e+01
1.083333333333333393e+01
1.708333333333333215e+01
1.583333333333333393e+01
1.041666666666666607e+01
7.500000000000000000e+00
1.708333333333333215e+01
1.833333333333333215e+01
1.416666666666666607e+01
1.166666666666666607e+01
1.875000000000000000e+01
1.375000000000000000e+01
1.916666666666666785e+01
