1.247683037859761201e+00
2.410432572212959368e+00
2.533342470743755293e+00
2.806449252597916999e+00
1.961728734975768607e+00
2.312406154251934520e+00
2.500000000000000000e+00
2.463859137988990256e+00
2.124591463996993834e+00
2.261800331758031302e+00
1.611949015828239240e+00
2.277100170213244290e+00
1.775932201742281169e+00
2.251542681017716152e+00
2.533342470743755293e+00
2.261800331758031302e+00
2.337298218662513971e+00
1.948408657416687007e+00
2.338535866733713497e+00
2.232182539329812254e+00
2.261800331758031302e+00
