6.833841444523634401e+00
1.320248293146238083e+01
1.387568817112226149e+01
1.537155562141393084e+01
1.074483079852302225e+01
1.266557012797555259e+01
1.369306393762915341e+01
1.349511228391803819e+01
1.163686670314078420e+01
1.238839062276542080e+01
8.829008375173787115e+00
1.247219128924647258e+01
9.727181274940628342e+00
1.233220715579061810e+01
1.387568817112226149e+01
1.238839062276542080e+01
1.280190957978101096e+01
1.067187372905474874e+01
1.280868845744949880e+01
1.222616729260100854e+01
1.238839062276542080e+01
