6.741467892890239122e-02
5.768255421948682155e-02
5.637848228051414029e-02
5.589210804953941014e-02
5.542110333225491736e-02
5.526616335370192895e-02
5.495924473859190723e-02
5.471015761939232447e-02
5.506681439164787251e-02
5.473488172354502856e-02
5.472787496185820000e-02
5.472635539559313894e-02
5.469134925040371187e-02
5.470740395508529030e-02
5.469370556602706074e-02
5.519482441194447503e-02
5.945010926074978386e-02
5.931600282770835980e-02
5.493875112528267407e-02
5.469024402234454879e-02
5.790861138492967713e-02
5.469603296681548738e-02
5.648371830769514934e-02
5.483243787312051115e-02
5.544736606960953829e-02
5.394041647084232144e-02
5.415269972200864590e-02
5.350147556420044997e-02
5.335959955183708359e-02
5.310434032565601592e-02
5.275230480656066534e-02
5.237548960469041309e-02
5.196134575051052085e-02
5.150971611841601017e-02
5.108753411340998668e-02
5.066125868066521237e-02
5.016399262879134985e-02
4.970821471216747833e-02
4.935200485210382293e-02
4.906257045312324011e-02
4.920488189268438367e-02
4.889731241437503956e-02
4.856816516669096306e-02
4.842631521223893926e-02
4.842736194019085783e-02
4.820682020530025341e-02
4.806501040950788423e-02
4.794881448898601073e-02
4.794457762577988141e-02
4.769851208989853847e-02
4.756125243347782833e-02
4.746291023004482745e-02
4.729151306270724942e-02
4.716616572571908500e-02
4.714374352844471344e-02
4.724422149805096449e-02
4.700748499022864429e-02
4.696774395410820840e-02
4.695034466545681268e-02
4.706341366943977977e-02
4.691870790169563876e-02
4.693238391572366469e-02
4.696375847018298411e-02
4.689556738692678139e-02
4.689390516857587510e-02
4.690960367626652305e-02
4.688028415024323575e-02
4.697354723782561081e-02
4.688659109297241279e-02
4.693890331250545611e-02
4.687780359582594675e-02
4.689231439725938949e-02
4.687884295603831492e-02
4.688148053922363417e-02
4.687552887440043364e-02
4.687552232497207289e-02
4.687578409611436320e-02
4.687521759681799460e-02
4.687531083827677775e-02
4.687520520072154667e-02
4.687510222912442959e-02
4.687515036853497769e-02
4.687507091496403294e-02
4.687504513960346481e-02
4.687504485622950856e-02
4.687504216087134967e-02
4.687503977193987342e-02
4.687503075571391314e-02
4.687503214912090016e-02
4.687503186180928122e-02
4.687502898355976749e-02
4.687503324811135436e-02
4.687503219011453226e-02
4.687503318375393913e-02
4.687503756852977321e-02
4.687502888713403898e-02
4.687502710968018127e-02
4.687502740053413330e-02
4.687502853681459192e-02
4.687502821446695722e-02
4.687502755455193876e-02
4.687502695511143458e-02
4.687502658023046803e-02
4.687502654594555979e-02
4.687502668071098777e-02
4.687502738606671299e-02
4.687510768593249749e-02
4.687502652596735320e-02
4.687502717568367561e-02
4.687502583871530626e-02
4.687502585842831526e-02
4.687502569450010398e-02
4.687502629294790918e-02
4.687512119913830877e-02
4.687502530887625862e-02
4.687504529338593767e-02
4.687502635369732162e-02
4.687503279455148414e-02
4.687503316461110597e-02
4.687502438568460356e-02
4.687502317695715209e-02
4.687502181918353633e-02
4.687502248342503147e-02
4.687502191910559307e-02
4.693060279083824393e-02
4.687629178172557365e-02
4.688584284186223666e-02
4.687737193873209307e-02
4.687573460972910971e-02
4.687737112181888238e-02
4.687515380946538635e-02
4.687571189153069001e-02
4.687538500798380664e-02
4.687503881112078247e-02
4.687538110188906038e-02
4.687508793516357436e-02
4.687503841642259167e-02
4.687512294145586983e-02
4.687503432972120465e-02
4.687506409367282745e-02
4.687505204443257606e-02
4.687503278208358937e-02
4.687505056461635511e-02
4.687503083929204367e-02
4.687502582748403340e-02
4.687502468065339600e-02
4.687502604124901828e-02
4.687502804242712345e-02
4.687503700288075947e-02
4.687502439243585589e-02
4.687502616879504758e-02
4.687502806440787401e-02
4.687502585292875612e-02
4.687502722307206743e-02
4.687503023566577665e-02
4.687504897215622607e-02
4.687502836706065878e-02
4.687503353590898036e-02
4.687502379279717690e-02
4.687502451315160579e-02
4.687502434561612724e-02
4.687502407585866782e-02
4.687502462857918994e-02
4.687502856011317026e-02
4.687502881731243215e-02
4.687502494544749931e-02
4.687502376286431516e-02
4.687502422936572904e-02
4.687502488952754315e-02
4.687502620290315281e-02
4.687502799439131895e-02
4.687503894082326733e-02
4.687502463407984543e-02
4.687727195034629979e-02
4.687507237914454589e-02
4.687543570041185353e-02
4.687510655614225696e-02
4.687505510045829327e-02
4.687510626293144717e-02
4.687502714540630472e-02
4.687506854114071447e-02
4.687504093098385921e-02
4.687504156132720617e-02
4.687502725501446060e-02
4.687503039936909144e-02
4.687503110044124316e-02
4.687502737494982086e-02
4.687503067195184642e-02
4.687502717011382547e-02
4.687502478481339607e-02
4.687502566007619581e-02
4.687502569473803171e-02
4.687502496950619879e-02
4.687502518917620320e-02
4.687502456973355325e-02
4.687502447521154497e-02
4.687502452003509956e-02
4.687502458418690843e-02
4.687502439946893834e-02
4.687502382800295270e-02
4.687502373800270239e-02
4.687502431247534546e-02
4.687552578953293331e-02
4.687502659174565267e-02
4.687510772000769849e-02
4.687502932040946840e-02
4.687503961740818043e-02
4.687503175398705785e-02
4.687533629009608266e-02
4.687503113931558441e-02
4.687512089473012261e-02
4.687503454740318820e-02
4.687502823285407544e-02
4.687503449656486854e-02
4.687502345710207324e-02
4.687502322432621216e-02
4.687502352597445326e-02
4.687502584869161076e-02
4.687502475113351774e-02
4.687502444085523551e-02
4.687502330834817516e-02
