5.768255498213742394e-02
5.637848593091884103e-02
5.589210804954493350e-02
5.542110333225463981e-02
5.526616335370201222e-02
5.495924473859187254e-02
5.471015761939216487e-02
5.506681439164788638e-02
5.473488172354501469e-02
5.472787496185825551e-02
5.472635539559324303e-02
5.469134925040326778e-02
5.470740392014724479e-02
5.469368767611634125e-02
5.519488160011994105e-02
5.945010926074607849e-02
5.929989339078587524e-02
5.493875724822178119e-02
5.469003914425162038e-02
5.788841572896672588e-02
5.469507834867304297e-02
5.640303520378407709e-02
5.483126138269626970e-02
5.539726703855814977e-02
5.393580409628216665e-02
5.411416106929173298e-02
5.350136716205022847e-02
5.336645014649706725e-02
5.308453708830584983e-02
5.275108165883481137e-02
5.237487840423436791e-02
5.196281267642123558e-02
5.151366331654866348e-02
5.108022789398558583e-02
5.066258158779792659e-02
5.016566524509904340e-02
4.971469516504721520e-02
4.936087540778751059e-02
4.906699781748030675e-02
4.921339322615080752e-02
4.890122703576026825e-02
4.857255910045310543e-02
4.842929921813358962e-02
4.843392089680707835e-02
4.821072665258420431e-02
4.806530720357320152e-02
4.794615219517585347e-02
4.794985122558399759e-02
4.769870980950569050e-02
4.755899891825011300e-02
4.746580353326168566e-02
4.729149273606052251e-02
4.716305613709088213e-02
4.714314702452145067e-02
4.724282364484858748e-02
4.700479328448040062e-02
4.696542157654552685e-02
4.694653993504852713e-02
4.705848260185351711e-02
4.691679244506836988e-02
4.692932772109239398e-02
4.696059698930377807e-02
4.689273635242598853e-02
4.689176401667098648e-02
4.690798634372918968e-02
4.687967811479533398e-02
4.697266476437488014e-02
4.688650472316478746e-02
4.693885699403688161e-02
4.687780162860528260e-02
4.689198717293514146e-02
4.687827432843834352e-02
4.688134695809081931e-02
4.687543844791855485e-02
4.687546829640830415e-02
4.687571991982865394e-02
4.687517136113106969e-02
4.687528873024229825e-02
4.687519025828611186e-02
4.687508267772201587e-02
4.687513799670002534e-02
4.687506400320534672e-02
4.687504015610176322e-02
4.687504280963702974e-02
4.687504093954529549e-02
4.687503981430139743e-02
4.687503024529096618e-02
4.687503194866912692e-02
4.687503192858182705e-02
4.687502881678252964e-02
4.687503323954430451e-02
4.687503188573983320e-02
4.687503323862595578e-02
4.687503769957137439e-02
4.687502886342335973e-02
4.687502709539147216e-02
4.687502737672281233e-02
4.687502854344638425e-02
4.687502811309767620e-02
4.687502753145137563e-02
4.687502686900528459e-02
4.687502658852047560e-02
4.687502653685472753e-02
4.687502664713227851e-02
4.687502740290401537e-02
4.687510656006487614e-02
4.687502646220193664e-02
4.687502687298130549e-02
4.687502584132758471e-02
4.687502577419002531e-02
4.687502567807744214e-02
4.687502627148250334e-02
4.687512090784849705e-02
4.687502528125849638e-02
4.687504462772303787e-02
4.687502632545963860e-02
4.687503273775547180e-02
4.687503288991444472e-02
4.687502447169607234e-02
4.687502300630854574e-02
4.687502174912931002e-02
4.687502239709718382e-02
4.687502176175311480e-02
4.693061114942021633e-02
4.687630534693121298e-02
4.688577243850571702e-02
4.687737907791518499e-02
4.687572430284803193e-02
4.687737838964264880e-02
4.687515632059202630e-02
4.687570745787750237e-02
4.687538670147951836e-02
4.687503802439204476e-02
4.687538353474123010e-02
4.687508896576091794e-02
4.687503790386835650e-02
4.687512385490210515e-02
4.687503469564403141e-02
4.687506425647444686e-02
4.687505241086228902e-02
4.687503282184630332e-02
4.687505024235379819e-02
4.687503062703861356e-02
4.687502587370070278e-02
4.687502460222083001e-02
4.687502597504204782e-02
4.687502808220059963e-02
4.687503696732545772e-02
4.687502437106116221e-02
4.687502614820750896e-02
4.687502800793327123e-02
4.687502582568844195e-02
4.687502720210319496e-02
4.687503022383707196e-02
4.687504902214783414e-02
4.687502826555868529e-02
4.687503355428258162e-02
4.687502377003186643e-02
4.687502448919075165e-02
4.687502431386743329e-02
4.687502405304295322e-02
4.687502459849993142e-02
4.687502853412844200e-02
4.687502883470788528e-02
4.687502491439760749e-02
4.687502376181600788e-02
4.687502423545870933e-02
4.687502489107617243e-02
4.687502621079932263e-02
4.687502792615418079e-02
4.687503902059163285e-02
4.687502458540830641e-02
4.687727041167032149e-02
4.687507247975978425e-02
4.687543528675270493e-02
4.687510635649318191e-02
4.687505506304646963e-02
4.687510611409785588e-02
4.687502713392163733e-02
4.687506851806604036e-02
4.687504091474771484e-02
4.687504158624607870e-02
4.687502723209418382e-02
4.687503042313058421e-02
4.687503108943275737e-02
4.687502740742443413e-02
4.687503067435782461e-02
4.687502715304932288e-02
4.687502478785433163e-02
4.687502560519622719e-02
4.687502566797666775e-02
4.687502491585626013e-02
4.687502516507941613e-02
4.687502452545540266e-02
4.687502445682619617e-02
4.687502448527081089e-02
4.687502456753116914e-02
4.687502438193970333e-02
4.687502381827182013e-02
4.687502372866172995e-02
4.687502428664213489e-02
4.687552568633543415e-02
4.687502658208349271e-02
4.687510782938109771e-02
4.687502930653959787e-02
4.687503966892266061e-02
4.687503173503003440e-02
4.687533598964931103e-02
4.687503113098655250e-02
4.687512092574704775e-02
4.687503451210499328e-02
4.687502825952412355e-02
4.687503445250634782e-02
4.687502345108285340e-02
4.687502321874000011e-02
4.687502353763550039e-02
4.687502581442656857e-02
4.687502471982791380e-02
4.687502441177907042e-02
4.687502329386053490e-02
4.687502320347603640e-02
