7.051768011519174428e-02
7.289255985981581143e-02
6.672130398632256099e-02
5.856398846581375300e-02
5.794260343679504682e-02
5.615096272847265590e-02
6.072878131670781526e-02
5.491605228002439248e-02
5.498669579184874145e-02
5.167790652791742073e-02
5.748268402063695659e-02
5.159773731688642451e-02
5.278535549542417299e-02
4.987782889199122299e-02
5.067216988464410404e-02
5.151023081287776223e-02
6.376351612218873754e-02
7.849875421650873153e-02
5.487669904629711992e-02
5.816307626279042936e-02
6.374450368207011663e-02
5.906360377544788570e-02
5.348657310799543457e-02
4.206113393518935012e-02
3.716997748044959665e-02
3.154831206050137671e-02
2.948984981726971918e-02
2.360911562040192771e-02
1.557447785803061854e-02
1.531446365544344469e-02
1.054322437019268935e-02
8.517739090190896284e-03
7.024771112644755469e-03
5.465224625412012406e-03
4.120783001696735025e-03
3.499060736706882582e-03
2.346929561835830232e-03
1.632337565919858482e-03
1.207236332957253551e-03
6.961487722927671212e-04
4.604585626858139196e-04
2.847822730370666144e-04
1.457367162301345155e-04
9.937564161007633734e-05
6.691946001529311123e-05
4.957518252453850527e-05
3.633861868304578361e-05
1.977976799569709877e-05
1.249989456270715724e-05
7.364605744269604077e-06
3.307773594392590923e-06
1.759133767961568117e-06
8.609063716054910358e-07
6.795848907855341780e-07
3.273855968401691029e-07
2.264150657823963961e-07
2.525820353481658779e-07
1.765291769998604105e-07
1.955460842498206514e-07
1.236448439359327403e-07
1.016185211052590781e-07
7.816972554348440969e-08
5.554414757017706677e-08
5.978209704637118271e-08
4.867282586437099265e-08
6.274492619403705679e-08
3.899259844564136602e-08
8.938557473540954953e-08
5.549900672174661802e-08
4.340125064145683296e-08
3.353089386425995620e-08
3.865876629273617522e-08
4.454321722982162825e-08
3.335938304045946258e-08
3.598015961732200889e-08
3.858634082334376646e-08
3.407850014806789363e-08
7.150711948043258903e-08
5.075371820380516835e-08
3.195378164010669836e-08
3.014674420617258030e-08
3.192457536258035084e-08
2.892687648552890554e-08
2.994068019115549756e-08
3.858334198334977935e-08
5.867541370065256825e-08
3.607893422628347326e-07
3.460603034528652426e-08
3.809644191175729315e-08
3.363118713643662797e-08
4.736091140843992026e-08
3.234638559276007961e-08
4.956776208323362750e-08
3.963089247101538599e-08
4.640721856075587178e-08
3.105639815729328189e-08
6.092024274367201473e-08
5.076370230718039081e-08
2.365928590818090074e-07
4.677599185018607559e-08
3.419484489476230030e-08
2.882771785846237730e-08
2.929910756153847162e-08
3.145591872599918609e-08
4.568585534361589512e-08
1.467593544567406903e-07
3.679771960134025723e-08
3.741976386545033614e-08
2.680026671399795308e-08
2.514214258971104136e-08
2.447292660714428278e-08
2.485514074947256739e-08
2.511542076601450239e-08
2.649301083303674782e-08
3.885153028084066092e-08
3.132221303656557777e-08
1.869248996490960238e-08
1.826880015932849759e-08
1.873526133542259121e-08
1.783479558186781211e-08
2.351306426073464208e-08
1.995605980455890605e-08
8.615791423364055415e-08
4.102351016355490196e-08
2.866358722009625889e-08
1.910514690226412257e-08
2.570383847823501813e-08
1.907463025317509556e-08
2.758977522300761055e-08
2.076015835099109336e-08
2.771584666897991368e-08
1.743452089720430300e-08
2.025533289729097717e-08
1.808597901847513246e-08
1.844503717708461814e-08
1.955993179909066965e-08
1.694390937101174358e-08
2.691200567302628861e-08
2.114717137022430614e-07
1.784240783104524927e-08
1.684940507643499346e-08
2.030957597280959890e-08
1.863908892937337469e-08
1.727323294219395201e-08
1.791442213567139433e-08
1.827820915038263021e-08
1.857411370003452944e-08
1.723432483337088291e-08
1.751186051658777223e-08
1.908008744198212016e-08
3.238802510158593384e-07
4.956993296321159918e-07
5.041973642414443546e-08
6.602953238904682455e-08
2.040911452791001627e-08
2.202327215782393875e-08
1.788364681626157321e-08
1.735921219812222220e-08
1.776372001718307203e-08
1.790889911167701855e-08
1.835250080321853526e-08
1.833802220462619183e-08
1.798144650845134309e-08
1.847709320070558891e-08
1.818759837228772051e-08
1.965604912520425105e-08
1.111568042425868325e-07
1.952175205128055723e-08
2.228996431018518733e-08
1.965850679309206498e-08
1.777273725424377686e-08
1.797084958601611233e-08
1.777837477672265364e-08
1.774611008308259732e-08
1.728283388884751916e-08
1.719406490565143111e-08
1.676416168698543871e-08
4.261375773392825292e-08
1.863195793619138104e-08
1.751803772798568622e-08
1.640766857952712829e-08
1.677651522116135754e-08
1.776568837431843253e-08
1.767372856398487987e-08
1.688607979502207216e-08
1.736205621462852860e-08
2.155362984288933139e-08
9.325805641192181516e-08
1.661221235256951165e-08
1.625344203971004472e-08
1.628082324439665148e-08
1.640495028677611438e-08
1.639213943456855963e-08
1.682447941352241407e-08
1.795995078836233397e-08
8.938907925092682961e-08
1.890081527986667270e-08
2.593965270239283447e-08
1.644883977232043481e-08
1.638872849206294049e-08
1.651842326895852254e-08
1.651076571456595692e-08
1.669379690701359517e-08
1.657612285573786665e-08
1.660931248616684228e-08
1.667821139168493902e-08
1.657383075890538829e-08
1.707065728154469336e-08
1.823737864239549922e-08
6.228266723684290213e-07
1.659239386553642184e-08
1.630743909249644388e-08
1.634714632283298678e-08
1.971825338997118250e-08
8.368390131571952207e-08
1.637362982288706452e-08
1.600639873937765271e-08
1.606104511484972851e-08
1.603399619717226517e-08
1.700034430387998224e-08
2.819364371896271663e-08
1.891657701686053566e-08
1.744550689934380373e-08
1.634526159233456603e-08
1.605487865276243487e-08
1.656276612608521080e-08
1.571187389052677344e-08
1.592363701895463953e-08
1.584269363150139677e-08
1.582305275572948793e-08
1.591214236098476533e-08
1.605400207128577668e-08
1.541434573725362499e-08
2.625566424505329781e-08
3.634603887835308787e-08
1.681504575079915165e-08
1.752353939590347143e-08
1.558703716218778864e-08
1.592402199278929579e-08
1.556486281130722812e-08
1.574610021166413307e-08
1.573441280376387333e-08
1.562558613310093172e-08
1.696000378110483458e-08
1.601817510629168410e-08
1.531358741027000136e-08
1.558129374487178711e-08
1.573649919032089469e-08
1.582986878481874562e-08
1.596225123278720106e-08
1.594032048890689295e-08
1.583424522382470427e-08
1.606899704428828781e-08
1.602821214309542114e-08
1.768742073171714037e-08
1.938442287467067966e-07
1.637166319616033791e-08
1.664841568819427622e-08
1.774649687350928955e-08
2.043192228737172538e-08
1.609353947099370629e-08
1.621499800773104769e-08
1.632899326070058592e-08
1.615341945333659644e-08
1.601144096543491330e-08
1.609809592089306895e-08
1.619031737665413083e-08
1.632394318418604001e-08
1.630931112301897621e-08
1.614366205221936973e-08
1.669860617199729231e-08
2.311160385395133826e-08
5.994281788485024929e-08
1.683332403379244557e-08
1.931352556166240314e-08
1.634517787646415120e-08
1.616314212722582385e-08
1.611472706085567572e-08
1.614036769333145256e-08
1.630515605699691272e-08
1.628417514541660299e-08
1.642838121800585484e-08
1.649418937121461710e-08
1.670618596091323839e-08
1.722878805689833002e-08
1.652488040416867496e-08
1.701531946477777413e-08
1.876483021679486514e-08
6.313388590236432349e-08
1.647691292708301783e-08
1.716898767207660016e-08
1.698975498822591439e-08
1.666951043991492794e-08
1.604438500168733421e-08
1.591704451285770750e-08
1.581817829878147894e-08
1.567042733704212680e-08
1.551682486646293948e-08
1.543505334543648943e-08
1.548811184462465236e-08
1.602684334906988573e-08
1.559558714300930084e-08
1.569502040293314851e-08
1.615404710649911544e-08
6.294147885070805358e-07
1.696649468269909899e-08
1.255060184195213350e-07
1.565832087959498792e-08
1.562002809934419890e-08
1.575842377907604685e-08
1.583505685984990620e-08
1.588752527106753723e-08
1.597663059875824252e-08
1.647207465085866476e-08
1.941672069568354167e-07
1.574479337622503258e-08
1.590220400250234169e-08
1.597560462735867445e-08
2.100477795409902703e-08
2.148572727044727728e-08
1.689758530323829496e-08
1.690318115607474483e-08
1.616825698654901964e-08
1.601357179921096514e-08
1.597840906163223868e-08
1.600293118150860472e-08
1.597975925667705982e-08
1.601603930845740915e-08
1.603125116189710671e-08
1.611415420469914101e-08
1.613188723857980194e-08
1.608954267026383830e-08
1.622365342160135409e-08
1.655655640983644622e-08
1.634570433156057761e-07
1.609087664647781815e-08
1.601572295670976105e-08
1.599878015397970664e-08
1.737081593597813113e-08
3.520976463816594475e-08
1.606511297337273998e-08
1.589313398269569771e-08
1.699718457115937771e-08
1.724443949074635521e-08
1.609979319467461005e-08
1.591736563106220722e-08
1.600380428665049049e-08
1.586811280650613594e-08
1.636100436591614344e-08
1.591744438700232135e-08
1.597633517598990273e-08
1.601544481277238432e-08
1.580893424592029148e-08
1.577212674259584389e-08
1.581381448228518664e-08
1.577113015894809943e-08
1.768211411971604586e-08
