7.283888936227297939e-02
6.671762354343252488e-02
5.852040648033679515e-02
5.773912192108660024e-02
5.626025914689392060e-02
6.164727197925419511e-02
5.494342325360831308e-02
5.453447326519191701e-02
5.229498708612204810e-02
5.773697764914095115e-02
5.169632215541607179e-02
5.373512486783227349e-02
4.990783869667482497e-02
5.096922556899359524e-02
5.144190238285131084e-02
6.349852871455913261e-02
8.088875777737428163e-02
5.492165910888761188e-02
5.819962368535730457e-02
6.583615117679145201e-02
6.022292467086102358e-02
5.399143504773362690e-02
4.130625465511460204e-02
3.665548404402890065e-02
3.097383636479870278e-02
2.856257456196459321e-02
2.382817633001945226e-02
1.665112893276972372e-02
1.490344618039456115e-02
1.052940522370279450e-02
8.804892258160348928e-03
6.891651795804665595e-03
5.975743244793258954e-03
4.529533032273641742e-03
4.934491080026392681e-03
2.747862203324793421e-03
2.223697563344316681e-03
1.963182687225845623e-03
1.054570794149867295e-03
7.970575107599334750e-04
5.047413570443837075e-04
2.754585281066743488e-04
2.103609629757402576e-04
1.036711102984782000e-04
6.471329698919821001e-05
2.424074709401325585e-05
1.542722790668638857e-05
2.264614478403211413e-05
8.423475964258878213e-06
8.188846328196657098e-06
4.179340312581589406e-06
1.751159620955902003e-06
2.677153908790460096e-06
5.370981301989812789e-07
3.749713483227003837e-07
1.901886208595664222e-07
1.263919264902071436e-07
1.555275994862801221e-07
1.139545729374808984e-07
1.089704297165733398e-07
9.129723926914800814e-08
6.955737613527671321e-08
7.573116017902889997e-08
5.258284783880947093e-08
6.833730077931247924e-08
4.366418971077424157e-08
1.096525827921465904e-07
4.264967226374319923e-08
4.932649211836376113e-08
4.339374649163542218e-08
3.802261164356944021e-08
6.611715651205528489e-08
3.641077502386817615e-08
5.845798093716747679e-08
4.439962162037229946e-08
2.964445931775996790e-08
1.050136609928851128e-07
2.505740581366368464e-08
5.413891093453635789e-08
3.715278489661085688e-08
5.376381903626547352e-08
3.177087548600841076e-08
3.949852591744797338e-08
3.034137996846535600e-08
3.923280951730804805e-08
3.383739115466301097e-08
3.735418931940743789e-08
3.236489004714164876e-08
4.833696859104642953e-08
3.077071269395342631e-08
4.125840539350195179e-08
3.848395800405961274e-08
4.238024109672655721e-08
3.389832530719188842e-08
2.931983806539316878e-08
5.048651566554809311e-08
2.223753177861917117e-08
9.371665646904011468e-08
2.766216088682460415e-08
2.831550046566491878e-08
2.269705593549562468e-08
2.257315651962063641e-08
1.853463058626805893e-08
3.733313584809027685e-08
1.551497174074234055e-08
3.381037890345208246e-08
1.505741705128971870e-08
2.594339583985917338e-08
1.928271944974929687e-08
2.196647745583671589e-08
1.979684344452285906e-08
2.296695985323081963e-08
1.443484805991119233e-08
2.875545768512040752e-08
1.277292358191510055e-08
1.335684226874088877e-08
1.299699103125545880e-08
1.269611354193991303e-08
1.244481021664479859e-08
1.508841051909402449e-08
1.401593187013237192e-08
1.814662721183347768e-08
1.534202814524253444e-08
1.429914916591822889e-08
1.332687914174572631e-08
1.346317591391491598e-08
1.309733448046886334e-08
1.313419510955931904e-08
1.524408099446330634e-08
1.335184484494933318e-08
1.173599486812274721e-08
1.188509748749169558e-08
1.162172129425800859e-08
1.114325932551936978e-08
1.167370899398699986e-08
1.068437023867193487e-08
1.143829213071996765e-08
3.158800214758258572e-08
1.054684070638764809e-08
1.045438625921901599e-08
1.081964226962089408e-08
1.043512456994968026e-08
1.042305448352838151e-08
1.068697688697471041e-08
1.089882914302921811e-08
1.098004048144768987e-08
1.020351815430859291e-08
1.054814148731177401e-08
1.099313831842447106e-08
1.697162561461891365e-07
2.649182473318200480e-08
1.748988947297550907e-08
1.043647854537041020e-08
1.030771435918255463e-08
9.836324311315786454e-09
1.046388200817730640e-08
1.033701357509480230e-08
1.049662520067451874e-08
1.075707458522922995e-08
1.066474194696425493e-08
1.127082202635396933e-08
1.074412771067010163e-08
1.140521350992379710e-08
1.111144768720487066e-08
1.170586693858890499e-08
2.204328933494195748e-08
1.168288462146393638e-08
1.126382709869552322e-08
1.147983250514467176e-08
1.097404119926566984e-08
1.116393262312607893e-08
1.107298599219864272e-08
1.090916771932188111e-08
1.091771553815623116e-08
1.075283178805867151e-08
1.080786990998796084e-08
1.274306298927486610e-08
1.110294976622231537e-08
1.053734312390695619e-08
1.046699802317777750e-08
1.055876031950988869e-08
1.113445699515383076e-08
1.081884355599400191e-08
1.070220072969127910e-08
1.067078640886624604e-08
1.205089801536597549e-08
1.464795025778259966e-08
1.048208161735622327e-08
1.024324828133484240e-08
1.027659309790622982e-08
1.035899727748824600e-08
1.034134032596449206e-08
1.047577112255223614e-08
1.092582352868770859e-08
1.519675196949619030e-08
1.095669658995804491e-08
1.092175578075921320e-08
1.038910551383565798e-08
1.027172675374535041e-08
1.028617133696625516e-08
1.035130927388745870e-08
1.041707882707471188e-08
1.039269434811732386e-08
1.036049621551715140e-08
1.034302386640886175e-08
1.029695051011095976e-08
1.045350925010184784e-08
1.036119561393649323e-08
1.475421578653147231e-07
1.035130496756088553e-08
1.017049348707169929e-08
1.011682033331412295e-08
1.043653649799710679e-08
1.226200828588905666e-08
9.842068849128270083e-09
9.884686511179987701e-09
9.922986750270826041e-09
9.889835848909252516e-09
9.965401053455520396e-09
1.029690401583916406e-08
1.000548407333388549e-08
9.732927318096599370e-09
9.731795270635256988e-09
9.683260110167000933e-09
9.770547217427267659e-09
9.608844827219955035e-09
9.619124460391171008e-09
9.654936710497349563e-09
9.582227063156338866e-09
9.592064575273288349e-09
9.625347878248956793e-09
9.469601891958552342e-09
1.064976250777964670e-08
1.131693468982531489e-08
9.630441735649458856e-09
9.639698024603377553e-09
9.462404911367584812e-09
9.516772045837102145e-09
9.485408764065022454e-09
9.519260095213220873e-09
9.378574985974667315e-09
9.377856368864867365e-09
9.537226793633352095e-09
9.423994224318789412e-09
9.330806504268679284e-09
9.322980711650606297e-09
9.424972221664777847e-09
9.492338029399353999e-09
9.527839582673419452e-09
9.497987392488865231e-09
9.431185945190364047e-09
9.395910472084662542e-09
9.450205762433332422e-09
9.691260758747127393e-09
1.423045295108682136e-08
9.403059017315082752e-09
9.301364983294130239e-09
9.597448230503759565e-09
9.558468303973088125e-09
9.334263409955170611e-09
9.358725294464899170e-09
9.426216408899487974e-09
9.373836307218610844e-09
9.399569400935236719e-09
9.448435047023718305e-09
9.477932788200406523e-09
9.534981536863166430e-09
9.537238140274136368e-09
9.475376920700580143e-09
9.602475265350914432e-09
1.014029538253606661e-08
1.442161653708833208e-08
9.431694186563393751e-09
9.913379611456181226e-09
9.413361834564412744e-09
9.509895955604272273e-09
9.478805159192085886e-09
9.520307362185385953e-09
9.611177577533018060e-09
9.563019903261782325e-09
9.602227454608436040e-09
9.645897953816059330e-09
9.774024756346006397e-09
9.801127466557945285e-09
9.730606796007048614e-09
9.656327789331361133e-09
1.007516431452267467e-08
1.160594065655724925e-08
9.658558877371267334e-09
9.586612631515558847e-09
9.714221244883820463e-09
9.557740655832304421e-09
9.516780681320908197e-09
9.495672988553323591e-09
9.494485480800787021e-09
9.478111302410683540e-09
9.424518442103991501e-09
9.394649289125279622e-09
9.490663755803528892e-09
9.454752966101906859e-09
9.502053408280066484e-09
9.348785610397739066e-09
9.600905169285110271e-09
7.920146600488332222e-08
9.614804577751297574e-09
1.510268183814191094e-08
9.352706348361566274e-09
9.369578754036867454e-09
9.410302525212438634e-09
9.456131053246735212e-09
9.468295119961944981e-09
9.516528735665594877e-09
9.428677705145325880e-09
3.457828252046728663e-08
9.402471043597565007e-09
9.430430830566708313e-09
9.501017485195494418e-09
1.018036392123343122e-08
9.732541297370230269e-09
9.644492664632705171e-09
9.452953512160607585e-09
9.531306138974167425e-09
9.498832307887043761e-09
9.492063763986425938e-09
9.504618888533680938e-09
9.478329382924695592e-09
9.481318249944013470e-09
9.532931133442810857e-09
9.469880304034167777e-09
9.614669166655248534e-09
9.454941297495919585e-09
9.593002223751550930e-09
9.444531324995516128e-09
2.874117614541004242e-08
9.487968995578581027e-09
9.468375639711938433e-09
9.466965425082773299e-09
9.722756961070227513e-09
1.024557214829004363e-08
9.439131840462140206e-09
9.384378819325140901e-09
9.657750956622661477e-09
9.465208641345680966e-09
9.481113810856357302e-09
9.421189937173513046e-09
9.434109704173546928e-09
9.423213706716699659e-09
9.480149846681604642e-09
9.438503006401500874e-09
9.362399616200894499e-09
9.445750433605624074e-09
9.353353292353161485e-09
9.355032666030219008e-09
9.336312842258755451e-09
9.322745602787484651e-09
9.306569036708522108e-09
5.757306612178358140e-08
