1.985416666666667140e+01
2.614062500000000000e+01
2.948437500000000000e+01
3.592187500000000000e+01
3.387604166666666572e+01
4.044062499999999716e+01
3.208854166666667140e+01
5.001979166666666998e+01
5.100208333333333144e+01
5.396249999999999858e+01
5.559895833333333570e+01
5.130312500000000142e+01
5.654687500000000000e+01
5.537083333333333002e+01
5.844375000000000142e+01
5.824166666666666714e+01
6.027708333333333002e+01
6.016666666666666430e+01
6.072708333333333286e+01
6.083541666666666714e+01
6.148958333333333570e+01
6.177916666666666856e+01
6.197500000000000142e+01
6.134062500000000284e+01
4.815625000000000000e+01
6.184895833333333570e+01
6.192708333333333570e+01
6.195729166666666998e+01
6.190937499999999716e+01
6.191354166666666714e+01
6.201250000000000284e+01
6.202812500000000284e+01
6.206145833333333428e+01
6.209791666666666998e+01
6.212812499999999716e+01
6.217812500000000142e+01
6.215625000000000000e+01
6.222604166666666714e+01
6.224479166666666430e+01
6.227604166666666430e+01
6.229375000000000284e+01
6.207083333333333286e+01
6.234062500000000284e+01
6.231666666666666998e+01
6.234895833333333570e+01
6.236979166666666430e+01
6.238645833333333002e+01
6.230416666666666714e+01
6.241041666666666998e+01
6.240625000000000000e+01
6.242187500000000000e+01
6.243645833333333428e+01
6.242291666666666572e+01
6.243541666666666856e+01
6.243750000000000000e+01
6.243854166666666572e+01
6.245000000000000284e+01
6.245104166666666856e+01
6.246249999999999858e+01
6.246875000000000000e+01
6.247395833333333570e+01
6.247500000000000142e+01
6.247812499999999858e+01
6.248125000000000284e+01
6.248333333333333428e+01
6.248333333333333428e+01
6.248645833333333144e+01
6.248749999999999716e+01
6.248645833333333144e+01
6.248854166666666998e+01
6.248958333333333570e+01
6.248749999999999716e+01
6.249270833333333286e+01
6.249270833333333286e+01
6.248854166666666998e+01
6.249374999999999858e+01
6.249374999999999858e+01
6.249374999999999858e+01
6.249374999999999858e+01
6.249479166666666430e+01
6.246145833333333286e+01
6.246562500000000284e+01
6.249583333333333002e+01
6.249479166666666430e+01
6.249583333333333002e+01
6.249583333333333002e+01
6.249583333333333002e+01
6.249583333333333002e+01
6.249583333333333002e+01
6.249583333333333002e+01
6.249687500000000284e+01
6.249479166666666430e+01
6.240729166666666572e+01
6.232291666666666430e+01
6.240833333333333144e+01
6.240833333333333144e+01
6.241875000000000284e+01
6.241562499999999858e+01
6.243645833333333428e+01
6.244791666666666430e+01
6.245312500000000000e+01
6.246354166666666430e+01
6.248229166666666856e+01
6.248333333333333428e+01
6.242291666666666572e+01
6.249479166666666430e+01
6.249270833333333286e+01
6.249062500000000142e+01
6.249687500000000284e+01
6.249166666666666714e+01
6.249270833333333286e+01
6.243541666666666856e+01
6.249687500000000284e+01
6.249583333333333002e+01
6.247187499999999716e+01
6.249479166666666430e+01
6.249791666666666856e+01
6.249062500000000142e+01
6.249791666666666856e+01
6.249791666666666856e+01
6.249791666666666856e+01
6.249791666666666856e+01
6.249791666666666856e+01
6.249791666666666856e+01
6.249791666666666856e+01
6.249687500000000284e+01
6.249687500000000284e+01
6.249687500000000284e+01
6.249687500000000284e+01
6.249687500000000284e+01
6.249270833333333286e+01
6.245520833333333144e+01
6.249687500000000284e+01
6.249687500000000284e+01
6.249583333333333002e+01
6.249687500000000284e+01
6.249687500000000284e+01
6.249687500000000284e+01
6.249687500000000284e+01
6.249687500000000284e+01
6.249687500000000284e+01
6.249687500000000284e+01
6.249687500000000284e+01
6.249687500000000284e+01
6.249687500000000284e+01
6.249791666666666856e+01
6.249687500000000284e+01
6.249687500000000284e+01
6.249791666666666856e+01
6.249687500000000284e+01
6.249791666666666856e+01
6.249791666666666856e+01
6.249687500000000284e+01
6.249791666666666856e+01
6.249791666666666856e+01
6.249791666666666856e+01
6.249687500000000284e+01
6.249791666666666856e+01
6.249791666666666856e+01
6.249791666666666856e+01
6.249791666666666856e+01
6.249791666666666856e+01
6.249791666666666856e+01
6.249895833333333428e+01
6.249895833333333428e+01
6.249895833333333428e+01
6.249895833333333428e+01
6.249791666666666856e+01
6.249895833333333428e+01
6.249895833333333428e+01
6.249895833333333428e+01
6.249895833333333428e+01
6.249895833333333428e+01
6.249895833333333428e+01
6.250000000000000000e+01
6.250000000000000000e+01
6.249687500000000284e+01
6.249895833333333428e+01
6.249895833333333428e+01
6.250000000000000000e+01
6.250000000000000000e+01
6.250000000000000000e+01
6.249687500000000284e+01
6.249895833333333428e+01
6.250000000000000000e+01
6.250000000000000000e+01
6.250000000000000000e+01
6.250000000000000000e+01
6.250000000000000000e+01
6.250000000000000000e+01
6.250000000000000000e+01
6.250000000000000000e+01
6.250000000000000000e+01
6.250000000000000000e+01
6.250000000000000000e+01
