8.121051270250427556e-02
5.988857496394993374e-02
5.526238809673741231e-02
4.796288108246814230e-02
4.530600654313290260e-02
5.280142049176713565e-02
4.324254086876418851e-02
4.873108467470387006e-02
3.760493821441561468e-02
3.522425034860325599e-02
3.311807102097278493e-02
3.133683602389097933e-02
3.424598979552356121e-02
2.985198863456895585e-02
3.003357250846303700e-02
2.898478926172351477e-02
2.805082284322577696e-02
2.701880465636442505e-02
2.674713883356121327e-02
2.590382814037765422e-02
2.591216753741565695e-02
2.510504403538983340e-02
2.482229223463360696e-02
2.448842431114727630e-02
2.710749841852968384e-02
4.807067176814634746e-02
2.517693804733563134e-02
2.432407617614563283e-02
2.423010728237058597e-02
2.413576709733549278e-02
2.407928954138031929e-02
2.401345160822559999e-02
2.399826621853690112e-02
2.396873231231122850e-02
2.392837200119001667e-02
2.388485835745290248e-02
2.384651888907480741e-02
2.386003533643777513e-02
2.380166125750298595e-02
2.377742612159080074e-02
2.374604317108973406e-02
2.373173428842815375e-02
2.394944820739576541e-02
2.369508504069996885e-02
2.371173555079723883e-02
2.367536108941651132e-02
2.365833187103505431e-02
2.364545656289573916e-02
2.374220532063392453e-02
2.362864810884071631e-02
2.362447520956962449e-02
2.360209054316871752e-02
2.359459553964911999e-02
2.359063972113795496e-02
2.358626362631147458e-02
2.357851566952231734e-02
2.357607812635227618e-02
2.356536484041456964e-02
2.355953547288316616e-02
2.355116065271371448e-02
2.354394416145801430e-02
2.353712420268597172e-02
2.353245148901566761e-02
2.352630641858041369e-02
2.352215772711023500e-02
2.351882517330638675e-02
2.352178415190570027e-02
2.351352920778030514e-02
2.351125130341009950e-02
2.350957698269748319e-02
2.350625116855412436e-02
2.350366570406953182e-02
2.350132174142651950e-02
2.349844384812656631e-02
2.349710308962511818e-02
2.349614051881744256e-02
2.349366248847709754e-02
2.349269269935766111e-02
2.349118738145473256e-02
2.348866017958654157e-02
2.348663612946414597e-02
2.352305776792337072e-02
2.351719888885234547e-02
2.348500211791857209e-02
2.348419466818231147e-02
2.348262050673822349e-02
2.348143376459084150e-02
2.347987115898589328e-02
2.347808805145392211e-02
2.347635716986291865e-02
2.347573666094887948e-02
2.347364329346960168e-02
2.347363724717362390e-02
2.356760391005817759e-02
2.366161027564783054e-02
2.356647224095185719e-02
2.356279125182541082e-02
2.355112736478208457e-02
2.354325769858636383e-02
2.352786908087352302e-02
2.351641124799104879e-02
2.350795201288203434e-02
2.350347893506722630e-02
2.348699910389115061e-02
2.348408354465186115e-02
2.356479674312295797e-02
2.347536771742254891e-02
2.347673106944401025e-02
2.347977470201389333e-02
2.347386789726491757e-02
2.347589624242274811e-02
2.347463002586563929e-02
2.354369362326574899e-02
2.347243048344318725e-02
2.347206083512034386e-02
2.349936887449634998e-02
2.347303604249567979e-02
2.347096209542843745e-02
2.347835187394988962e-02
2.346972461015090633e-02
2.346957008025261915e-02
2.346894025731011829e-02
2.346897994349280564e-02
2.346852283491892427e-02
2.346825143080588649e-02
2.346798271973035352e-02
2.346783240856908925e-02
2.346750791096377520e-02
2.346725097652931427e-02
2.346698179069618001e-02
2.346686614232266349e-02
2.347017763999665815e-02
2.351507325725837524e-02
2.346647954930298693e-02
2.346608752117453067e-02
2.346694500232059111e-02
2.346580230871171679e-02
2.346551645129679384e-02
2.346541170749057506e-02
2.346510753799763496e-02
2.346495776504379724e-02
2.346474879156416546e-02
2.346469247829022220e-02
2.346450216214511497e-02
2.346431389435580175e-02
2.346403648315853810e-02
2.346405396480957459e-02
2.346378762846186225e-02
2.346358104603471842e-02
2.346357634457036517e-02
2.346322477948612970e-02
2.346310409137773376e-02
2.346284034689313097e-02
2.346258457819319632e-02
2.346237112745748823e-02
2.346226897090475036e-02
2.346216002572020301e-02
2.346211427200036934e-02
2.346187536366727347e-02
2.346181224863159304e-02
2.346155351219022037e-02
2.346136669082060991e-02
2.346115006709778572e-02
2.346094728663191201e-02
2.346085161507024605e-02
2.346054523897093610e-02
2.346043549678201653e-02
2.346022613711768248e-02
2.346014052300490413e-02
2.345986047794561963e-02
2.345986579514786410e-02
2.345972496722132511e-02
2.345953160628635320e-02
2.345933280691528053e-02
2.345914052801227959e-02
2.345881527015830983e-02
2.345888322950833577e-02
2.346040740583256456e-02
2.345862612162926200e-02
2.345842215660624147e-02
2.345828020365606573e-02
2.345823816973844483e-02
2.345808229394986261e-02
2.346096981075051699e-02
2.345804879039780494e-02
2.345777357936381161e-02
2.345759637419610882e-02
2.345746557796003079e-02
2.345738924450818316e-02
2.345723598319470263e-02
2.345708958298670099e-02
2.345691237783038841e-02
2.345669086164695744e-02
2.345651942640868473e-02
2.345632761521113108e-02
