6.067208767087316906e-02
5.403431328456154148e-02
4.814519688955837956e-02
4.512053242679943399e-02
5.316293909951964880e-02
4.305277449097658776e-02
4.971704950213106516e-02
3.675523764781752495e-02
3.532349901764358924e-02
3.320090971546396652e-02
3.080077237243129817e-02
3.557346082939210480e-02
2.918043516254962763e-02
2.981537574452074180e-02
2.871046255175996667e-02
2.782451697790421299e-02
2.646453842049530797e-02
2.604200612575699111e-02
2.533266697499066480e-02
2.552773878194612017e-02
2.497003512354724689e-02
2.486282633299939648e-02
2.447659625671548544e-02
2.711525369271539435e-02
4.726509330193449238e-02
2.583004255156558238e-02
2.416509774656041068e-02
2.468273370388206905e-02
2.395883561089123814e-02
2.419268579566203822e-02
2.387869098499167606e-02
2.388681422970929252e-02
2.434335123400490491e-02
2.382544869196337803e-02
2.384169431605660111e-02
2.381117919846439598e-02
2.405449088025916893e-02
2.441771346169240714e-02
2.384183885412247475e-02
2.398264090241085042e-02
2.393021034828634805e-02
2.451801456456969772e-02
2.456918268758890786e-02
2.378914307728115934e-02
2.400038776567590612e-02
2.427950131830733729e-02
2.380943664979615418e-02
2.396289991185733895e-02
2.420680429653727234e-02
2.386328266893799482e-02
2.402745546434873272e-02
2.404779575284637580e-02
2.388581938332405563e-02
2.393877546142062981e-02
2.394606029061288263e-02
2.402185284011567126e-02
2.407868153664735264e-02
2.393326148637775139e-02
2.384742377273454950e-02
2.375154249313073812e-02
2.371017895948091675e-02
2.367688735654694537e-02
2.366350387613080225e-02
2.365486716654981170e-02
2.365677291679070537e-02
2.368571745044287247e-02
2.354661170992305291e-02
2.363016673854108352e-02
2.354300298956761225e-02
2.354484266436188480e-02
2.353536041280596819e-02
2.354002616668477224e-02
2.353032576939714099e-02
2.353956680745622129e-02
2.352851455948541323e-02
2.353206593968682619e-02
2.352477834469054660e-02
2.353039548828986943e-02
2.352752037988933148e-02
2.352680277513720733e-02
2.352078546179037569e-02
2.379305459084812835e-02
2.353442321479189830e-02
2.352013099196915633e-02
2.352446240978670403e-02
2.352384455678947772e-02
2.351895632352198062e-02
2.352230235432747202e-02
2.352128116697164983e-02
2.352065120306303173e-02
2.352493701801435314e-02
2.352086373180133430e-02
2.351575604501674258e-02
2.351881450107665486e-02
2.351205509620961018e-02
2.351682993229791893e-02
2.352424969220644896e-02
2.353582861499301307e-02
2.351707312048263027e-02
2.351717463448563250e-02
2.352787035815633726e-02
2.353762130337647140e-02
2.353047786144170372e-02
2.352245616759197563e-02
2.351372230482356995e-02
2.351795147681316062e-02
2.352044077497216987e-02
2.352490462429442444e-02
2.352943300919659378e-02
2.353030761002906229e-02
2.352403360322266948e-02
2.352865740795589966e-02
2.352333679239934291e-02
2.352366605473554112e-02
2.352283212759699246e-02
2.352256050266925136e-02
2.353646657851373239e-02
2.364053024541268658e-02
2.353048558618138150e-02
2.365650537237948617e-02
2.364709250913838573e-02
2.366019357203164725e-02
2.367695730842481194e-02
2.368020127294124047e-02
2.367263118396133181e-02
2.367292799302446460e-02
2.368077403840487816e-02
2.368370797137902412e-02
2.370378217330844708e-02
2.389107245598955098e-02
2.416040950578797128e-02
2.389232974429052539e-02
2.388345206443532112e-02
2.388849450380108388e-02
2.389462076158323234e-02
2.387976981959055722e-02
2.388775839033135603e-02
2.389444335827956706e-02
2.370866580788300038e-02
2.365773517877233292e-02
2.370303516447732489e-02
2.371204666504100542e-02
2.371003356048059091e-02
2.371288232327917883e-02
2.371359818256889296e-02
2.372626274311145575e-02
2.363388941874183455e-02
2.367474329302947725e-02
2.369011885546227700e-02
2.370424485160014041e-02
2.373395565697282092e-02
2.369189254682780785e-02
2.370138852193763579e-02
2.368234215261156086e-02
2.362357621173351990e-02
2.365920310980798233e-02
2.369508132035197737e-02
2.367641956974261136e-02
2.368268549805151862e-02
2.368572191386276657e-02
2.369340041846791298e-02
2.369837150063539011e-02
2.364512561306598287e-02
2.365432093214426407e-02
2.367122261339817471e-02
2.365768230161227614e-02
2.361523731830704811e-02
2.364987351154514486e-02
2.363102446337106768e-02
2.361811430899637271e-02
2.363222495661405909e-02
2.363274547954299920e-02
2.365607654532169563e-02
2.365059271643244615e-02
2.365666999039759202e-02
2.363745585352208106e-02
2.365152785772009492e-02
2.363804388114416552e-02
2.363198444336856233e-02
2.363167949938576456e-02
2.363391751808655711e-02
2.389927522211729091e-02
2.390396435695897950e-02
2.363658633937953252e-02
2.365725738843538553e-02
2.391077497887147615e-02
2.392474497596266958e-02
2.392012330917399343e-02
2.390808668182416163e-02
2.392640576061724408e-02
2.392783940313788354e-02
2.392682239438119474e-02
2.392109346149055155e-02
2.391908551709435657e-02
2.392610177144949626e-02
