1.929687500000000000e+01
2.513437500000000568e+01
2.888750000000000284e+01
3.673749999999999716e+01
3.289374999999999716e+01
4.043437500000000284e+01
3.251250000000000284e+01
5.301874999999999716e+01
5.160312499999999858e+01
5.535000000000000142e+01
5.858124999999999716e+01
5.095624999999999716e+01
5.835625000000000284e+01
5.643750000000000000e+01
5.941562499999999858e+01
5.905312500000000142e+01
6.085000000000000142e+01
6.094375000000000142e+01
6.152499999999999858e+01
6.108749999999999858e+01
6.154999999999999716e+01
6.150000000000000000e+01
6.185000000000000142e+01
6.213750000000000284e+01
4.799687500000000284e+01
6.159062500000000284e+01
6.210937500000000000e+01
6.213750000000000284e+01
6.218124999999999858e+01
6.210625000000000284e+01
6.219687499999999858e+01
6.220937500000000142e+01
6.224687500000000284e+01
6.223749999999999716e+01
6.224062500000000142e+01
6.230312500000000142e+01
6.225625000000000142e+01
6.228437499999999716e+01
6.224062500000000142e+01
6.223437500000000000e+01
6.224687500000000284e+01
6.210937500000000000e+01
6.229375000000000284e+01
6.229999999999999716e+01
6.229062499999999858e+01
6.228750000000000142e+01
6.232812500000000000e+01
6.232812500000000000e+01
6.233437500000000142e+01
6.239062500000000000e+01
6.234062500000000284e+01
6.236562500000000142e+01
6.234375000000000000e+01
6.237187500000000284e+01
6.235937500000000000e+01
6.235937500000000000e+01
6.236562500000000142e+01
6.236249999999999716e+01
6.237500000000000000e+01
6.238125000000000142e+01
6.237812499999999716e+01
6.238750000000000284e+01
6.239374999999999716e+01
6.239374999999999716e+01
6.239062500000000000e+01
6.235312499999999858e+01
6.248437500000000000e+01
6.240625000000000000e+01
6.248437500000000000e+01
6.248437500000000000e+01
6.248437500000000000e+01
6.248749999999999716e+01
6.248125000000000284e+01
6.248125000000000284e+01
6.248125000000000284e+01
6.248749999999999716e+01
6.249062500000000142e+01
6.249062500000000142e+01
6.249062500000000142e+01
6.249062500000000142e+01
6.249062500000000142e+01
6.226874999999999716e+01
6.248749999999999716e+01
6.249062500000000142e+01
6.248437500000000000e+01
6.249062500000000142e+01
6.249062500000000142e+01
6.248749999999999716e+01
6.248749999999999716e+01
6.248749999999999716e+01
6.249062500000000142e+01
6.248437500000000000e+01
6.249687500000000284e+01
6.249062500000000142e+01
6.249687500000000284e+01
6.249687500000000284e+01
6.248749999999999716e+01
6.247812499999999858e+01
6.249687500000000284e+01
6.249687500000000284e+01
6.248125000000000284e+01
6.247500000000000142e+01
6.248125000000000284e+01
6.248749999999999716e+01
6.249687500000000284e+01
6.249374999999999858e+01
6.248749999999999716e+01
6.248749999999999716e+01
6.248125000000000284e+01
6.247812499999999858e+01
6.248749999999999716e+01
6.248437500000000000e+01
6.248437500000000000e+01
6.248125000000000284e+01
6.248437500000000000e+01
6.248437500000000000e+01
6.247187499999999716e+01
6.237812499999999716e+01
6.247500000000000142e+01
6.236874999999999858e+01
6.237187500000000284e+01
6.235937500000000000e+01
6.234375000000000000e+01
6.234062500000000284e+01
6.235000000000000142e+01
6.235000000000000142e+01
6.234062500000000284e+01
6.234062500000000284e+01
6.231875000000000142e+01
6.215937499999999716e+01
6.191562499999999858e+01
6.215937499999999716e+01
6.215937499999999716e+01
6.215937499999999716e+01
6.214999999999999858e+01
6.216250000000000142e+01
6.216250000000000142e+01
6.215937499999999716e+01
6.232187499999999858e+01
6.236249999999999716e+01
6.231562499999999716e+01
6.230937500000000284e+01
6.231250000000000000e+01
6.230624999999999858e+01
6.230312500000000142e+01
6.229687500000000000e+01
6.238437499999999858e+01
6.234062500000000284e+01
6.233124999999999716e+01
6.231875000000000142e+01
6.229687500000000000e+01
6.232187499999999858e+01
6.231875000000000142e+01
6.234375000000000000e+01
6.238125000000000142e+01
6.236249999999999716e+01
6.232500000000000284e+01
6.234062500000000284e+01
6.234062500000000284e+01
6.233124999999999716e+01
6.232500000000000284e+01
6.232187499999999858e+01
6.236874999999999858e+01
6.235937500000000000e+01
6.234375000000000000e+01
6.235937500000000000e+01
6.239062500000000000e+01
6.235937500000000000e+01
6.237500000000000000e+01
6.238437499999999858e+01
6.237500000000000000e+01
6.237187500000000284e+01
6.235000000000000142e+01
6.235000000000000142e+01
6.235312499999999858e+01
6.236562500000000142e+01
6.235625000000000284e+01
6.237187500000000284e+01
6.237187500000000284e+01
6.237187500000000284e+01
6.237187500000000284e+01
6.215625000000000000e+01
6.215625000000000000e+01
6.235937500000000000e+01
6.235000000000000142e+01
6.214062500000000000e+01
6.213125000000000142e+01
6.213125000000000142e+01
6.214374999999999716e+01
6.213125000000000142e+01
6.212500000000000000e+01
6.213125000000000142e+01
6.213750000000000284e+01
6.213750000000000284e+01
6.213437499999999858e+01
