1.134583333333333144e+01
1.579166666666667140e+01
2.129791666666666572e+01
1.639270833333333144e+01
1.821458333333333712e+01
2.390416666666666856e+01
3.266979166666666856e+01
3.175104166666666572e+01
3.330937500000000284e+01
3.282187500000000568e+01
3.548437500000000000e+01
3.719375000000000142e+01
4.020104166666666856e+01
4.228958333333333286e+01
4.621770833333333428e+01
4.918437500000000284e+01
5.031979166666666714e+01
5.086041666666666572e+01
5.160937500000000000e+01
5.257187499999999858e+01
5.134791666666666998e+01
5.286666666666666714e+01
5.398541666666666572e+01
5.474062500000000142e+01
5.601874999999999716e+01
5.631562499999999716e+01
5.658124999999999716e+01
5.684375000000000000e+01
5.785520833333333002e+01
5.852916666666666856e+01
6.028750000000000142e+01
6.112187500000000284e+01
6.131145833333333428e+01
6.146041666666666714e+01
6.161145833333333144e+01
6.170833333333333570e+01
6.176979166666666998e+01
6.178229166666666572e+01
6.189895833333333286e+01
6.190312500000000284e+01
6.191979166666666856e+01
6.198749999999999716e+01
6.203541666666666998e+01
6.207708333333333428e+01
6.214374999999999716e+01
6.215833333333333144e+01
6.207291666666666430e+01
6.212604166666666572e+01
6.219791666666666430e+01
6.220208333333333428e+01
6.216770833333333002e+01
6.221458333333333002e+01
6.223749999999999716e+01
6.225625000000000142e+01
6.226562500000000000e+01
6.229479166666666856e+01
6.231145833333333428e+01
6.233854166666666430e+01
6.221249999999999858e+01
6.219062499999999716e+01
6.235104166666666714e+01
6.236145833333333144e+01
6.236666666666666714e+01
6.232500000000000284e+01
6.236249999999999716e+01
6.237500000000000000e+01
6.238020833333333570e+01
6.230104166666666998e+01
6.230312500000000142e+01
6.229791666666666572e+01
6.230729166666666430e+01
6.239687500000000142e+01
6.240937499999999716e+01
6.241666666666666430e+01
6.239583333333333570e+01
6.238645833333333002e+01
6.241458333333333286e+01
6.241250000000000142e+01
6.240729166666666572e+01
6.242395833333333144e+01
6.242604166666666998e+01
6.243437500000000284e+01
6.243541666666666856e+01
6.243958333333333144e+01
6.244375000000000142e+01
6.244583333333333286e+01
6.245000000000000284e+01
6.245208333333333428e+01
6.245937500000000142e+01
6.245729166666666998e+01
6.246041666666666714e+01
6.246249999999999858e+01
6.246770833333333428e+01
6.246770833333333428e+01
6.247291666666666998e+01
6.248020833333333002e+01
6.248020833333333002e+01
6.241250000000000142e+01
6.245312500000000000e+01
6.248020833333333002e+01
6.248020833333333002e+01
6.248125000000000284e+01
6.248125000000000284e+01
6.248229166666666856e+01
6.248437500000000000e+01
6.248437500000000000e+01
6.248541666666666572e+01
6.248437500000000000e+01
6.248020833333333002e+01
6.248333333333333428e+01
6.248541666666666572e+01
6.248229166666666856e+01
6.248541666666666572e+01
6.248541666666666572e+01
6.248541666666666572e+01
6.248645833333333144e+01
6.248854166666666998e+01
6.248854166666666998e+01
6.248958333333333570e+01
6.248749999999999716e+01
6.248958333333333570e+01
6.248958333333333570e+01
6.248854166666666998e+01
6.248958333333333570e+01
6.249062500000000142e+01
6.249166666666666714e+01
6.249374999999999858e+01
6.249374999999999858e+01
6.248958333333333570e+01
6.249270833333333286e+01
6.249270833333333286e+01
6.249479166666666430e+01
6.249374999999999858e+01
6.249374999999999858e+01
6.249374999999999858e+01
6.249374999999999858e+01
6.249374999999999858e+01
6.249374999999999858e+01
6.249374999999999858e+01
6.249479166666666430e+01
6.249479166666666430e+01
6.249374999999999858e+01
6.249479166666666430e+01
6.249479166666666430e+01
6.249374999999999858e+01
6.249479166666666430e+01
6.249479166666666430e+01
6.249479166666666430e+01
6.249374999999999858e+01
6.239999999999999858e+01
6.247812499999999858e+01
6.249479166666666430e+01
6.249374999999999858e+01
6.249374999999999858e+01
6.249374999999999858e+01
6.249479166666666430e+01
6.249479166666666430e+01
6.249479166666666430e+01
6.244583333333333286e+01
6.249270833333333286e+01
6.249270833333333286e+01
6.249479166666666430e+01
6.249479166666666430e+01
6.249479166666666430e+01
6.249374999999999858e+01
6.249374999999999858e+01
6.249374999999999858e+01
6.249374999999999858e+01
6.249374999999999858e+01
6.249374999999999858e+01
6.249374999999999858e+01
6.249374999999999858e+01
6.249583333333333002e+01
6.246249999999999858e+01
6.249479166666666430e+01
6.249479166666666430e+01
6.249479166666666430e+01
6.249479166666666430e+01
6.249270833333333286e+01
6.248958333333333570e+01
6.249166666666666714e+01
6.249166666666666714e+01
6.249270833333333286e+01
6.249270833333333286e+01
6.249270833333333286e+01
6.249479166666666430e+01
6.249479166666666430e+01
6.249479166666666430e+01
6.249583333333333002e+01
6.249479166666666430e+01
6.249583333333333002e+01
6.249583333333333002e+01
6.249583333333333002e+01
6.249583333333333002e+01
6.249479166666666430e+01
6.249479166666666430e+01
6.249479166666666430e+01
6.249479166666666430e+01
6.249583333333333002e+01
6.249479166666666430e+01
6.249479166666666430e+01
6.249479166666666430e+01
6.249479166666666430e+01
6.249687500000000284e+01
6.249687500000000284e+01
6.223333333333333428e+01
6.249687500000000284e+01
6.245208333333333428e+01
6.249687500000000284e+01
6.249687500000000284e+01
6.249687500000000284e+01
6.249687500000000284e+01
6.249687500000000284e+01
6.245729166666666998e+01
6.249687500000000284e+01
6.249687500000000284e+01
6.249687500000000284e+01
6.249687500000000284e+01
6.249687500000000284e+01
6.249687500000000284e+01
6.249687500000000284e+01
6.249687500000000284e+01
6.249687500000000284e+01
6.249687500000000284e+01
6.249687500000000284e+01
6.249687500000000284e+01
6.249791666666666856e+01
6.249687500000000284e+01
6.249687500000000284e+01
6.239479166666666998e+01
6.249791666666666856e+01
6.245416666666666572e+01
6.249791666666666856e+01
6.249791666666666856e+01
6.249791666666666856e+01
6.245208333333333428e+01
