7.385794987983669568e-02
6.369456527119873868e-02
5.667210203748924979e-02
5.427717981367374822e-02
6.201108294693316592e-02
5.604946422173739257e-02
5.012863492490739897e-02
4.850172726361182823e-02
4.767513602552927998e-02
4.635855619252689241e-02
4.571979209808284955e-02
4.460518525520106720e-02
4.236488473151356349e-02
4.165679122022381692e-02
3.921740722914043159e-02
3.709802269233046512e-02
3.603196228435269488e-02
3.432055385210569520e-02
3.368199941900030386e-02
3.297742117576635268e-02
3.252404891472548965e-02
3.252576366846259698e-02
3.189756688804491758e-02
3.114749889926746521e-02
3.047278350101878183e-02
2.957179940070380625e-02
2.930749766595605252e-02
2.895785281269397729e-02
2.862760476536448453e-02
2.813074565922414269e-02
2.764309892219942930e-02
2.688052078784574847e-02
2.595386881344348765e-02
2.530296495633757234e-02
2.490572725102071019e-02
2.464281659215662029e-02
2.451023779984786571e-02
2.437738536862572858e-02
2.439305338451481370e-02
2.424629075303455852e-02
2.421095797542116568e-02
2.419106031710306984e-02
2.410492437924606143e-02
2.405531925281832045e-02
2.399943926566417904e-02
2.393161817374716421e-02
2.391182694886378676e-02
2.400265362132790806e-02
2.392614619083798314e-02
2.387621725246337132e-02
2.386601754358191885e-02
2.391665795282581219e-02
2.383652788830604302e-02
2.381346091372727944e-02
2.379262610270708317e-02
2.377261370403919646e-02
2.374947036380199022e-02
2.372814668663240575e-02
2.370984471455811135e-02
2.386580877135462131e-02
2.391523732419811171e-02
2.369364254243067069e-02
2.368255117967027132e-02
2.367370093931530153e-02
2.371037865397534333e-02
2.366776528877522282e-02
2.365833652719634417e-02
2.365539197358187268e-02
2.374276391315598145e-02
2.376125226754440337e-02
2.375677870606153486e-02
2.374999253853991854e-02
2.362775766293188570e-02
2.362055755951088937e-02
2.361763696704091003e-02
2.362784520345132325e-02
2.363566620039195265e-02
2.360916730932257138e-02
2.361329043387545498e-02
2.361631755273844654e-02
2.360037149613035401e-02
2.359735480591423212e-02
2.359356338581623455e-02
2.358951370089367588e-02
2.358535025332999038e-02
2.358042158119816670e-02
2.357536349526320740e-02
2.357030920388852174e-02
2.356825380259144898e-02
2.356567990704378640e-02
2.356245772917135717e-02
2.355936091480054922e-02
2.355545687591686574e-02
2.355043124662212911e-02
2.354610345713818720e-02
2.353964953562876286e-02
2.353466848634350184e-02
2.353245813293240035e-02
2.360655080102176326e-02
2.356447764935099692e-02
2.353070013314455255e-02
2.352867981403615819e-02
2.352719383157278465e-02
2.352470710723643735e-02
2.352252347187764811e-02
2.352012045284260569e-02
2.351734365147007191e-02
2.351570955438555058e-02
2.351484730798108005e-02
2.351785542362409484e-02
2.351286776703068529e-02
2.351113781580461276e-02
2.351302951809398564e-02
2.350889785060046241e-02
2.350778121224205569e-02
2.350646336913439494e-02
2.350414807245520404e-02
2.350217998628102017e-02
2.350003331811382698e-02
2.349796947547626649e-02
2.349778426992355299e-02
2.349722220166465883e-02
2.349577734528077513e-02
2.349397505243095569e-02
2.349243690736275286e-02
2.349048572362840565e-02
2.348861970458885479e-02
2.348774716251455022e-02
2.348789807740690044e-02
2.348831593046386834e-02
2.348646471723827428e-02
2.348541715781438805e-02
2.348432514022159509e-02
2.348330386165559808e-02
2.348216111339149204e-02
2.348218993948774855e-02
2.348181565241264784e-02
2.348152962925793147e-02
2.348048853325355317e-02
2.347959070497713033e-02
2.347870110646705505e-02
2.347778221300735046e-02
2.347749040611776111e-02
2.347664386460829311e-02
2.347658364743829273e-02
2.347623038102283205e-02
2.347541516590481020e-02
2.347478219558430182e-02
2.347402413844549424e-02
2.347383347868789785e-02
2.358199315499845405e-02
2.348442864643653788e-02
2.347385153009652614e-02
2.347258167863659067e-02
2.347204737339522729e-02
2.347153203946686362e-02
2.347104613827625044e-02
2.347045970376579818e-02
2.347044677245662195e-02
2.351897556751596924e-02
2.347005532194891553e-02
2.346977160357586328e-02
2.346928008479014574e-02
2.346897194851981297e-02
2.346889691898764244e-02
2.346849710852148482e-02
2.346813580926254000e-02
2.346786028622236189e-02
2.346739645898602081e-02
2.346695852878119548e-02
2.346660842816002124e-02
2.346603420349351043e-02
2.346576984962811877e-02
2.346560585647928729e-02
2.349441006542022162e-02
2.346658997218693810e-02
2.346511038973801699e-02
2.346466943795996046e-02
2.346439629339088298e-02
2.346545811659902711e-02
2.346856739321821414e-02
2.346691626407988382e-02
2.346772608278926975e-02
2.346573530309098432e-02
2.346507847654712500e-02
2.346488495940957444e-02
2.346357799114769105e-02
2.346315168878752508e-02
2.346284590560687722e-02
2.346266670757991488e-02
2.346235376171056444e-02
2.346205251159033320e-02
2.346191227623433545e-02
2.346152909880162493e-02
2.346123608955766673e-02
2.346127655562370642e-02
2.346102549362645562e-02
2.346047881280820951e-02
2.346069322908399604e-02
2.346024771330749992e-02
2.345998210545883339e-02
2.345963140755178214e-02
2.345920486510846142e-02
2.345877508591132782e-02
2.345848034818350317e-02
2.345823901418772617e-02
2.369495150919601056e-02
2.345798972389984832e-02
2.349824670596062023e-02
2.345759549130797469e-02
2.345749441762041976e-02
2.345724335729739915e-02
2.345718619892224813e-02
2.345688992987050511e-02
2.349147023352603919e-02
2.345646422440881076e-02
2.345626559742236897e-02
2.345608224559095692e-02
2.345590211995516455e-02
2.345566072504004854e-02
2.345547180854325522e-02
2.345552357164317966e-02
2.345522421528208751e-02
2.345507529431079680e-02
2.345488071220103166e-02
2.345472594077433262e-02
2.345453645505833629e-02
2.345440787945100164e-02
2.345417321180396156e-02
2.345394664465293502e-02
2.358126717911603401e-02
2.345383959804906229e-02
2.350838763756243205e-02
2.345366821917207328e-02
2.345354566918687531e-02
2.345339356175608556e-02
