1.105937500000000284e+01
1.823749999999999716e+01
2.244687500000000568e+01
1.813124999999999432e+01
1.842187500000000000e+01
2.401250000000000284e+01
3.445937499999999432e+01
3.384687499999999716e+01
3.468750000000000000e+01
3.514374999999999716e+01
3.664999999999999858e+01
4.121875000000000000e+01
4.124687500000000284e+01
4.413750000000000284e+01
4.847187499999999716e+01
5.103437499999999716e+01
5.154687500000000000e+01
5.197812499999999858e+01
5.276250000000000284e+01
5.057187499999999858e+01
5.296875000000000000e+01
5.433124999999999716e+01
5.379687500000000000e+01
5.480312500000000142e+01
5.595312500000000000e+01
5.613437499999999858e+01
5.652499999999999858e+01
5.706875000000000142e+01
5.795312500000000000e+01
5.878125000000000000e+01
6.043124999999999858e+01
6.133749999999999858e+01
6.146562500000000284e+01
6.135312499999999858e+01
6.170624999999999716e+01
6.188437499999999858e+01
6.185625000000000284e+01
6.196875000000000000e+01
6.199062500000000142e+01
6.171249999999999858e+01
6.185625000000000284e+01
6.179375000000000284e+01
6.209062500000000284e+01
6.211562500000000142e+01
6.190312500000000284e+01
6.195312500000000000e+01
6.184687499999999716e+01
6.214999999999999858e+01
6.223437500000000000e+01
6.195624999999999716e+01
6.197812499999999858e+01
6.195000000000000284e+01
6.197187499999999716e+01
6.198437500000000000e+01
6.203125000000000000e+01
6.205937500000000284e+01
6.204999999999999716e+01
6.206250000000000000e+01
6.208124999999999716e+01
6.214374999999999716e+01
6.211249999999999716e+01
6.210312499999999858e+01
6.210937500000000000e+01
6.211562500000000142e+01
6.213125000000000142e+01
6.213750000000000284e+01
6.215937499999999716e+01
6.217812500000000142e+01
6.216250000000000142e+01
6.215937499999999716e+01
6.216250000000000142e+01
6.215937499999999716e+01
6.216875000000000284e+01
6.218437500000000284e+01
6.216562499999999858e+01
6.217499999999999716e+01
6.217499999999999716e+01
6.218124999999999858e+01
6.218750000000000000e+01
6.219687499999999858e+01
6.220937500000000142e+01
6.219687499999999858e+01
6.220312500000000000e+01
6.220312500000000000e+01
6.221249999999999858e+01
6.221562500000000284e+01
6.222187499999999716e+01
6.222812499999999858e+01
6.223749999999999716e+01
6.223125000000000284e+01
6.223749999999999716e+01
6.224062500000000142e+01
6.224687500000000284e+01
6.225312499999999716e+01
6.225937499999999858e+01
6.225937499999999858e+01
6.226562500000000000e+01
6.226250000000000284e+01
6.248437500000000000e+01
6.246562500000000284e+01
6.248749999999999716e+01
6.248437500000000000e+01
6.248749999999999716e+01
6.248749999999999716e+01
6.248749999999999716e+01
6.249062500000000142e+01
6.249062500000000142e+01
6.249062500000000142e+01
6.248749999999999716e+01
6.249687500000000284e+01
6.248749999999999716e+01
6.248749999999999716e+01
6.249374999999999858e+01
6.249687500000000284e+01
6.249374999999999858e+01
6.248125000000000284e+01
6.249687500000000284e+01
6.249687500000000284e+01
6.249687500000000284e+01
6.250000000000000000e+01
6.250000000000000000e+01
6.250000000000000000e+01
6.250000000000000000e+01
6.250000000000000000e+01
6.250000000000000000e+01
6.249687500000000284e+01
6.249374999999999858e+01
6.250000000000000000e+01
6.250000000000000000e+01
6.250000000000000000e+01
6.250000000000000000e+01
6.250000000000000000e+01
6.250000000000000000e+01
6.250000000000000000e+01
6.250000000000000000e+01
6.250000000000000000e+01
6.250000000000000000e+01
6.250000000000000000e+01
6.250000000000000000e+01
6.250000000000000000e+01
6.245000000000000284e+01
6.243750000000000000e+01
6.245937500000000142e+01
6.250000000000000000e+01
6.245624999999999716e+01
6.245937500000000142e+01
6.245624999999999716e+01
6.246875000000000000e+01
6.247187499999999716e+01
6.248125000000000284e+01
6.246249999999999858e+01
6.246875000000000000e+01
6.247187499999999716e+01
6.247812499999999858e+01
6.248749999999999716e+01
6.249687500000000284e+01
6.250000000000000000e+01
6.250000000000000000e+01
6.250000000000000000e+01
6.250000000000000000e+01
6.250000000000000000e+01
6.249687500000000284e+01
6.249687500000000284e+01
6.249687500000000284e+01
6.249687500000000284e+01
6.249687500000000284e+01
6.249687500000000284e+01
6.249687500000000284e+01
6.249687500000000284e+01
6.249374999999999858e+01
6.249374999999999858e+01
6.249374999999999858e+01
6.249687500000000284e+01
6.250000000000000000e+01
6.249374999999999858e+01
6.250000000000000000e+01
6.249687500000000284e+01
6.250000000000000000e+01
6.250000000000000000e+01
6.250000000000000000e+01
6.227187500000000142e+01
6.250000000000000000e+01
6.226562500000000000e+01
6.250000000000000000e+01
6.250000000000000000e+01
6.250000000000000000e+01
6.250000000000000000e+01
6.250000000000000000e+01
6.250000000000000000e+01
6.230312500000000142e+01
6.246249999999999858e+01
6.225312499999999716e+01
6.225000000000000000e+01
6.232187499999999858e+01
6.250000000000000000e+01
6.250000000000000000e+01
6.237187500000000284e+01
6.250000000000000000e+01
6.250000000000000000e+01
6.250000000000000000e+01
6.247500000000000142e+01
6.250000000000000000e+01
6.246875000000000000e+01
6.246249999999999858e+01
6.243124999999999858e+01
6.153437499999999716e+01
6.244062499999999716e+01
6.239374999999999716e+01
6.245937500000000142e+01
6.243124999999999858e+01
6.244062499999999716e+01
6.244687499999999858e+01
6.244062499999999716e+01
6.241562499999999858e+01
6.244687499999999858e+01
6.244375000000000142e+01
6.244687499999999858e+01
6.244687499999999858e+01
6.243437500000000284e+01
6.243437500000000284e+01
6.243750000000000000e+01
6.243437500000000284e+01
6.243124999999999858e+01
6.241562499999999858e+01
6.235625000000000284e+01
6.241250000000000142e+01
6.240625000000000000e+01
6.236562500000000142e+01
6.233749999999999858e+01
6.231250000000000000e+01
6.234375000000000000e+01
6.233124999999999716e+01
6.232812500000000000e+01
6.231875000000000142e+01
6.231250000000000000e+01
6.231875000000000142e+01
