6.381730120967682440e-02
5.444750057846707569e-02
5.458177166033410799e-02
6.086360657313343719e-02
5.543106095908273412e-02
4.959058131030475575e-02
4.795864169014097539e-02
4.709884343748733937e-02
4.583699858470875743e-02
4.524768124447505618e-02
4.404751097560716949e-02
4.153142148012668039e-02
4.073926380326677033e-02
3.836894332495806303e-02
3.613076655262834058e-02
3.491182346440731277e-02
3.356093551332735292e-02
3.294608869004394397e-02
3.231677405096157474e-02
3.293543203648735540e-02
3.161157754078884607e-02
3.130802925981464313e-02
3.152520488971186086e-02
3.079898804535927473e-02
3.008095517007479403e-02
2.971296854291912912e-02
2.943845175896223423e-02
2.867834718773304079e-02
2.857918693376099856e-02
2.769544106755664203e-02
2.693918305921711234e-02
2.604028833348084188e-02
2.531748039949595352e-02
2.512798880073872226e-02
2.460854667401558490e-02
2.437917457125285056e-02
2.435703696031945795e-02
2.419625016902754097e-02
2.419122126953101790e-02
2.445841770138867596e-02
2.430062461166723406e-02
2.437486930463582738e-02
2.402152463491331880e-02
2.396952148017843232e-02
2.422038078204198294e-02
2.416115681693650069e-02
2.428091598327419137e-02
2.392794331402848390e-02
2.385762137307735620e-02
2.414664526536426312e-02
2.413466735225846746e-02
2.416322974406234086e-02
2.414386561808721729e-02
2.408987026190587480e-02
2.406164083578744492e-02
2.402925854826328325e-02
2.407191830457955720e-02
2.406540803267800260e-02
2.403202014513640752e-02
2.396994725119568764e-02
2.398568838240599035e-02
2.398438936526010867e-02
2.397909260510233675e-02
2.396263805692256180e-02
2.395229416982557966e-02
2.394617392133883277e-02
2.393100127196951324e-02
2.390074866586708660e-02
2.392654041386405722e-02
2.392464029352792468e-02
2.393521721372276687e-02
2.392004996509992931e-02
2.393292774702470566e-02
2.391917566884387697e-02
2.393851356284645501e-02
2.392178465189083447e-02
2.390870853607226371e-02
2.391549341005056242e-02
2.391198522905083751e-02
2.387540542436292212e-02
2.386204567336005014e-02
2.389376628070985498e-02
2.388758868225659623e-02
2.388259240202166359e-02
2.387499692809627941e-02
2.386251051451996827e-02
2.385676399701741612e-02
2.385077334124119722e-02
2.384411827760620287e-02
2.384495582914855638e-02
2.383532624525525404e-02
2.383522137079585601e-02
2.383341000769424387e-02
2.382263201849208617e-02
2.381953927751672209e-02
2.381325575183822901e-02
2.381904421872677036e-02
2.381223899601189048e-02
2.354319987980085793e-02
2.355889616670656800e-02
2.354488137987528762e-02
2.354623460613279595e-02
2.354066270306010705e-02
2.354192309549620402e-02
2.354193764134603073e-02
2.354193846506055440e-02
2.352961202788747541e-02
2.355213358505673510e-02
2.352957530384310395e-02
2.353001907949966651e-02
2.353467272648220726e-02
2.353166971755167591e-02
2.352711760089053888e-02
2.353193246483755233e-02
2.353035413802301648e-02
2.353734225871367131e-02
2.352657570498297920e-02
2.352426387837552868e-02
2.352218501414362131e-02
2.352694500584150833e-02
2.351952670965370626e-02
2.352644295751096445e-02
2.352365908907171413e-02
2.352434577315664493e-02
2.352234891295466521e-02
2.352654583584313716e-02
2.351616757084083395e-02
2.352009387716511371e-02
2.351627536804233587e-02
2.352056296164112270e-02
2.352268423400738148e-02
2.352128123031727719e-02
2.352436770401392443e-02
2.352160569435554280e-02
2.352971175841121407e-02
2.351217838349258654e-02
2.352211114231235120e-02
2.352156047868284028e-02
2.352417872961332437e-02
2.351940262624794067e-02
2.357376481917014543e-02
2.358311415596637053e-02
2.355647742784035964e-02
2.353007035210186171e-02
2.357315644639291011e-02
2.355872608392202763e-02
2.356136074286855134e-02
2.354374353825674018e-02
2.354066017673334121e-02
2.352871594750870210e-02
2.354849907006364637e-02
2.353900430922093931e-02
2.354271610475305518e-02
2.353239484653110378e-02
2.352724386247340496e-02
2.352135082776924541e-02
2.351689236037182024e-02
2.351333466952735748e-02
2.351418850979744568e-02
2.351429404383124228e-02
2.351544010178808000e-02
2.351457882918599543e-02
2.351388323106005929e-02
2.351478040337480827e-02
2.351480120974381097e-02
2.351585126413198099e-02
2.351556278333213554e-02
2.351776475964093005e-02
2.351864000419097780e-02
2.352029042301253051e-02
2.352274589560034157e-02
2.352042324394118880e-02
2.352394708773965573e-02
2.351433459616762700e-02
2.351860310519543126e-02
2.351743613713007039e-02
2.351787364719591655e-02
2.351654516506681419e-02
2.351774495497685469e-02
2.351934508630243795e-02
2.378557408754759100e-02
2.351709063754309562e-02
2.379249110143668092e-02
2.351764247851844195e-02
2.351765332850981258e-02
2.351708116032132090e-02
2.351730372687369647e-02
2.351828169051691994e-02
2.351757403024162807e-02
2.375434718139506421e-02
2.355394544379066021e-02
2.381017880771059414e-02
2.380138572310652387e-02
2.372927532429360345e-02
2.352005268937968144e-02
2.352763120359814900e-02
2.367170950498909826e-02
2.351928586992648590e-02
2.352973488167833457e-02
2.352038913123062971e-02
2.354566559379479493e-02
2.352603469405861389e-02
2.355884438510331275e-02
2.355885089258548740e-02
2.358855841258327216e-02
2.439077589992747971e-02
2.358005642385913037e-02
2.362114264253411047e-02
2.357141015699810993e-02
2.359146565845295432e-02
2.359061063462845539e-02
2.358290891635699688e-02
2.358704955281511542e-02
2.361012780552502327e-02
2.358630458180680650e-02
2.359202833813629774e-02
2.358612145829008452e-02
2.359024007023274513e-02
2.359033386333938415e-02
2.358913313745119797e-02
2.359346681268033666e-02
2.359366129588883615e-02
2.359581164879763146e-02
2.361165806820359966e-02
2.369116536475781090e-02
2.361788184123087345e-02
2.361388843015804068e-02
2.368074323048017377e-02
2.370840682161036092e-02
2.373317186588791081e-02
2.369827705183188624e-02
2.370781744879341124e-02
2.369032243898607296e-02
2.370943813129575486e-02
2.371367269777584566e-02
2.371916850164103654e-02
