1.481927083333333428e+01
1.539374999999999716e+01
2.296302083333333144e+01
2.353281250000000568e+01
2.424739583333332860e+01
2.708281250000000284e+01
2.712343749999999432e+01
2.699947916666666003e+01
3.031666666666666288e+01
3.468333333333333712e+01
3.049531249999999716e+01
3.235729166666666856e+01
3.345364583333333997e+01
3.653645833333333570e+01
3.663125000000000142e+01
3.745156250000000142e+01
3.991406250000000000e+01
4.102812500000000284e+01
4.192760416666666856e+01
4.264739583333333428e+01
4.400208333333333144e+01
4.334583333333333144e+01
4.496249999999999858e+01
4.573437500000000000e+01
4.658854166666666430e+01
4.693281249999999716e+01
4.754166666666666430e+01
4.831718750000000284e+01
4.815677083333333286e+01
4.837447916666666714e+01
4.860312499999999858e+01
4.932291666666666430e+01
4.926718749999999858e+01
4.925000000000000000e+01
4.925052083333333286e+01
4.970885416666666856e+01
4.992291666666666572e+01
5.009166666666666856e+01
5.045833333333333570e+01
5.073697916666666430e+01
5.125520833333333570e+01
5.112604166666666572e+01
5.154062499999999858e+01
5.189010416666666714e+01
5.174635416666666998e+01
5.203906250000000000e+01
5.219895833333333002e+01
5.211197916666666430e+01
5.243124999999999858e+01
5.256197916666666714e+01
5.265312500000000284e+01
5.263645833333333002e+01
5.270260416666666714e+01
5.294166666666666998e+01
5.295260416666666714e+01
5.281510416666666430e+01
5.279843749999999858e+01
5.307083333333333286e+01
5.313229166666666714e+01
5.306562499999999716e+01
5.315885416666666430e+01
5.321822916666666714e+01
5.327708333333333002e+01
5.330937500000000284e+01
5.297187499999999716e+01
5.326562500000000000e+01
5.316666666666666430e+01
5.334218750000000142e+01
5.349270833333333286e+01
5.338645833333333002e+01
5.345781250000000284e+01
5.354322916666666998e+01
5.357187499999999858e+01
5.364218749999999858e+01
5.374687500000000284e+01
5.376354166666666856e+01
5.383229166666666998e+01
5.378020833333333428e+01
5.386718750000000000e+01
5.394531250000000000e+01
5.394114583333333002e+01
5.401979166666666998e+01
5.402968750000000142e+01
5.405260416666666856e+01
5.401250000000000284e+01
5.406614583333333002e+01
5.407239583333333144e+01
5.410364583333333144e+01
5.407708333333333428e+01
5.410052083333333428e+01
5.411458333333333570e+01
5.409791666666666998e+01
5.413645833333333002e+01
5.416458333333333286e+01
5.412968750000000284e+01
5.414322916666666430e+01
5.417187500000000000e+01
5.414895833333333286e+01
5.419739583333333144e+01
5.421979166666666572e+01
5.421354166666666430e+01
5.422239583333333002e+01
5.423489583333333286e+01
5.425260416666666430e+01
5.424010416666666856e+01
5.429010416666666572e+01
5.427552083333333144e+01
5.428906250000000000e+01
5.430208333333333570e+01
5.433020833333333144e+01
5.435468749999999716e+01
5.434375000000000000e+01
5.438072916666666856e+01
5.438489583333333144e+01
5.437239583333333570e+01
5.440052083333333144e+01
5.441562499999999858e+01
5.442812500000000142e+01
5.444114583333333002e+01
5.443958333333333144e+01
5.445156250000000142e+01
5.442291666666666572e+01
5.446718750000000142e+01
5.447395833333333570e+01
5.449322916666666572e+01
5.446145833333333286e+01
5.449947916666666714e+01
5.447552083333333428e+01
5.449270833333333286e+01
5.450781250000000000e+01
5.452604166666666430e+01
5.450208333333333144e+01
5.454479166666666856e+01
5.453593750000000284e+01
5.455260416666666856e+01
5.457968749999999858e+01
5.456875000000000142e+01
5.458177083333333002e+01
5.457864583333333286e+01
5.458489583333333428e+01
5.458541666666666714e+01
5.459166666666666856e+01
5.459218750000000142e+01
5.460729166666666856e+01
5.459062500000000284e+01
5.457812500000000000e+01
5.459843750000000284e+01
5.462291666666666856e+01
5.463645833333333002e+01
5.463750000000000284e+01
5.465885416666666430e+01
5.464635416666666856e+01
5.465156249999999716e+01
5.466041666666666998e+01
5.466562499999999858e+01
5.464791666666666714e+01
5.467395833333333144e+01
5.468072916666666572e+01
5.469739583333333144e+01
5.469010416666666430e+01
5.470312500000000000e+01
5.470416666666666572e+01
5.470416666666666572e+01
5.471822916666666714e+01
5.472760416666666572e+01
5.474114583333333428e+01
5.474166666666666714e+01
5.475052083333333286e+01
5.474479166666666430e+01
5.475885416666666572e+01
5.475468750000000284e+01
5.476145833333333002e+01
5.476510416666666714e+01
5.474479166666666430e+01
5.471875000000000000e+01
5.474218750000000000e+01
5.476874999999999716e+01
5.476041666666666430e+01
5.476562500000000000e+01
5.476458333333333428e+01
5.477447916666666572e+01
5.478385416666666430e+01
5.479427083333333570e+01
5.475729166666666714e+01
