6.331550265867283422e-02
6.208735161012300663e-02
5.930566991286680828e-02
5.603410631854306018e-02
5.407005284028179593e-02
5.237010974551452314e-02
5.093411549940052990e-02
5.036130274598848988e-02
4.966979187308023097e-02
4.862906843532253248e-02
4.703739389096449341e-02
4.801879171538822599e-02
4.705419112631194223e-02
4.665389393442850863e-02
4.526292367991216481e-02
4.457307408433072715e-02
4.455639802258926085e-02
4.302139991384845708e-02
4.222933328616249732e-02
4.130640722253531988e-02
4.085827687528863911e-02
4.011725002483534919e-02
4.023734361229801965e-02
3.945053503861551542e-02
3.888644390749009666e-02
3.834334039773978908e-02
3.795040316218405152e-02
3.752106483734220232e-02
3.712081095091711996e-02
3.677794861981962399e-02
3.657796281045569420e-02
3.636036906133049279e-02
3.609435817621604176e-02
3.601810203115946019e-02
3.589769500966241700e-02
3.560956440331977668e-02
3.549404991961301742e-02
3.535405748361727940e-02
3.514376279934088021e-02
3.483842016433497113e-02
3.458968469213730829e-02
3.439534863080773164e-02
3.416684345408117773e-02
3.398888842209187716e-02
3.380253083285412324e-02
3.372866396774094194e-02
3.345601084499023187e-02
3.340221066896670310e-02
3.324347457360519315e-02
3.320572134738104114e-02
3.308149224186397730e-02
3.307147380084243110e-02
3.292326213714513727e-02
3.289746955210850338e-02
3.289387651060656642e-02
3.285139425101259864e-02
3.274346894745212844e-02
3.271084900608040719e-02
3.266097218814197067e-02
3.263282782312113689e-02
3.259978757025353696e-02
3.258687963324209680e-02
3.251762368523529456e-02
3.250096589971065292e-02
3.248653936209389137e-02
3.257134901467582944e-02
3.246403480449307904e-02
3.252360038138473602e-02
3.237553284265951709e-02
3.228475026128671543e-02
3.230564154846298636e-02
3.228090348228351836e-02
3.226656551599092065e-02
3.216438021715674334e-02
3.211437032619149368e-02
3.199721361609061260e-02
3.195819633997257908e-02
3.186849502648624044e-02
3.188726280906027666e-02
3.177779315222120649e-02
3.174835369735975327e-02
3.170926654892904095e-02
3.159837143382815405e-02
3.154242656775294723e-02
3.148811230129435618e-02
3.149251776146510390e-02
3.146136527174563796e-02
3.143471307680437837e-02
3.140499839065414439e-02
3.136859987380941073e-02
3.135466477448756173e-02
3.131910588186045952e-02
3.131590029347598725e-02
3.128552913230280008e-02
3.126585475562433658e-02
3.126600802422922071e-02
3.126698101204272717e-02
3.122681536507723732e-02
3.125058754930821331e-02
3.119540334244217186e-02
3.117911888341839619e-02
3.118414665198518745e-02
3.115830294699407921e-02
3.113926830418859565e-02
3.112135824016844243e-02
3.111162078855302104e-02
3.107616115675301133e-02
3.106817966903765993e-02
3.106638726233524814e-02
3.104851294246011029e-02
3.103412724789832156e-02
3.102232524294173260e-02
3.100643392634520185e-02
3.099553439202856406e-02
3.098881863806715251e-02
3.098289264566945339e-02
3.097215337752945788e-02
3.095691297001090456e-02
3.095210747485010322e-02
3.094119616971654704e-02
3.093468061731458052e-02
3.092624732700974266e-02
3.094965992850725808e-02
3.093813221782509837e-02
3.091215994067054301e-02
3.090629291978591597e-02
3.091876353029817878e-02
3.089532617036270384e-02
3.089711865823784390e-02
3.089902827886037082e-02
3.088881149150871086e-02
3.085919423058260808e-02
3.087024104859835763e-02
3.084454946869649022e-02
3.084731194271276428e-02
3.084210592176268861e-02
3.082769242049429592e-02
3.082474088351274538e-02
3.081645296514217564e-02
3.081287416753454578e-02
3.080683927845157682e-02
3.080273002633126048e-02
3.079531656402133971e-02
3.078966315778312521e-02
3.078084267137403546e-02
3.080269924753457553e-02
3.079753491568083118e-02
3.078933221074328652e-02
3.076757659459228994e-02
3.075935337089469659e-02
3.075394455081679676e-02
3.074491439001919915e-02
3.074511825318946429e-02
3.074061564658205764e-02
3.073258146208526775e-02
3.072647032754220048e-02
3.073680440350247400e-02
3.071936950688108903e-02
3.071896696283909003e-02
3.070707328457033744e-02
3.070171770770944997e-02
3.069430635092755197e-02
3.068780502139466237e-02
3.068922494093441825e-02
3.068105851063339731e-02
3.067176196525561380e-02
3.066443855471832208e-02
3.065880397448021363e-02
3.065215781570729270e-02
3.064543755705106259e-02
3.064372639480832106e-02
3.063664859462696816e-02
3.062505162237339623e-02
3.062096820842673608e-02
3.062728744990072388e-02
3.063751770938687863e-02
3.062145099105871224e-02
3.060173021456522729e-02
3.059895354065592099e-02
3.059307903061355555e-02
3.058517505086269864e-02
3.057667977826944786e-02
3.056988595972491563e-02
3.055877285587171518e-02
