6.170542980678748318e-02
5.929657039143245573e-02
5.596020851550905645e-02
5.416870085521263700e-02
5.230037877817112629e-02
5.094617541381333409e-02
5.058076832413808954e-02
4.974244620835732017e-02
4.886210835115616796e-02
4.714178005878533889e-02
4.893202709236486175e-02
4.737586855572160915e-02
4.665682691055213910e-02
4.549619035639675124e-02
4.509979956059741169e-02
4.512294261236104304e-02
4.349894695729458055e-02
4.285483208821207202e-02
4.192043873520116121e-02
4.141057786036535238e-02
4.089279407926053184e-02
4.091126716949199105e-02
4.043126151206435231e-02
3.997296713788782430e-02
3.956477898422425254e-02
3.952347981560691559e-02
3.930600353123227947e-02
3.930010558783364472e-02
3.876920394117882446e-02
3.845106983139483930e-02
3.837853321782653399e-02
3.821379106367910061e-02
3.892076803983453986e-02
3.862215471703078079e-02
3.911363469542881305e-02
3.863663180166519717e-02
3.833936369211939088e-02
3.840964467958225131e-02
3.862704714181744436e-02
3.810197307234721581e-02
3.865263247534826696e-02
3.833505741595957805e-02
3.837343235400988983e-02
3.835067599013290002e-02
3.819148243564178535e-02
3.765391736466298239e-02
3.783367985936669092e-02
3.807997564426843923e-02
3.817095520950553739e-02
3.776800455884343072e-02
3.791955656164158750e-02
3.818372086372771174e-02
3.803375563531789794e-02
3.808933511010034051e-02
3.841417049147285989e-02
3.839122179787455430e-02
3.830528171496230122e-02
3.824522259088513482e-02
3.803940764753727805e-02
3.772843872063977311e-02
3.770310081310956907e-02
3.757590814046526950e-02
3.763615524682437791e-02
3.758863632235673324e-02
3.720142500939475211e-02
3.764814255325889258e-02
3.764147947778559433e-02
3.715391819204155732e-02
3.765650637511725601e-02
3.744927654070602518e-02
3.742004274746397324e-02
3.712167308982284447e-02
3.731382030646573922e-02
3.709442348991422167e-02
3.708050161625373736e-02
3.727605499694642416e-02
3.711156547583075588e-02
3.724082578446985536e-02
3.720252066944747943e-02
3.712965786559122017e-02
3.706406200790968858e-02
3.709058955260064600e-02
3.692411201576067253e-02
3.679217440350714824e-02
3.703330322234766464e-02
3.726443373744807441e-02
3.730815056974676192e-02
3.732598468024402733e-02
3.736454578880848976e-02
3.737858188515791324e-02
3.746625842962433839e-02
3.731815484801598304e-02
3.735380579137339424e-02
3.731736134131632271e-02
3.734705359715693312e-02
3.750700802239579496e-02
3.741408988733565394e-02
3.749662151786074121e-02
3.737210336222560741e-02
3.739312933737264089e-02
3.747730444962448643e-02
3.747360764820004825e-02
3.749336122061087267e-02
3.749329477459933252e-02
3.751398800442073272e-02
3.744321837029353922e-02
3.755620922314488463e-02
3.782967135129735453e-02
3.738328287927372706e-02
3.743453528924162166e-02
3.742148855043520017e-02
3.786473460661429064e-02
3.775872845990395354e-02
3.776421505544121093e-02
3.780813961378363952e-02
3.828310825063813844e-02
3.828028516950190974e-02
3.830077304081986461e-02
3.834715118003851481e-02
3.843558305915318468e-02
3.842632471242977271e-02
3.853760597587121972e-02
3.845041989388039982e-02
3.847941517069066591e-02
3.849495596868163227e-02
3.850188432595902377e-02
3.853865523206904259e-02
3.850648183444827649e-02
3.855833216181479839e-02
3.853615159084770175e-02
3.853522035206901480e-02
3.863405302176690231e-02
3.856706396762855926e-02
3.853866255512724409e-02
3.852562761904565480e-02
3.857058465059471503e-02
3.859881796475770482e-02
3.862872573797145742e-02
3.866478168020365258e-02
3.867865117197563651e-02
3.867736630958813066e-02
3.862201216619924604e-02
3.873197072271233193e-02
3.863464645501428485e-02
3.860282225759247010e-02
3.870849948991714889e-02
3.866932658589745941e-02
3.868826011968041351e-02
3.870546329132700664e-02
3.872390240570819375e-02
3.872111759450364010e-02
3.925530091961257351e-02
3.890821729458905642e-02
3.890550862837130475e-02
3.880580640830978006e-02
3.875767076157849572e-02
3.881332140073909254e-02
3.874259765179736276e-02
3.860592130099359948e-02
3.865229469388057476e-02
3.862295999007023944e-02
3.856531900995276846e-02
3.858750672690858946e-02
3.916444847947046781e-02
3.926149121835767475e-02
3.934424723385349099e-02
3.937750587885342074e-02
3.983154522856486440e-02
3.956439911410288002e-02
3.926072917109320326e-02
3.919600983048363713e-02
3.899721118510348500e-02
3.862460716041448555e-02
3.849847680164195790e-02
3.899302138127869882e-02
3.858766866025243464e-02
3.855376983421470588e-02
3.859720564737086773e-02
3.858271487584778031e-02
3.858248093815240531e-02
3.916822930109375295e-02
3.861858088737295941e-02
3.868637241672553267e-02
3.862855302446929762e-02
