1.623437500000000000e+01
1.584687499999999716e+01
2.323437500000000000e+01
2.377187499999999432e+01
2.432656249999999432e+01
2.717499999999999716e+01
2.698749999999999716e+01
2.670468750000000568e+01
3.036249999999999716e+01
3.500937500000000568e+01
2.958906249999999716e+01
3.245000000000000284e+01
3.396093750000000000e+01
3.661249999999999716e+01
3.598593750000000568e+01
3.685937500000000000e+01
3.965312500000000284e+01
4.102968750000000142e+01
4.184687499999999716e+01
4.253593750000000284e+01
4.382812500000000000e+01
4.312812499999999716e+01
4.473437500000000000e+01
4.510312499999999858e+01
4.601093749999999716e+01
4.557500000000000284e+01
4.604843749999999858e+01
4.623593749999999858e+01
4.623906250000000284e+01
4.650156249999999858e+01
4.667499999999999716e+01
4.730156250000000284e+01
4.643750000000000000e+01
4.674218750000000000e+01
4.584843750000000284e+01
4.680624999999999858e+01
4.713750000000000284e+01
4.706718750000000284e+01
4.689843750000000000e+01
4.755937500000000284e+01
4.730156250000000284e+01
4.737656249999999858e+01
4.762968750000000284e+01
4.777812500000000284e+01
4.781093750000000142e+01
4.842343749999999858e+01
4.836249999999999716e+01
4.792968750000000000e+01
4.809375000000000000e+01
4.853281249999999858e+01
4.846875000000000000e+01
4.829843749999999858e+01
4.844218750000000284e+01
4.843437500000000284e+01
4.809218750000000142e+01
4.809218750000000142e+01
4.816250000000000142e+01
4.832343749999999716e+01
4.857187499999999858e+01
4.884375000000000000e+01
4.887343750000000142e+01
4.897968749999999716e+01
4.891250000000000142e+01
4.892499999999999716e+01
4.930312500000000142e+01
4.888281250000000000e+01
4.895156250000000142e+01
4.939374999999999716e+01
4.892656250000000284e+01
4.910625000000000284e+01
4.910468749999999716e+01
4.940781249999999858e+01
4.917812500000000142e+01
4.934531249999999858e+01
4.931250000000000000e+01
4.915312500000000284e+01
4.932656250000000142e+01
4.921718750000000142e+01
4.924374999999999858e+01
4.926562500000000000e+01
4.934687499999999716e+01
4.929218749999999716e+01
4.938593749999999716e+01
4.947968749999999716e+01
4.928593750000000284e+01
4.912500000000000000e+01
4.906406249999999858e+01
4.909843750000000284e+01
4.906250000000000000e+01
4.905468750000000000e+01
4.898281250000000142e+01
4.908281250000000284e+01
4.903281249999999858e+01
4.909062500000000284e+01
4.910468749999999716e+01
4.897031249999999858e+01
4.903281249999999858e+01
4.896249999999999858e+01
4.905937500000000284e+01
4.903593750000000284e+01
4.896093750000000000e+01
4.899218750000000000e+01
4.897500000000000142e+01
4.897500000000000142e+01
4.892343749999999858e+01
4.902031250000000284e+01
4.891718749999999716e+01
4.863281250000000000e+01
4.902968750000000142e+01
4.900468750000000284e+01
4.902656249999999716e+01
4.858906249999999716e+01
4.867499999999999716e+01
4.869062499999999716e+01
4.863437499999999858e+01
4.822500000000000142e+01
4.822343750000000284e+01
4.821249999999999858e+01
4.816406250000000000e+01
4.810625000000000284e+01
4.809062500000000284e+01
4.795937500000000142e+01
4.806406249999999858e+01
4.805781249999999716e+01
4.804687500000000000e+01
4.806718750000000284e+01
4.802499999999999858e+01
4.805156250000000284e+01
4.803906250000000000e+01
4.805312500000000142e+01
4.805624999999999858e+01
4.797656250000000000e+01
4.804687500000000000e+01
4.805781249999999716e+01
4.805624999999999858e+01
4.804062499999999858e+01
4.800000000000000000e+01
4.795937500000000142e+01
4.792187500000000000e+01
4.793593750000000142e+01
4.789843750000000000e+01
4.792812500000000142e+01
4.782500000000000284e+01
4.789218749999999858e+01
4.792968750000000000e+01
4.782968749999999858e+01
4.785000000000000142e+01
4.785312499999999858e+01
4.781406249999999858e+01
4.782343749999999716e+01
4.781562499999999716e+01
4.741093750000000284e+01
4.770468749999999858e+01
4.770312500000000000e+01
4.778750000000000142e+01
4.782500000000000284e+01
4.777031250000000284e+01
4.782187499999999858e+01
4.794687499999999858e+01
4.792187500000000000e+01
4.794218750000000284e+01
4.798593749999999858e+01
4.798125000000000284e+01
4.745937500000000142e+01
4.741093750000000284e+01
4.735937500000000000e+01
4.732187499999999858e+01
4.693750000000000000e+01
4.720468749999999858e+01
4.740625000000000000e+01
4.745624999999999716e+01
4.765312500000000284e+01
4.796718750000000142e+01
4.807187499999999858e+01
4.760000000000000142e+01
4.797656250000000000e+01
4.804687500000000000e+01
4.801562500000000000e+01
4.801874999999999716e+01
4.803437499999999716e+01
4.758124999999999716e+01
4.801406250000000142e+01
4.792499999999999716e+01
4.798906250000000284e+01
