5.858461232191665424e-02
5.461153433696353671e-02
5.288107738915155676e-02
5.189755438802783061e-02
5.097907422331249272e-02
4.974500679784975288e-02
4.870416907875629170e-02
4.803104801233876175e-02
4.725722929125283911e-02
4.657444942813119410e-02
4.588197195858884775e-02
4.523050426022671294e-02
4.421521343744106575e-02
4.414895733261707533e-02
4.394358119306665533e-02
4.401065296580481540e-02
4.333685478421687304e-02
4.296691724363083803e-02
4.285874962220704437e-02
4.308230115898394053e-02
4.203413328967153112e-02
4.045727554613207794e-02
3.901816146707568628e-02
3.840619248846793149e-02
3.807831661878884055e-02
3.783446739945339060e-02
3.748511191935575970e-02
3.702200114787242147e-02
3.635660999725751075e-02
3.495670427523116242e-02
3.482359683674439432e-02
3.432937670284484655e-02
3.409184555294240276e-02
3.354118125251975141e-02
3.254826168758383209e-02
3.235653951296729031e-02
4.676141540717177608e-02
3.158798403633004959e-02
3.202122237894031165e-02
3.078361572669624166e-02
3.021012486562723101e-02
2.973651263774419740e-02
2.913345534330858203e-02
2.857927536826295953e-02
2.829823821703694731e-02
2.785201465936125095e-02
2.733560612898990050e-02
2.695521657356916498e-02
2.662890821417333159e-02
2.629291167167861071e-02
2.596113670718765837e-02
2.591269545754485218e-02
2.562057177253308782e-02
2.535242273203247923e-02
2.518608234485938263e-02
2.498339066791136626e-02
2.482912339733889598e-02
2.467314981497527662e-02
2.474090653232409107e-02
2.473603818210933988e-02
2.459989282394062921e-02
2.451937302393313381e-02
2.444677544640640535e-02
2.441253222979525642e-02
2.435354817885630047e-02
2.433301162438157930e-02
2.430490725006281133e-02
2.426705089363070597e-02
2.425693264557732612e-02
2.423177696657936170e-02
2.419700674407732760e-02
2.417274494607209168e-02
2.415142220660088795e-02
2.412019265062752618e-02
2.409822318156810625e-02
2.408891049452684119e-02
2.407683390834694515e-02
2.404971354561171240e-02
2.402832576271233395e-02
2.400702495663423544e-02
2.398530912031640941e-02
2.396810678489023558e-02
2.393937787373167855e-02
2.394333623319663817e-02
2.391693213189024017e-02
2.390130545987431340e-02
2.388762566991389086e-02
2.386895429139219635e-02
2.384891805769609463e-02
2.382960751224534601e-02
2.381248703238588241e-02
2.380025918046107039e-02
2.381640282590681904e-02
2.381186862347342559e-02
2.380237317096261032e-02
2.379537453190990609e-02
2.378998324286404550e-02
2.378461348218266491e-02
2.377661576208514246e-02
2.377150092432599518e-02
2.377307742655888553e-02
2.376702885104885546e-02
2.376011229310500197e-02
2.375572603906853791e-02
2.375127616090219260e-02
2.374128957974917797e-02
2.373880981105000801e-02
2.373342575918708022e-02
2.374073854447098647e-02
2.374187762396246307e-02
2.372855631740500293e-02
2.372457676159939535e-02
2.372088253939349384e-02
2.371564288245192956e-02
2.370682095093250633e-02
2.370170699821615157e-02
2.369656896324188675e-02
2.369045583540856093e-02
2.368582656201113565e-02
2.368103082713119908e-02
2.367439958874196365e-02
2.367148240236246343e-02
2.367284097142017749e-02
2.366445368381833725e-02
2.365822169387097121e-02
2.365739578363470347e-02
2.365352971288019190e-02
2.365141177829500896e-02
2.364830877311576915e-02
2.364342434097208359e-02
2.363913170969647592e-02
2.363793091901478238e-02
2.363003406814449120e-02
2.362618225983275852e-02
2.361856586454501999e-02
2.361319201792510744e-02
2.361682228844237327e-02
2.361435692145112675e-02
2.361045163271664749e-02
2.360877846095491700e-02
2.360469140575900335e-02
2.359965935527074191e-02
2.359482453018525022e-02
2.359013604506856113e-02
2.358803539856208983e-02
2.358422270409679666e-02
2.358271670512438259e-02
2.357869505532134147e-02
2.358086738521101081e-02
2.358364142711072073e-02
2.358106849348378525e-02
2.358019595461379597e-02
2.357776518621446452e-02
2.357584108733300210e-02
2.357443822608782519e-02
2.357299310844311949e-02
2.357110807050088325e-02
2.356989562478195924e-02
2.356761581129968378e-02
2.356693503389526573e-02
2.356578813777185019e-02
2.356367438582368870e-02
2.356058963893423522e-02
2.355882240460582810e-02
2.355634838842627157e-02
2.355388652632650279e-02
2.355262814611701686e-02
2.355050159557800157e-02
2.354743060000984503e-02
2.354433582431782190e-02
2.354143880604763622e-02
2.353890534972519211e-02
2.353617407245728668e-02
2.353965265039330637e-02
2.353549606086461493e-02
2.353297075232814103e-02
2.353150490997553759e-02
2.353014238943706982e-02
2.352882658669459837e-02
2.352741265848436528e-02
2.352579470285240046e-02
2.352446303600259567e-02
2.352367195044611364e-02
2.352364716325007835e-02
2.352076598692750056e-02
2.352177826334287195e-02
2.351950045130704256e-02
2.351807141304923868e-02
2.351687590964343308e-02
2.351679373363307901e-02
2.351561590481697842e-02
2.351346947400319298e-02
2.351645780678048026e-02
2.351262292468666790e-02
2.351268927055815902e-02
2.351061056443098235e-02
2.350830515053668052e-02
2.350804193942368156e-02
2.350838842204698576e-02
2.350602811263931974e-02
2.350368274842162472e-02
2.350213691213153683e-02
2.350491675541084222e-02
2.350169221223123023e-02
2.350101935011971940e-02
2.350005427475096095e-02
2.350012009485251407e-02
2.349896326558459717e-02
2.349790033110189455e-02
2.349710305281177067e-02
2.349709484936125456e-02
2.349680963363315681e-02
2.349621850097955225e-02
2.349539449046841866e-02
2.349524985504327854e-02
2.349407890446173625e-02
2.349305033831340303e-02
2.349154662633337956e-02
2.349823086055372739e-02
2.349247823144820849e-02
2.349706053926075774e-02
2.349262652998566209e-02
2.349085022560495548e-02
2.349257226676607080e-02
2.349041975924580708e-02
2.349021853615270577e-02
2.349020239637361271e-02
2.349051416570081471e-02
2.348932601371717457e-02
2.348869627928128895e-02
2.348843950007858603e-02
2.348788157248996727e-02
2.348733490234124546e-02
2.348665934334845384e-02
2.348629624559245982e-02
2.348606739107707980e-02
2.348560452490635470e-02
2.348513189057889472e-02
2.348468108137615265e-02
2.348425238911322835e-02
2.348376706302457775e-02
2.348298296262055218e-02
2.348326212284048559e-02
2.348294953478648542e-02
2.348276688921599811e-02
2.348224721062968159e-02
2.348207569120567412e-02
2.348164854380436345e-02
2.348119733479042334e-02
2.348183186740676956e-02
2.348120004948132597e-02
2.348161389528817186e-02
2.348091986540670403e-02
2.348077586030463543e-02
2.348057642315692223e-02
2.348037998844424573e-02
2.348068691009661674e-02
2.348069968785304606e-02
2.348036230552699374e-02
2.347996889370312923e-02
2.347976416159922031e-02
2.347977304936667980e-02
2.347960790835113692e-02
2.347943990934086081e-02
2.347875171391772264e-02
2.347846003369185100e-02
2.347818699584098071e-02
2.347773608903317571e-02
2.347737821458929786e-02
2.347814679989212658e-02
2.347715653284864271e-02
2.347686790921325525e-02
2.347668005931695390e-02
2.347626508678749696e-02
2.347589292026297514e-02
2.347585124795618233e-02
2.347512741542174403e-02
2.347495909151308888e-02
2.347448298937086092e-02
2.347471935724677536e-02
2.347434201491671937e-02
2.347852841527262036e-02
2.347381019775005365e-02
2.347437967041604567e-02
2.347332841110553667e-02
2.347277467728853609e-02
2.347237537178904765e-02
2.348323465720148287e-02
2.347195214440454814e-02
2.347134575838541112e-02
2.347104981634637322e-02
2.348583580371146201e-02
2.347086348891058022e-02
2.347049465414050018e-02
2.347008425554603095e-02
2.347695588314070714e-02
2.346975269485932283e-02
2.346949964608631076e-02
2.346913481495320822e-02
2.346876518250413240e-02
2.346832016752479003e-02
2.346808452940535999e-02
2.346784966019384300e-02
2.346735781768468504e-02
2.346762910066954241e-02
2.346707726139345140e-02
2.346727727221038784e-02
2.346689383139196478e-02
2.346661695899099689e-02
2.346679367885699113e-02
2.346647458128119437e-02
2.346616270517173919e-02
2.346597861591437004e-02
2.346572149871549440e-02
2.346549018955451996e-02
2.346534204587795436e-02
2.346502200124191487e-02
2.346493390974528290e-02
2.346475712192806068e-02
2.346482905465729560e-02
2.346462362025423035e-02
2.346442702828050939e-02
2.346433351354014138e-02
2.346412197632196175e-02
2.346375049410154637e-02
2.346347200963064955e-02
2.346311869673528908e-02
2.346274703286436655e-02
2.346243145346436215e-02
2.346207939122977801e-02
2.346204522960022507e-02
2.346279704662128027e-02
2.346187010436624754e-02
2.346170292263903903e-02
2.346148338063596198e-02
2.346133376471129517e-02
2.346130013329977143e-02
2.346115833215450808e-02
2.346086751960579572e-02
2.346077132779837357e-02
2.346060273301036475e-02
2.346068788984490006e-02
2.346040399053257036e-02
2.346031392962822856e-02
2.346022909959148348e-02
2.346018774710937824e-02
2.346011527141965425e-02
2.346004247940743428e-02
2.345996104118272876e-02
2.345983090598340037e-02
2.345987102698692331e-02
2.345962688483317626e-02
2.345954589053387065e-02
2.345947781003177718e-02
2.345932232012305080e-02
2.345923126445838627e-02
2.345904957012593176e-02
2.345905506525512371e-02
2.345887702860373694e-02
2.345881829853341607e-02
2.345866568674462305e-02
2.345850193799872696e-02
2.345846544524276059e-02
2.345842130444991333e-02
2.345829266108157701e-02
2.345813241181685799e-02
2.345797775222778492e-02
2.345778198603271081e-02
2.345757181072887984e-02
2.345733516806021782e-02
2.345710729586349824e-02
2.345690220206670187e-02
2.345800876030079349e-02
2.345703273851311096e-02
2.345727734250310087e-02
2.345682677623024334e-02
2.345669901161602511e-02
2.345658261518977772e-02
2.345659328672159566e-02
2.345646317951363344e-02
2.345636029530031794e-02
2.345625316366059532e-02
2.345620697702694574e-02
2.345602174882479088e-02
2.345591528906940462e-02
2.345592794546203994e-02
2.345586947530034494e-02
2.345588540954296128e-02
2.345584048226333901e-02
2.345573960868370042e-02
2.345577989866578714e-02
2.345560508164458088e-02
2.345553681686055048e-02
2.345543924437509115e-02
2.345538954062714732e-02
2.345534866938296312e-02
2.345524484801574799e-02
2.345519068141220520e-02
2.345521113286394219e-02
2.345502637871809196e-02
2.345494321694425663e-02
2.345487082326520520e-02
2.345473061205485821e-02
2.345464875856505260e-02
2.345455847239206679e-02
2.345458660339486481e-02
2.345443255932197144e-02
2.345435182640647973e-02
2.345423639315529982e-02
2.345409204148755922e-02
2.345401717012042184e-02
2.345387235549942911e-02
2.345386547301879857e-02
2.345373572271129692e-02
2.345360290863631250e-02
2.345344733701414455e-02
2.345328394648281758e-02
2.345311324058359931e-02
2.345725264302214383e-02
2.345388776148736240e-02
2.345294580996959768e-02
2.346659238387928392e-02
2.345282865049244311e-02
2.345267173020612606e-02
2.345261350341003651e-02
2.345257599165894574e-02
2.345247113739096917e-02
2.345237648015136359e-02
2.345224896563923717e-02
2.345219085240688936e-02
2.345218694118073738e-02
2.345214683263700459e-02
2.345209582165627346e-02
2.345206534600268247e-02
2.345199527094572051e-02
2.345242682561012385e-02
2.345200713385465000e-02
2.345211785398551227e-02
2.345183504652765399e-02
2.345177434667351790e-02
2.345172509096433988e-02
2.345166077986839126e-02
2.345154364758426230e-02
2.345149936773182828e-02
2.345146411902832018e-02
2.345141826746535707e-02
2.345137333137339852e-02
2.345129586819647352e-02
2.345121025528052253e-02
2.345112941508386770e-02
2.345124982921011764e-02
2.345097166742223307e-02
2.345093145450176386e-02
2.345089025261653734e-02
2.345078120362754232e-02
2.345078238966281578e-02
2.345078081197895029e-02
2.345077317245791368e-02
2.345072715126745796e-02
2.345067036547593756e-02
2.345061606901908957e-02
2.345054910373562881e-02
2.345047692172326156e-02
2.345042805417929185e-02
2.345032846298087184e-02
2.345021707877765343e-02
2.345009924032124757e-02
2.344998000014740167e-02
2.344987012808735088e-02
2.344972385838014692e-02
2.344970516467467792e-02
2.345047302765106492e-02
2.344969570558511768e-02
2.344957669225165853e-02
2.344948963847792028e-02
2.344959996268898908e-02
2.344961615700951948e-02
2.344947741525964593e-02
2.344948853635640817e-02
2.344941701747863677e-02
2.344935698883871683e-02
2.344931940836604209e-02
2.344933050961015356e-02
2.344930558184037811e-02
2.344930721449875466e-02
2.344927228377617287e-02
2.344923994756804506e-02
2.344920732680810804e-02
2.344917902374267851e-02
2.344913305982953070e-02
2.344910153887963533e-02
2.344905401551258817e-02
2.344902231877404528e-02
2.344900604900411814e-02
2.344903417454162475e-02
2.344898021710088709e-02
2.344894422440441106e-02
2.344891900958944245e-02
2.344890617502224869e-02
2.344887564389519855e-02
2.344887007482702665e-02
2.344884165089634528e-02
2.344880667488370013e-02
2.344877104995437764e-02
2.344876963429124925e-02
2.344871152562574834e-02
2.344870267890165547e-02
2.344867413643865472e-02
2.344865336838605763e-02
2.344861977563103203e-02
2.344857717480423182e-02
2.344852375913614173e-02
2.344846545945894131e-02
2.344848502357416847e-02
2.344844976329617248e-02
2.344844207298342476e-02
2.344838705997077596e-02
2.344837056331941505e-02
2.344832258011030415e-02
2.344833365989876933e-02
2.344833751593974544e-02
2.344831550589467767e-02
2.344830209549731911e-02
2.344827493269638699e-02
2.344825066238877612e-02
2.344822070038948478e-02
2.344819866781156642e-02
2.344815899073162888e-02
2.344810138256063839e-02
2.344806834095685202e-02
2.344807937180747037e-02
2.344808108066123026e-02
2.344808803153203627e-02
2.344800674420544767e-02
2.344802173085155234e-02
2.344798050800616165e-02
2.344795460759366637e-02
2.344793261418769842e-02
2.344790715351772678e-02
2.344789133914257362e-02
2.344784142139354211e-02
2.344783004798280460e-02
2.344779378813180437e-02
2.344773001609519111e-02
2.344772594314974493e-02
2.344770883585105964e-02
2.344769068190426589e-02
2.344766342008171994e-02
2.344767182284857726e-02
2.344763724122542539e-02
2.344760685157248198e-02
2.344757086990090916e-02
2.344752622942719578e-02
2.344749051277843915e-02
2.344750353114297137e-02
2.344775354352794661e-02
2.344752339666599655e-02
2.344748558776267935e-02
2.344748234129612197e-02
2.344748320598481414e-02
2.344752624723291448e-02
2.344746106001292796e-02
2.344745447953360332e-02
2.344743905331252501e-02
2.344742299512284772e-02
2.344740758845290790e-02
2.344737073204756009e-02
2.344738614689256123e-02
2.344739364483695507e-02
2.344734465277136318e-02
2.344735869086021426e-02
2.344734175379289270e-02
2.344731816492550205e-02
2.344728932170126248e-02
2.344726324314582236e-02
2.344722769173474691e-02
2.344720023699331524e-02
2.344715865559828319e-02
2.344719609190767939e-02
2.344717393076936260e-02
2.344716990445103177e-02
2.344713773447207328e-02
2.344711003314525408e-02
2.344707413509047877e-02
2.344703381903686171e-02
2.344699098770416240e-02
2.344695000094830506e-02
2.344697730688539289e-02
2.344690376760810713e-02
2.344698723677627467e-02
2.344688286227735244e-02
2.344690152564486707e-02
2.344686256486244735e-02
2.344684807585601868e-02
2.344681026737509277e-02
2.344679377357020492e-02
2.344676815352311067e-02
2.344677572710729060e-02
2.344676616902280353e-02
2.344673945219944572e-02
2.344674158631680425e-02
2.344671161129451703e-02
2.344665777219894290e-02
2.344664921207029185e-02
2.344662970408458585e-02
2.344663925476615438e-02
2.344661999156372537e-02
2.344660594392033309e-02
2.344658290565280329e-02
2.344655578316984235e-02
2.344660084156811874e-02
2.344650879035240637e-02
2.344647600801718149e-02
2.344646606930082464e-02
2.344641814347791370e-02
2.344637506893870391e-02
2.344634212418546249e-02
2.344634949626211995e-02
2.344640497747204136e-02
2.344635169589502285e-02
2.344636511704510304e-02
2.344633691996168487e-02
2.344633753660052902e-02
2.344632307505973776e-02
2.344631932337694000e-02
2.344629516146714762e-02
2.344628473688982126e-02
2.344625540007475722e-02
2.344624050522413350e-02
2.344622004004023874e-02
2.344619903953645140e-02
2.344615050497957445e-02
2.344611150640811895e-02
2.344606775799042489e-02
2.344600954707030949e-02
2.344606927575963728e-02
2.344636819406398925e-02
2.344601506706317159e-02
2.344596161075381338e-02
2.344595854867482371e-02
2.344598849247321593e-02
2.344592743412448471e-02
2.344592910194715288e-02
2.344591524959876647e-02
2.344590794924827568e-02
2.344588395710721362e-02
2.344589698424642127e-02
2.344587265083993705e-02
2.344589254245137491e-02
2.344586136950994187e-02
2.344585819148808925e-02
2.344583367304655525e-02
2.344584054688254177e-02
2.344580396973902636e-02
2.344582106397938639e-02
2.344580073039193718e-02
2.344580896286795751e-02
2.344579658427478966e-02
2.344578985867867491e-02
2.344577018021104173e-02
2.344577855551365636e-02
2.344575568147107617e-02
2.344576593059760627e-02
2.344576127608133734e-02
2.344574996801568681e-02
2.344574266660463466e-02
2.344572965231748671e-02
2.344571298931002329e-02
2.344570980616336384e-02
2.344568532044487633e-02
2.344567903814802345e-02
2.344565165283275104e-02
2.344563580175415898e-02
2.344559074531256393e-02
2.344558937671857232e-02
2.344559810114028170e-02
2.344559123892596755e-02
2.344558241217794756e-02
2.344559230380460074e-02
2.344557627869139557e-02
2.344556562292939017e-02
2.344554820304136505e-02
2.344553026109632773e-02
2.344550661201254965e-02
2.344548927727639273e-02
2.344550556905387537e-02
2.344548748434300070e-02
2.344546790101298406e-02
2.344547258484785263e-02
2.344545146232669339e-02
2.344545408848249662e-02
2.344543960070742672e-02
2.344543337297252950e-02
2.344542631501272956e-02
2.344541268590897079e-02
2.344540285872202465e-02
2.344543206104340513e-02
2.344540071174108092e-02
2.344540322790123268e-02
2.344538511469180728e-02
2.344537039157605640e-02
2.344537268092241472e-02
2.344536165315155157e-02
2.344536554269683812e-02
2.344534913208175947e-02
2.344534614953643417e-02
2.344533507474977352e-02
2.344534798044362392e-02
2.344533627576029719e-02
2.344533347832824730e-02
2.344532698442198734e-02
2.344531169611887428e-02
2.344531841792694277e-02
2.344530272627622092e-02
2.344529535517591093e-02
2.344529422242309230e-02
2.344524920442259477e-02
2.344526514441828968e-02
2.344525971680551032e-02
2.344523778920796359e-02
2.344522256794564011e-02
2.344522200226561992e-02
2.344519906631253869e-02
2.344519243161191299e-02
2.344517376297121716e-02
2.344515353041170744e-02
2.344513314835442591e-02
2.344511127550219856e-02
2.344508534574524933e-02
2.344508416732215411e-02
2.344504090620779316e-02
2.344508377919987674e-02
2.344505496569020478e-02
2.344504792494224443e-02
2.344503927716317174e-02
2.344504129368879877e-02
2.344503560715367058e-02
2.344502374066018482e-02
2.344501359387210840e-02
2.344500843300856285e-02
2.344499104642771767e-02
2.344498333368559562e-02
2.344496382376577356e-02
2.344494962083374864e-02
2.344494905303466659e-02
2.344493386994533912e-02
2.344491312665607230e-02
2.344489957685605419e-02
2.344487776394161421e-02
2.344493808897477397e-02
2.344487746958929739e-02
2.344487473020149398e-02
2.344485899247175653e-02
2.344485201160028190e-02
2.344484762404523692e-02
2.344482452283687748e-02
2.344481248874412394e-02
2.344479432607413094e-02
2.344477142063829123e-02
2.344476646605865230e-02
2.344500641435468338e-02
2.344478795326765050e-02
2.344485226577377665e-02
2.344477066479941710e-02
2.344476031060293425e-02
2.344476214926008439e-02
2.344475021241631402e-02
2.344474141060082575e-02
2.344473460872675136e-02
2.344472061427497686e-02
2.344470218165189274e-02
2.344469559501105582e-02
2.344468137951608022e-02
2.344466591767196614e-02
2.344468371487539934e-02
2.344468633050603157e-02
2.344468605734447916e-02
2.344466950343487496e-02
2.344468165102793489e-02
2.344466428971446123e-02
2.344465770571368957e-02
2.344465016481656408e-02
2.344464198263745969e-02
2.344463584707364920e-02
2.344464415591440004e-02
2.344462054181888425e-02
2.344460958299542097e-02
2.344459869507623667e-02
2.344459681905271958e-02
2.344460040693546743e-02
2.344463063785843376e-02
2.344459648818929959e-02
2.344457683362735981e-02
2.344458151622078046e-02
2.344457380813489561e-02
2.344456505851562692e-02
2.344460706794562060e-02
2.344457504249090191e-02
2.345226385304035113e-02
2.344456905596255594e-02
2.344455041488768474e-02
2.344455157738989728e-02
2.344454261162370184e-02
2.344453834206316686e-02
2.344452262160965153e-02
2.344452468962722816e-02
2.344452381446358522e-02
2.344452409414466906e-02
2.344449735975588645e-02
2.344451030851287671e-02
2.344450226523595027e-02
2.344449339939816412e-02
2.344448236604609187e-02
2.344447815207482272e-02
2.344446750264392310e-02
2.344445359338127866e-02
2.344443945717817820e-02
2.344442625414133383e-02
2.344441294902113379e-02
2.344442550740257619e-02
2.344442885617614367e-02
2.344441974869439574e-02
2.344442064545843724e-02
2.344440216514082076e-02
2.344438390174906350e-02
2.344438030909712367e-02
2.344437394005808445e-02
2.344437395018702380e-02
2.344436284437481297e-02
2.344437591669082041e-02
2.344434857272803194e-02
2.344434803173938223e-02
2.344433923535697850e-02
2.344432148957744169e-02
2.344432453827390711e-02
2.344430962105436764e-02
2.344429800050963630e-02
2.344428268827921172e-02
2.344438805019063987e-02
2.344428285902657588e-02
2.344428102225259297e-02
2.344426220860844345e-02
2.344428075275857212e-02
2.344426428727496015e-02
2.344426090918436470e-02
2.344425359918030083e-02
2.344424366423665529e-02
2.344425129792224866e-02
2.344425061826567458e-02
2.344423655240513577e-02
2.344423157496326737e-02
2.344422454314236057e-02
2.344424852684015223e-02
2.344421996376370651e-02
2.344421821436367889e-02
2.344421626634346500e-02
2.344420576755092481e-02
2.344421972379804112e-02
2.344659470813437868e-02
2.344420739123382821e-02
2.344418881923343231e-02
2.344417539773750031e-02
2.344418794357865446e-02
2.344417475881459614e-02
2.344417879632573753e-02
2.344416615635382117e-02
2.344416167234674234e-02
2.344416967546765831e-02
2.344416276357534981e-02
2.344415927311284051e-02
2.344415034419370519e-02
2.344415914403455425e-02
2.344415440512823481e-02
2.344414993739448935e-02
2.344415367794895622e-02
2.344414539657984145e-02
2.344413141769595074e-02
2.344410379679629300e-02
2.344409553753708589e-02
2.344407596509375316e-02
2.344406074447099794e-02
2.344405854838864725e-02
2.344402513858841533e-02
2.344402393550811328e-02
2.344405803028118407e-02
2.344403772677552955e-02
2.344403142577877047e-02
2.344402697717576367e-02
2.344402065135475430e-02
2.344401558334536020e-02
2.344402779775281789e-02
2.344403298079181241e-02
2.344403068398761072e-02
2.344402821666729045e-02
2.344401732045742898e-02
2.344401191145450980e-02
2.344401130966976970e-02
2.344400385768075426e-02
2.344400041383887245e-02
2.344399753327232327e-02
2.344398500231322305e-02
2.344397978888611983e-02
2.344396975597011143e-02
2.344395395140448646e-02
2.344394179153976715e-02
2.344396469647263767e-02
2.344394482321222536e-02
2.344393776321971809e-02
2.344391762251438194e-02
2.344390943673397079e-02
2.344390600772515085e-02
2.344389006490765412e-02
2.344389186938689723e-02
2.346984938074249752e-02
2.344390258642899821e-02
2.345100640991949412e-02
2.344388034602916740e-02
2.344387771763550496e-02
2.344386120155837749e-02
2.344383861978873579e-02
2.344382860627339596e-02
2.344384240967946342e-02
2.344383569176257745e-02
2.344382332321733042e-02
2.344381506500134091e-02
2.344380520753084826e-02
2.344380434247088363e-02
2.344381162547322026e-02
2.344379753233748545e-02
2.344378833482558405e-02
2.344378737348436562e-02
2.344376640382179328e-02
2.344375112563172603e-02
2.344375949580108920e-02
2.344378742702219257e-02
2.344377952514515098e-02
2.344376359852435449e-02
2.344376839823722469e-02
2.344374559923339402e-02
2.344373817149893874e-02
2.344373081636178663e-02
2.344371411783612372e-02
2.344372136460118675e-02
2.344370620704419941e-02
2.344369639669013211e-02
2.344368592105812790e-02
2.344366172187827002e-02
2.344368743803139366e-02
2.344370313111855675e-02
2.344368045210528523e-02
2.344366952935961548e-02
2.344363688879159621e-02
2.344362650726208169e-02
2.344361285815301302e-02
2.344361631051604736e-02
2.344360951524948611e-02
2.344360159213614708e-02
2.344361347591391101e-02
2.344359893182398555e-02
2.344358536806208718e-02
2.344356638435238921e-02
2.344357757871131862e-02
2.344356728456416933e-02
2.344355276220901063e-02
2.344353772976917605e-02
