1.562083333333333712e+01
1.868750000000000000e+01
1.881666666666666288e+01
2.565416666666666856e+01
2.899479166666667140e+01
3.162291666666666856e+01
3.291562500000000568e+01
3.281770833333332860e+01
3.150312499999999716e+01
3.286875000000000568e+01
3.516770833333333712e+01
3.493958333333333144e+01
3.390208333333333712e+01
3.596458333333333712e+01
3.530312499999999432e+01
3.679375000000000284e+01
3.743124999999999858e+01
3.494687500000000568e+01
3.501666666666666572e+01
3.918750000000000000e+01
4.074374999999999858e+01
4.343124999999999858e+01
4.399895833333333428e+01
4.431145833333333428e+01
4.462187500000000284e+01
4.487395833333333428e+01
4.570624999999999716e+01
4.742291666666666572e+01
5.016041666666666998e+01
4.957604166666666856e+01
5.048854166666666998e+01
5.099166666666666714e+01
5.131354166666666572e+01
5.541770833333333002e+01
5.581041666666666856e+01
4.752291666666666714e+01
5.576250000000000284e+01
5.475937499999999858e+01
5.808749999999999858e+01
5.847604166666666714e+01
6.029687500000000000e+01
6.056666666666666998e+01
6.105312500000000142e+01
6.142499999999999716e+01
6.168229166666666430e+01
6.177083333333333570e+01
6.176979166666666998e+01
6.200520833333333570e+01
6.200520833333333570e+01
6.202604166666666430e+01
6.191666666666666430e+01
6.209895833333333570e+01
6.209479166666666572e+01
6.207812500000000000e+01
6.214374999999999716e+01
6.215208333333333002e+01
6.217395833333333144e+01
6.220416666666666572e+01
6.222395833333333570e+01
6.219583333333333286e+01
6.222708333333333286e+01
6.222395833333333570e+01
6.222916666666666430e+01
6.224583333333333002e+01
6.224895833333333428e+01
6.222395833333333570e+01
6.224166666666666714e+01
6.225104166666666572e+01
6.223645833333333144e+01
6.224270833333333286e+01
6.224166666666666714e+01
6.228020833333333428e+01
6.229166666666666430e+01
6.229999999999999716e+01
6.229479166666666856e+01
6.229166666666666430e+01
6.231354166666666572e+01
6.230937500000000284e+01
6.232291666666666430e+01
6.232395833333333002e+01
6.232291666666666430e+01
6.234166666666666856e+01
6.233854166666666430e+01
6.236979166666666430e+01
6.237187500000000284e+01
6.238020833333333570e+01
6.238541666666666430e+01
6.239479166666666998e+01
6.239895833333333286e+01
6.240729166666666572e+01
6.241041666666666998e+01
6.240104166666666430e+01
6.241250000000000142e+01
6.240833333333333144e+01
6.240833333333333144e+01
6.240625000000000000e+01
6.241562499999999858e+01
6.241458333333333286e+01
6.241354166666666714e+01
6.241145833333333570e+01
6.241562499999999858e+01
6.241666666666666430e+01
6.241770833333333002e+01
6.241875000000000284e+01
6.242083333333333428e+01
6.241979166666666856e+01
6.241979166666666856e+01
6.241354166666666714e+01
6.242395833333333144e+01
6.242083333333333428e+01
6.242291666666666572e+01
6.241562499999999858e+01
6.242291666666666572e+01
6.242395833333333144e+01
6.242187500000000000e+01
6.241770833333333002e+01
6.241875000000000284e+01
6.241875000000000284e+01
6.241875000000000284e+01
6.242083333333333428e+01
6.242187500000000000e+01
6.241562499999999858e+01
6.242187500000000000e+01
6.242083333333333428e+01
6.242395833333333144e+01
6.242291666666666572e+01
6.241979166666666856e+01
6.242395833333333144e+01
6.242812500000000142e+01
6.242604166666666998e+01
6.242604166666666998e+01
6.242708333333333570e+01
6.243437500000000284e+01
6.244166666666666998e+01
6.244166666666666998e+01
6.244062499999999716e+01
6.244166666666666998e+01
6.244062499999999716e+01
6.245000000000000284e+01
6.244583333333333286e+01
6.245000000000000284e+01
6.245416666666666572e+01
6.245937500000000142e+01
6.245520833333333144e+01
6.246041666666666714e+01
6.246145833333333286e+01
6.246145833333333286e+01
6.245937500000000142e+01
6.246041666666666714e+01
6.246249999999999858e+01
6.246249999999999858e+01
6.246249999999999858e+01
6.246249999999999858e+01
6.246249999999999858e+01
6.246041666666666714e+01
6.246249999999999858e+01
6.246354166666666430e+01
6.246249999999999858e+01
6.246354166666666430e+01
6.246249999999999858e+01
6.246249999999999858e+01
6.246249999999999858e+01
6.246249999999999858e+01
6.246562500000000284e+01
6.246562500000000284e+01
6.246562500000000284e+01
6.246875000000000000e+01
6.246770833333333428e+01
6.247083333333333144e+01
6.247187499999999716e+01
6.247083333333333144e+01
6.247395833333333570e+01
6.247291666666666998e+01
6.247187499999999716e+01
6.247500000000000142e+01
6.247395833333333570e+01
6.247395833333333570e+01
6.247500000000000142e+01
6.247708333333333286e+01
6.247812499999999858e+01
6.247812499999999858e+01
6.248020833333333002e+01
6.247708333333333286e+01
6.248125000000000284e+01
6.247708333333333286e+01
6.248125000000000284e+01
6.248125000000000284e+01
6.248020833333333002e+01
6.247916666666666430e+01
6.248020833333333002e+01
6.248125000000000284e+01
6.248125000000000284e+01
6.248020833333333002e+01
6.248020833333333002e+01
6.247916666666666430e+01
6.247916666666666430e+01
6.248541666666666572e+01
6.248333333333333428e+01
6.248229166666666856e+01
6.248541666666666572e+01
6.248854166666666998e+01
6.248541666666666572e+01
6.249062500000000142e+01
6.248958333333333570e+01
6.249062500000000142e+01
6.249166666666666714e+01
6.249166666666666714e+01
6.249166666666666714e+01
6.249166666666666714e+01
6.249166666666666714e+01
6.249166666666666714e+01
6.249166666666666714e+01
6.249166666666666714e+01
6.249270833333333286e+01
6.249270833333333286e+01
6.249270833333333286e+01
6.249270833333333286e+01
6.248854166666666998e+01
6.249270833333333286e+01
6.248854166666666998e+01
6.248958333333333570e+01
6.249374999999999858e+01
6.249062500000000142e+01
6.249374999999999858e+01
6.249270833333333286e+01
6.249374999999999858e+01
6.249166666666666714e+01
6.249479166666666430e+01
6.249479166666666430e+01
6.249479166666666430e+01
6.249479166666666430e+01
6.249583333333333002e+01
6.249687500000000284e+01
6.249687500000000284e+01
6.249687500000000284e+01
6.249687500000000284e+01
6.249687500000000284e+01
6.249687500000000284e+01
6.249791666666666856e+01
6.249791666666666856e+01
6.249791666666666856e+01
6.249791666666666856e+01
6.249791666666666856e+01
6.249791666666666856e+01
6.249791666666666856e+01
6.249791666666666856e+01
6.249791666666666856e+01
6.249791666666666856e+01
6.249791666666666856e+01
6.249791666666666856e+01
6.249791666666666856e+01
6.249791666666666856e+01
6.249791666666666856e+01
6.249791666666666856e+01
6.249791666666666856e+01
6.249791666666666856e+01
6.249791666666666856e+01
6.249791666666666856e+01
6.249791666666666856e+01
6.249791666666666856e+01
6.249791666666666856e+01
6.249791666666666856e+01
6.249791666666666856e+01
6.249791666666666856e+01
6.249791666666666856e+01
6.249791666666666856e+01
6.249791666666666856e+01
6.249895833333333428e+01
6.249791666666666856e+01
6.249895833333333428e+01
6.249895833333333428e+01
6.249895833333333428e+01
6.249895833333333428e+01
6.249895833333333428e+01
6.249895833333333428e+01
6.249895833333333428e+01
6.249895833333333428e+01
6.249895833333333428e+01
6.249791666666666856e+01
6.249895833333333428e+01
6.249166666666666714e+01
6.249895833333333428e+01
6.249895833333333428e+01
6.249895833333333428e+01
6.249895833333333428e+01
6.249895833333333428e+01
6.248437500000000000e+01
6.249895833333333428e+01
6.249895833333333428e+01
6.249895833333333428e+01
6.247708333333333286e+01
6.249895833333333428e+01
6.249895833333333428e+01
6.249895833333333428e+01
6.248854166666666998e+01
6.249895833333333428e+01
6.249895833333333428e+01
6.249895833333333428e+01
6.249895833333333428e+01
6.249895833333333428e+01
6.249895833333333428e+01
6.249895833333333428e+01
6.249895833333333428e+01
6.249895833333333428e+01
6.249895833333333428e+01
6.249895833333333428e+01
6.249895833333333428e+01
6.249895833333333428e+01
6.249895833333333428e+01
6.249895833333333428e+01
6.249895833333333428e+01
6.249895833333333428e+01
6.249895833333333428e+01
6.249895833333333428e+01
6.249895833333333428e+01
6.249895833333333428e+01
6.249895833333333428e+01
6.249895833333333428e+01
6.249895833333333428e+01
6.249895833333333428e+01
6.249895833333333428e+01
6.249895833333333428e+01
6.249895833333333428e+01
6.249895833333333428e+01
6.249895833333333428e+01
6.249895833333333428e+01
6.249895833333333428e+01
6.249895833333333428e+01
6.249895833333333428e+01
6.249895833333333428e+01
6.249895833333333428e+01
6.249895833333333428e+01
6.249895833333333428e+01
6.249895833333333428e+01
6.249895833333333428e+01
6.249895833333333428e+01
6.249895833333333428e+01
6.249895833333333428e+01
6.249895833333333428e+01
6.249895833333333428e+01
6.249895833333333428e+01
6.249895833333333428e+01
6.249895833333333428e+01
6.249895833333333428e+01
6.249895833333333428e+01
6.249895833333333428e+01
6.249895833333333428e+01
6.249895833333333428e+01
6.249895833333333428e+01
6.249895833333333428e+01
6.249895833333333428e+01
6.249895833333333428e+01
6.249895833333333428e+01
6.249895833333333428e+01
6.249895833333333428e+01
6.249895833333333428e+01
6.249895833333333428e+01
6.249895833333333428e+01
6.249895833333333428e+01
6.249895833333333428e+01
6.249895833333333428e+01
6.249895833333333428e+01
6.249895833333333428e+01
6.249895833333333428e+01
6.249895833333333428e+01
6.249895833333333428e+01
6.249895833333333428e+01
6.249895833333333428e+01
6.249895833333333428e+01
6.249895833333333428e+01
6.249895833333333428e+01
6.249895833333333428e+01
6.249895833333333428e+01
6.249895833333333428e+01
6.249895833333333428e+01
6.249895833333333428e+01
6.249895833333333428e+01
6.249895833333333428e+01
6.249895833333333428e+01
6.249895833333333428e+01
6.249895833333333428e+01
6.249895833333333428e+01
6.249895833333333428e+01
6.249895833333333428e+01
6.249895833333333428e+01
6.249895833333333428e+01
6.249895833333333428e+01
6.249895833333333428e+01
6.249895833333333428e+01
6.249895833333333428e+01
6.249895833333333428e+01
6.249895833333333428e+01
6.249895833333333428e+01
6.249895833333333428e+01
6.249895833333333428e+01
6.249895833333333428e+01
6.249895833333333428e+01
6.249895833333333428e+01
6.250000000000000000e+01
6.249895833333333428e+01
6.249895833333333428e+01
6.249895833333333428e+01
6.249895833333333428e+01
6.250000000000000000e+01
6.249895833333333428e+01
6.249895833333333428e+01
6.250000000000000000e+01
6.250000000000000000e+01
6.250000000000000000e+01
6.250000000000000000e+01
6.250000000000000000e+01
6.250000000000000000e+01
6.250000000000000000e+01
6.250000000000000000e+01
6.250000000000000000e+01
6.250000000000000000e+01
6.250000000000000000e+01
6.249583333333333002e+01
6.250000000000000000e+01
6.250000000000000000e+01
6.248854166666666998e+01
6.250000000000000000e+01
6.250000000000000000e+01
6.250000000000000000e+01
6.250000000000000000e+01
6.250000000000000000e+01
6.250000000000000000e+01
6.250000000000000000e+01
6.250000000000000000e+01
6.250000000000000000e+01
6.250000000000000000e+01
6.250000000000000000e+01
6.250000000000000000e+01
6.250000000000000000e+01
6.250000000000000000e+01
6.250000000000000000e+01
6.250000000000000000e+01
6.250000000000000000e+01
6.250000000000000000e+01
6.250000000000000000e+01
6.250000000000000000e+01
6.250000000000000000e+01
6.250000000000000000e+01
6.250000000000000000e+01
6.250000000000000000e+01
6.250000000000000000e+01
6.250000000000000000e+01
6.250000000000000000e+01
6.250000000000000000e+01
6.250000000000000000e+01
6.250000000000000000e+01
6.250000000000000000e+01
6.250000000000000000e+01
6.250000000000000000e+01
6.250000000000000000e+01
6.250000000000000000e+01
6.250000000000000000e+01
6.250000000000000000e+01
6.250000000000000000e+01
6.250000000000000000e+01
6.250000000000000000e+01
6.250000000000000000e+01
6.250000000000000000e+01
6.250000000000000000e+01
6.250000000000000000e+01
6.250000000000000000e+01
6.250000000000000000e+01
6.250000000000000000e+01
6.250000000000000000e+01
6.250000000000000000e+01
6.250000000000000000e+01
6.250000000000000000e+01
6.250000000000000000e+01
6.250000000000000000e+01
6.250000000000000000e+01
6.250000000000000000e+01
6.250000000000000000e+01
6.250000000000000000e+01
6.250000000000000000e+01
6.250000000000000000e+01
6.250000000000000000e+01
6.250000000000000000e+01
6.250000000000000000e+01
6.250000000000000000e+01
6.250000000000000000e+01
6.250000000000000000e+01
6.250000000000000000e+01
6.250000000000000000e+01
6.250000000000000000e+01
6.250000000000000000e+01
6.250000000000000000e+01
6.250000000000000000e+01
6.250000000000000000e+01
6.250000000000000000e+01
6.250000000000000000e+01
6.250000000000000000e+01
6.250000000000000000e+01
6.250000000000000000e+01
6.250000000000000000e+01
6.250000000000000000e+01
6.250000000000000000e+01
6.250000000000000000e+01
6.250000000000000000e+01
6.250000000000000000e+01
6.250000000000000000e+01
6.250000000000000000e+01
6.250000000000000000e+01
6.250000000000000000e+01
6.250000000000000000e+01
6.250000000000000000e+01
6.250000000000000000e+01
6.250000000000000000e+01
6.250000000000000000e+01
6.250000000000000000e+01
6.250000000000000000e+01
6.250000000000000000e+01
6.250000000000000000e+01
6.250000000000000000e+01
6.250000000000000000e+01
6.250000000000000000e+01
6.250000000000000000e+01
6.250000000000000000e+01
6.250000000000000000e+01
6.250000000000000000e+01
6.250000000000000000e+01
6.250000000000000000e+01
6.250000000000000000e+01
6.250000000000000000e+01
6.250000000000000000e+01
6.250000000000000000e+01
6.250000000000000000e+01
6.250000000000000000e+01
6.250000000000000000e+01
6.250000000000000000e+01
6.250000000000000000e+01
6.250000000000000000e+01
6.250000000000000000e+01
6.250000000000000000e+01
6.250000000000000000e+01
6.250000000000000000e+01
6.250000000000000000e+01
6.250000000000000000e+01
6.250000000000000000e+01
6.250000000000000000e+01
6.250000000000000000e+01
6.250000000000000000e+01
6.250000000000000000e+01
6.250000000000000000e+01
6.250000000000000000e+01
6.250000000000000000e+01
6.250000000000000000e+01
6.250000000000000000e+01
6.250000000000000000e+01
6.250000000000000000e+01
6.250000000000000000e+01
6.250000000000000000e+01
6.250000000000000000e+01
6.250000000000000000e+01
6.250000000000000000e+01
6.250000000000000000e+01
6.250000000000000000e+01
6.250000000000000000e+01
6.250000000000000000e+01
6.250000000000000000e+01
6.250000000000000000e+01
6.250000000000000000e+01
6.250000000000000000e+01
6.250000000000000000e+01
6.250000000000000000e+01
6.250000000000000000e+01
6.250000000000000000e+01
6.250000000000000000e+01
6.250000000000000000e+01
6.250000000000000000e+01
6.250000000000000000e+01
6.250000000000000000e+01
6.250000000000000000e+01
6.250000000000000000e+01
6.250000000000000000e+01
6.250000000000000000e+01
6.250000000000000000e+01
6.250000000000000000e+01
6.250000000000000000e+01
6.250000000000000000e+01
6.250000000000000000e+01
6.250000000000000000e+01
6.250000000000000000e+01
6.250000000000000000e+01
6.250000000000000000e+01
6.250000000000000000e+01
6.250000000000000000e+01
6.250000000000000000e+01
6.250000000000000000e+01
6.250000000000000000e+01
6.250000000000000000e+01
6.250000000000000000e+01
6.250000000000000000e+01
6.250000000000000000e+01
6.250000000000000000e+01
6.250000000000000000e+01
6.250000000000000000e+01
6.250000000000000000e+01
6.250000000000000000e+01
6.250000000000000000e+01
6.250000000000000000e+01
6.250000000000000000e+01
6.250000000000000000e+01
6.250000000000000000e+01
6.250000000000000000e+01
6.250000000000000000e+01
6.250000000000000000e+01
6.250000000000000000e+01
6.250000000000000000e+01
6.250000000000000000e+01
6.250000000000000000e+01
6.250000000000000000e+01
6.250000000000000000e+01
6.250000000000000000e+01
6.250000000000000000e+01
6.250000000000000000e+01
6.250000000000000000e+01
6.250000000000000000e+01
6.250000000000000000e+01
6.250000000000000000e+01
6.250000000000000000e+01
6.250000000000000000e+01
6.250000000000000000e+01
6.250000000000000000e+01
6.250000000000000000e+01
6.250000000000000000e+01
6.250000000000000000e+01
6.250000000000000000e+01
6.250000000000000000e+01
6.250000000000000000e+01
6.250000000000000000e+01
6.250000000000000000e+01
6.250000000000000000e+01
6.250000000000000000e+01
6.250000000000000000e+01
6.250000000000000000e+01
6.250000000000000000e+01
6.250000000000000000e+01
6.250000000000000000e+01
6.250000000000000000e+01
6.250000000000000000e+01
6.250000000000000000e+01
6.250000000000000000e+01
6.250000000000000000e+01
6.250000000000000000e+01
6.250000000000000000e+01
6.250000000000000000e+01
6.250000000000000000e+01
6.250000000000000000e+01
6.250000000000000000e+01
6.250000000000000000e+01
6.250000000000000000e+01
6.250000000000000000e+01
6.250000000000000000e+01
6.250000000000000000e+01
6.250000000000000000e+01
6.250000000000000000e+01
6.250000000000000000e+01
6.250000000000000000e+01
6.250000000000000000e+01
6.250000000000000000e+01
6.250000000000000000e+01
6.250000000000000000e+01
6.250000000000000000e+01
6.250000000000000000e+01
6.250000000000000000e+01
6.250000000000000000e+01
6.250000000000000000e+01
6.250000000000000000e+01
6.250000000000000000e+01
6.250000000000000000e+01
6.250000000000000000e+01
6.250000000000000000e+01
6.250000000000000000e+01
6.250000000000000000e+01
6.250000000000000000e+01
6.250000000000000000e+01
6.250000000000000000e+01
6.250000000000000000e+01
6.250000000000000000e+01
6.250000000000000000e+01
6.250000000000000000e+01
6.250000000000000000e+01
6.250000000000000000e+01
6.250000000000000000e+01
6.250000000000000000e+01
6.250000000000000000e+01
6.250000000000000000e+01
6.250000000000000000e+01
6.250000000000000000e+01
6.250000000000000000e+01
6.250000000000000000e+01
6.250000000000000000e+01
6.250000000000000000e+01
6.250000000000000000e+01
6.250000000000000000e+01
6.250000000000000000e+01
6.250000000000000000e+01
6.250000000000000000e+01
6.250000000000000000e+01
6.250000000000000000e+01
6.250000000000000000e+01
6.250000000000000000e+01
6.250000000000000000e+01
6.250000000000000000e+01
6.250000000000000000e+01
6.250000000000000000e+01
6.250000000000000000e+01
6.250000000000000000e+01
6.250000000000000000e+01
6.250000000000000000e+01
6.250000000000000000e+01
6.250000000000000000e+01
6.250000000000000000e+01
6.250000000000000000e+01
6.250000000000000000e+01
6.250000000000000000e+01
6.250000000000000000e+01
6.250000000000000000e+01
6.250000000000000000e+01
6.250000000000000000e+01
6.250000000000000000e+01
6.250000000000000000e+01
6.250000000000000000e+01
6.250000000000000000e+01
6.250000000000000000e+01
6.250000000000000000e+01
6.250000000000000000e+01
6.250000000000000000e+01
6.250000000000000000e+01
6.250000000000000000e+01
6.250000000000000000e+01
6.250000000000000000e+01
6.250000000000000000e+01
6.250000000000000000e+01
6.250000000000000000e+01
6.250000000000000000e+01
6.250000000000000000e+01
6.250000000000000000e+01
6.250000000000000000e+01
6.250000000000000000e+01
6.250000000000000000e+01
6.250000000000000000e+01
6.250000000000000000e+01
6.250000000000000000e+01
6.250000000000000000e+01
6.250000000000000000e+01
6.250000000000000000e+01
6.250000000000000000e+01
6.250000000000000000e+01
6.250000000000000000e+01
6.250000000000000000e+01
6.250000000000000000e+01
6.250000000000000000e+01
6.250000000000000000e+01
6.250000000000000000e+01
6.250000000000000000e+01
6.250000000000000000e+01
6.250000000000000000e+01
6.250000000000000000e+01
6.250000000000000000e+01
6.250000000000000000e+01
6.250000000000000000e+01
6.250000000000000000e+01
6.250000000000000000e+01
6.250000000000000000e+01
6.250000000000000000e+01
6.250000000000000000e+01
6.250000000000000000e+01
6.250000000000000000e+01
6.250000000000000000e+01
6.250000000000000000e+01
6.250000000000000000e+01
6.250000000000000000e+01
6.250000000000000000e+01
6.250000000000000000e+01
6.250000000000000000e+01
6.250000000000000000e+01
6.250000000000000000e+01
6.250000000000000000e+01
6.250000000000000000e+01
6.250000000000000000e+01
6.250000000000000000e+01
6.250000000000000000e+01
6.250000000000000000e+01
6.250000000000000000e+01
6.250000000000000000e+01
6.250000000000000000e+01
6.250000000000000000e+01
6.250000000000000000e+01
6.250000000000000000e+01
6.250000000000000000e+01
6.250000000000000000e+01
6.249374999999999858e+01
6.250000000000000000e+01
6.250000000000000000e+01
6.250000000000000000e+01
6.250000000000000000e+01
6.250000000000000000e+01
6.250000000000000000e+01
6.250000000000000000e+01
6.250000000000000000e+01
6.250000000000000000e+01
6.250000000000000000e+01
6.250000000000000000e+01
6.250000000000000000e+01
6.250000000000000000e+01
6.250000000000000000e+01
6.250000000000000000e+01
6.250000000000000000e+01
6.250000000000000000e+01
6.250000000000000000e+01
6.250000000000000000e+01
6.250000000000000000e+01
6.250000000000000000e+01
6.250000000000000000e+01
6.250000000000000000e+01
6.250000000000000000e+01
6.250000000000000000e+01
6.250000000000000000e+01
6.250000000000000000e+01
6.250000000000000000e+01
6.250000000000000000e+01
6.250000000000000000e+01
6.250000000000000000e+01
6.250000000000000000e+01
6.250000000000000000e+01
6.250000000000000000e+01
6.250000000000000000e+01
6.250000000000000000e+01
6.250000000000000000e+01
6.250000000000000000e+01
6.250000000000000000e+01
6.250000000000000000e+01
6.250000000000000000e+01
6.250000000000000000e+01
6.250000000000000000e+01
6.250000000000000000e+01
6.250000000000000000e+01
6.250000000000000000e+01
6.250000000000000000e+01
6.250000000000000000e+01
6.250000000000000000e+01
6.250000000000000000e+01
6.250000000000000000e+01
6.250000000000000000e+01
6.250000000000000000e+01
6.250000000000000000e+01
6.250000000000000000e+01
6.250000000000000000e+01
6.250000000000000000e+01
6.250000000000000000e+01
6.250000000000000000e+01
6.249687500000000284e+01
6.250000000000000000e+01
6.250000000000000000e+01
6.250000000000000000e+01
6.250000000000000000e+01
6.250000000000000000e+01
6.250000000000000000e+01
6.250000000000000000e+01
6.250000000000000000e+01
6.250000000000000000e+01
6.250000000000000000e+01
6.250000000000000000e+01
6.250000000000000000e+01
6.250000000000000000e+01
6.250000000000000000e+01
6.250000000000000000e+01
6.250000000000000000e+01
6.250000000000000000e+01
6.250000000000000000e+01
6.250000000000000000e+01
6.250000000000000000e+01
6.250000000000000000e+01
6.250000000000000000e+01
6.250000000000000000e+01
6.250000000000000000e+01
6.250000000000000000e+01
6.250000000000000000e+01
6.250000000000000000e+01
6.250000000000000000e+01
6.250000000000000000e+01
6.250000000000000000e+01
6.250000000000000000e+01
6.250000000000000000e+01
6.250000000000000000e+01
6.250000000000000000e+01
6.250000000000000000e+01
6.250000000000000000e+01
6.250000000000000000e+01
6.250000000000000000e+01
6.250000000000000000e+01
6.250000000000000000e+01
6.250000000000000000e+01
6.250000000000000000e+01
6.250000000000000000e+01
6.250000000000000000e+01
6.250000000000000000e+01
6.250000000000000000e+01
6.250000000000000000e+01
6.250000000000000000e+01
6.250000000000000000e+01
6.250000000000000000e+01
6.250000000000000000e+01
6.250000000000000000e+01
6.250000000000000000e+01
6.250000000000000000e+01
6.247812499999999858e+01
6.250000000000000000e+01
6.249374999999999858e+01
6.250000000000000000e+01
6.250000000000000000e+01
6.250000000000000000e+01
6.250000000000000000e+01
6.250000000000000000e+01
6.250000000000000000e+01
6.250000000000000000e+01
6.250000000000000000e+01
6.250000000000000000e+01
6.250000000000000000e+01
6.250000000000000000e+01
6.250000000000000000e+01
6.250000000000000000e+01
6.250000000000000000e+01
6.250000000000000000e+01
6.250000000000000000e+01
6.250000000000000000e+01
6.250000000000000000e+01
6.250000000000000000e+01
6.250000000000000000e+01
6.250000000000000000e+01
6.250000000000000000e+01
6.250000000000000000e+01
6.250000000000000000e+01
6.250000000000000000e+01
6.250000000000000000e+01
6.250000000000000000e+01
6.250000000000000000e+01
6.250000000000000000e+01
6.250000000000000000e+01
6.250000000000000000e+01
6.250000000000000000e+01
6.250000000000000000e+01
6.250000000000000000e+01
6.250000000000000000e+01
6.250000000000000000e+01
6.250000000000000000e+01
6.250000000000000000e+01
6.250000000000000000e+01
6.250000000000000000e+01
6.250000000000000000e+01
6.250000000000000000e+01
6.250000000000000000e+01
6.250000000000000000e+01
6.250000000000000000e+01
6.250000000000000000e+01
6.250000000000000000e+01
6.250000000000000000e+01
6.250000000000000000e+01
6.250000000000000000e+01
