1.407812500000000000e+01
1.715312500000000284e+01
1.876562500000000000e+01
2.523749999999999716e+01
2.988750000000000284e+01
3.206250000000000000e+01
3.423749999999999716e+01
3.245000000000000284e+01
3.104999999999999716e+01
3.245937499999999432e+01
3.523749999999999716e+01
3.440937499999999716e+01
3.280312499999999432e+01
3.554375000000000284e+01
3.398437500000000000e+01
3.654375000000000284e+01
3.755624999999999858e+01
3.526562500000000000e+01
3.569374999999999432e+01
3.874374999999999858e+01
4.159375000000000000e+01
4.382812500000000000e+01
4.390625000000000000e+01
4.435937500000000000e+01
4.468437500000000284e+01
4.489687500000000142e+01
4.576874999999999716e+01
4.738437499999999858e+01
5.060625000000000284e+01
4.875312499999999716e+01
5.092187500000000000e+01
5.117812500000000142e+01
5.123125000000000284e+01
5.574062500000000142e+01
5.490937499999999716e+01
4.961562500000000142e+01
5.477812500000000284e+01
5.542812500000000142e+01
5.666250000000000142e+01
5.770624999999999716e+01
5.897187499999999716e+01
5.911562500000000142e+01
6.028437499999999716e+01
6.021562500000000284e+01
6.120624999999999716e+01
6.087187500000000284e+01
6.110312499999999858e+01
6.130312500000000142e+01
6.145000000000000284e+01
6.164687500000000142e+01
6.168124999999999858e+01
6.160625000000000284e+01
6.165937499999999716e+01
6.162187500000000284e+01
6.165625000000000000e+01
6.198437500000000000e+01
6.189062500000000000e+01
6.196562500000000284e+01
6.188125000000000142e+01
6.204375000000000284e+01
6.184375000000000000e+01
6.209375000000000000e+01
6.182187499999999858e+01
6.208749999999999858e+01
6.199374999999999858e+01
6.201562500000000000e+01
6.183124999999999716e+01
6.211874999999999858e+01
6.205624999999999858e+01
6.204999999999999716e+01
6.193124999999999858e+01
6.211249999999999716e+01
6.209062500000000284e+01
6.210312499999999858e+01
6.208437500000000142e+01
6.206875000000000142e+01
6.207500000000000284e+01
6.209062500000000284e+01
6.211562500000000142e+01
6.214062500000000000e+01
6.224374999999999858e+01
6.215625000000000000e+01
6.211874999999999858e+01
6.230937500000000284e+01
6.229687500000000000e+01
6.233749999999999858e+01
6.233124999999999716e+01
6.233749999999999858e+01
6.235312499999999858e+01
6.235937500000000000e+01
6.235312499999999858e+01
6.230624999999999858e+01
6.235312499999999858e+01
6.232187499999999858e+01
6.235312499999999858e+01
6.232812500000000000e+01
6.235625000000000284e+01
6.236249999999999716e+01
6.233749999999999858e+01
6.234375000000000000e+01
6.234375000000000000e+01
6.234687499999999716e+01
6.234062500000000284e+01
6.233749999999999858e+01
6.237812499999999716e+01
6.234062500000000284e+01
6.236874999999999858e+01
6.234375000000000000e+01
6.237187500000000284e+01
6.235625000000000284e+01
6.236874999999999858e+01
6.237500000000000000e+01
6.237812499999999716e+01
6.238750000000000284e+01
6.238750000000000284e+01
6.238750000000000284e+01
6.238750000000000284e+01
6.238437499999999858e+01
6.238750000000000284e+01
6.238437499999999858e+01
6.239062500000000000e+01
6.235937500000000000e+01
6.238750000000000284e+01
6.238125000000000142e+01
6.238750000000000284e+01
6.239374999999999716e+01
6.238437499999999858e+01
6.239062500000000000e+01
6.238750000000000284e+01
6.238750000000000284e+01
6.238750000000000284e+01
6.238125000000000142e+01
6.238750000000000284e+01
6.239062500000000000e+01
6.239374999999999716e+01
6.239687500000000142e+01
6.239374999999999716e+01
6.239687500000000142e+01
6.239999999999999858e+01
6.239999999999999858e+01
6.240312500000000284e+01
6.240625000000000000e+01
6.240312500000000284e+01
6.240312500000000284e+01
6.241250000000000142e+01
6.241562499999999858e+01
6.242187500000000000e+01
6.242187500000000000e+01
6.243750000000000000e+01
6.241875000000000284e+01
6.242499999999999716e+01
6.241562499999999858e+01
6.241562499999999858e+01
6.241875000000000284e+01
6.242187500000000000e+01
6.242187500000000000e+01
6.242187500000000000e+01
6.242187500000000000e+01
6.242187500000000000e+01
6.242187500000000000e+01
6.242187500000000000e+01
6.242187500000000000e+01
6.242499999999999716e+01
6.242187500000000000e+01
6.242812500000000142e+01
6.243124999999999858e+01
6.242499999999999716e+01
6.243124999999999858e+01
6.243124999999999858e+01
6.243750000000000000e+01
6.243124999999999858e+01
6.244062499999999716e+01
6.240625000000000000e+01
6.243750000000000000e+01
6.243124999999999858e+01
6.244062499999999716e+01
6.244062499999999716e+01
6.244687499999999858e+01
6.244687499999999858e+01
6.245000000000000284e+01
6.245624999999999716e+01
6.243124999999999858e+01
6.245624999999999716e+01
6.245312500000000000e+01
6.245624999999999716e+01
6.245312500000000000e+01
6.245312500000000000e+01
6.243750000000000000e+01
6.246249999999999858e+01
6.245937500000000142e+01
6.245937500000000142e+01
6.246562500000000284e+01
6.246562500000000284e+01
6.245312500000000000e+01
6.245312500000000000e+01
6.246875000000000000e+01
6.250000000000000000e+01
6.244375000000000142e+01
6.249374999999999858e+01
6.250000000000000000e+01
6.250000000000000000e+01
6.244687499999999858e+01
6.250000000000000000e+01
6.250000000000000000e+01
6.250000000000000000e+01
6.250000000000000000e+01
6.250000000000000000e+01
6.250000000000000000e+01
6.250000000000000000e+01
6.250000000000000000e+01
6.250000000000000000e+01
6.250000000000000000e+01
6.250000000000000000e+01
6.250000000000000000e+01
6.250000000000000000e+01
6.250000000000000000e+01
6.250000000000000000e+01
6.250000000000000000e+01
6.250000000000000000e+01
6.250000000000000000e+01
6.250000000000000000e+01
6.250000000000000000e+01
6.250000000000000000e+01
6.250000000000000000e+01
6.250000000000000000e+01
6.250000000000000000e+01
6.250000000000000000e+01
6.250000000000000000e+01
6.250000000000000000e+01
6.250000000000000000e+01
6.250000000000000000e+01
6.250000000000000000e+01
6.250000000000000000e+01
6.250000000000000000e+01
6.250000000000000000e+01
6.250000000000000000e+01
6.250000000000000000e+01
6.250000000000000000e+01
6.250000000000000000e+01
6.250000000000000000e+01
6.250000000000000000e+01
6.250000000000000000e+01
6.250000000000000000e+01
6.250000000000000000e+01
6.250000000000000000e+01
6.250000000000000000e+01
6.249062500000000142e+01
6.248125000000000284e+01
6.248125000000000284e+01
6.247812499999999858e+01
6.247500000000000142e+01
6.248125000000000284e+01
6.248125000000000284e+01
6.248125000000000284e+01
6.247812499999999858e+01
6.248437500000000000e+01
6.250000000000000000e+01
6.248749999999999716e+01
6.248749999999999716e+01
6.249374999999999858e+01
6.248437500000000000e+01
6.249374999999999858e+01
6.248749999999999716e+01
6.248437500000000000e+01
6.248749999999999716e+01
6.248437500000000000e+01
6.247812499999999858e+01
6.250000000000000000e+01
6.249374999999999858e+01
6.250000000000000000e+01
6.249374999999999858e+01
6.250000000000000000e+01
6.250000000000000000e+01
6.250000000000000000e+01
6.250000000000000000e+01
6.250000000000000000e+01
6.250000000000000000e+01
6.250000000000000000e+01
6.250000000000000000e+01
6.250000000000000000e+01
6.250000000000000000e+01
6.250000000000000000e+01
6.250000000000000000e+01
6.250000000000000000e+01
6.250000000000000000e+01
6.250000000000000000e+01
6.250000000000000000e+01
6.250000000000000000e+01
6.250000000000000000e+01
6.250000000000000000e+01
6.250000000000000000e+01
6.250000000000000000e+01
6.250000000000000000e+01
6.250000000000000000e+01
6.250000000000000000e+01
6.250000000000000000e+01
6.250000000000000000e+01
6.250000000000000000e+01
6.250000000000000000e+01
6.250000000000000000e+01
6.250000000000000000e+01
6.250000000000000000e+01
6.250000000000000000e+01
6.250000000000000000e+01
6.250000000000000000e+01
6.250000000000000000e+01
6.250000000000000000e+01
6.250000000000000000e+01
6.250000000000000000e+01
6.250000000000000000e+01
6.250000000000000000e+01
6.250000000000000000e+01
6.250000000000000000e+01
6.250000000000000000e+01
6.250000000000000000e+01
6.250000000000000000e+01
6.250000000000000000e+01
6.250000000000000000e+01
6.250000000000000000e+01
6.250000000000000000e+01
6.250000000000000000e+01
6.250000000000000000e+01
6.250000000000000000e+01
6.249687500000000284e+01
6.249687500000000284e+01
6.249062500000000142e+01
6.248749999999999716e+01
6.248437500000000000e+01
6.249374999999999858e+01
6.250000000000000000e+01
6.250000000000000000e+01
6.249374999999999858e+01
6.250000000000000000e+01
6.250000000000000000e+01
6.250000000000000000e+01
6.250000000000000000e+01
6.250000000000000000e+01
6.250000000000000000e+01
6.250000000000000000e+01
6.250000000000000000e+01
6.250000000000000000e+01
6.250000000000000000e+01
6.250000000000000000e+01
6.250000000000000000e+01
6.250000000000000000e+01
6.250000000000000000e+01
6.250000000000000000e+01
6.250000000000000000e+01
6.250000000000000000e+01
6.250000000000000000e+01
6.250000000000000000e+01
6.250000000000000000e+01
6.250000000000000000e+01
6.250000000000000000e+01
6.250000000000000000e+01
6.250000000000000000e+01
6.250000000000000000e+01
6.250000000000000000e+01
6.250000000000000000e+01
6.250000000000000000e+01
6.250000000000000000e+01
6.250000000000000000e+01
6.250000000000000000e+01
6.250000000000000000e+01
6.250000000000000000e+01
6.250000000000000000e+01
6.250000000000000000e+01
6.250000000000000000e+01
6.250000000000000000e+01
6.250000000000000000e+01
6.250000000000000000e+01
6.250000000000000000e+01
6.250000000000000000e+01
6.250000000000000000e+01
6.250000000000000000e+01
6.250000000000000000e+01
6.250000000000000000e+01
6.250000000000000000e+01
6.250000000000000000e+01
6.250000000000000000e+01
6.250000000000000000e+01
6.250000000000000000e+01
6.250000000000000000e+01
6.250000000000000000e+01
6.250000000000000000e+01
6.250000000000000000e+01
6.250000000000000000e+01
6.250000000000000000e+01
6.250000000000000000e+01
6.250000000000000000e+01
6.250000000000000000e+01
6.250000000000000000e+01
6.250000000000000000e+01
6.250000000000000000e+01
6.250000000000000000e+01
6.250000000000000000e+01
6.250000000000000000e+01
6.250000000000000000e+01
6.250000000000000000e+01
6.250000000000000000e+01
6.250000000000000000e+01
6.250000000000000000e+01
6.250000000000000000e+01
6.250000000000000000e+01
6.250000000000000000e+01
6.250000000000000000e+01
6.250000000000000000e+01
6.250000000000000000e+01
6.250000000000000000e+01
6.250000000000000000e+01
6.250000000000000000e+01
6.250000000000000000e+01
6.250000000000000000e+01
6.250000000000000000e+01
6.250000000000000000e+01
6.250000000000000000e+01
6.250000000000000000e+01
6.250000000000000000e+01
6.250000000000000000e+01
6.250000000000000000e+01
6.250000000000000000e+01
6.250000000000000000e+01
6.250000000000000000e+01
6.250000000000000000e+01
6.250000000000000000e+01
6.250000000000000000e+01
6.250000000000000000e+01
6.250000000000000000e+01
6.250000000000000000e+01
6.250000000000000000e+01
6.250000000000000000e+01
6.250000000000000000e+01
6.250000000000000000e+01
6.250000000000000000e+01
6.250000000000000000e+01
6.250000000000000000e+01
6.250000000000000000e+01
6.250000000000000000e+01
6.250000000000000000e+01
6.250000000000000000e+01
6.250000000000000000e+01
6.250000000000000000e+01
6.250000000000000000e+01
6.250000000000000000e+01
6.250000000000000000e+01
6.250000000000000000e+01
6.250000000000000000e+01
6.250000000000000000e+01
6.250000000000000000e+01
6.250000000000000000e+01
6.250000000000000000e+01
6.250000000000000000e+01
6.250000000000000000e+01
6.249687500000000284e+01
6.249687500000000284e+01
6.249374999999999858e+01
6.249062500000000142e+01
6.249062500000000142e+01
6.248749999999999716e+01
6.248437500000000000e+01
6.248437500000000000e+01
6.248437500000000000e+01
6.248437500000000000e+01
6.248437500000000000e+01
6.248749999999999716e+01
6.248749999999999716e+01
6.248749999999999716e+01
6.248437500000000000e+01
6.249374999999999858e+01
6.249062500000000142e+01
6.249374999999999858e+01
6.249062500000000142e+01
6.249062500000000142e+01
6.249062500000000142e+01
6.249062500000000142e+01
6.249374999999999858e+01
6.250000000000000000e+01
6.249374999999999858e+01
6.250000000000000000e+01
6.250000000000000000e+01
6.250000000000000000e+01
6.250000000000000000e+01
6.250000000000000000e+01
6.250000000000000000e+01
6.250000000000000000e+01
6.250000000000000000e+01
6.250000000000000000e+01
6.250000000000000000e+01
6.250000000000000000e+01
6.250000000000000000e+01
6.250000000000000000e+01
6.250000000000000000e+01
6.250000000000000000e+01
6.250000000000000000e+01
6.250000000000000000e+01
6.250000000000000000e+01
6.250000000000000000e+01
6.250000000000000000e+01
6.250000000000000000e+01
6.250000000000000000e+01
6.250000000000000000e+01
6.250000000000000000e+01
6.250000000000000000e+01
6.250000000000000000e+01
6.250000000000000000e+01
6.250000000000000000e+01
6.250000000000000000e+01
6.250000000000000000e+01
6.250000000000000000e+01
6.250000000000000000e+01
6.250000000000000000e+01
6.250000000000000000e+01
6.250000000000000000e+01
6.250000000000000000e+01
6.250000000000000000e+01
6.250000000000000000e+01
6.250000000000000000e+01
6.250000000000000000e+01
6.250000000000000000e+01
6.250000000000000000e+01
6.250000000000000000e+01
6.250000000000000000e+01
6.250000000000000000e+01
6.250000000000000000e+01
6.250000000000000000e+01
6.250000000000000000e+01
6.250000000000000000e+01
6.250000000000000000e+01
6.250000000000000000e+01
6.250000000000000000e+01
6.250000000000000000e+01
6.250000000000000000e+01
6.250000000000000000e+01
6.250000000000000000e+01
6.250000000000000000e+01
6.250000000000000000e+01
6.250000000000000000e+01
6.250000000000000000e+01
6.250000000000000000e+01
6.250000000000000000e+01
6.250000000000000000e+01
6.250000000000000000e+01
6.250000000000000000e+01
6.250000000000000000e+01
6.250000000000000000e+01
6.250000000000000000e+01
6.250000000000000000e+01
6.250000000000000000e+01
6.250000000000000000e+01
6.250000000000000000e+01
6.250000000000000000e+01
6.250000000000000000e+01
6.250000000000000000e+01
6.250000000000000000e+01
6.250000000000000000e+01
6.250000000000000000e+01
6.250000000000000000e+01
6.250000000000000000e+01
6.250000000000000000e+01
6.250000000000000000e+01
6.250000000000000000e+01
6.250000000000000000e+01
6.250000000000000000e+01
6.250000000000000000e+01
6.250000000000000000e+01
6.250000000000000000e+01
6.250000000000000000e+01
6.249687500000000284e+01
6.250000000000000000e+01
6.249687500000000284e+01
6.250000000000000000e+01
6.249687500000000284e+01
6.249687500000000284e+01
6.249687500000000284e+01
6.249687500000000284e+01
6.249687500000000284e+01
6.249687500000000284e+01
6.249687500000000284e+01
6.249687500000000284e+01
6.250000000000000000e+01
6.249687500000000284e+01
6.250000000000000000e+01
6.250000000000000000e+01
6.250000000000000000e+01
6.250000000000000000e+01
6.250000000000000000e+01
6.250000000000000000e+01
6.250000000000000000e+01
6.250000000000000000e+01
6.250000000000000000e+01
6.250000000000000000e+01
6.250000000000000000e+01
6.250000000000000000e+01
6.250000000000000000e+01
6.250000000000000000e+01
6.250000000000000000e+01
6.250000000000000000e+01
6.250000000000000000e+01
6.250000000000000000e+01
6.250000000000000000e+01
6.250000000000000000e+01
6.250000000000000000e+01
6.250000000000000000e+01
6.250000000000000000e+01
6.250000000000000000e+01
6.250000000000000000e+01
6.250000000000000000e+01
6.250000000000000000e+01
6.250000000000000000e+01
6.250000000000000000e+01
6.250000000000000000e+01
6.250000000000000000e+01
6.250000000000000000e+01
6.250000000000000000e+01
6.250000000000000000e+01
6.250000000000000000e+01
6.250000000000000000e+01
6.250000000000000000e+01
6.250000000000000000e+01
6.250000000000000000e+01
6.250000000000000000e+01
6.250000000000000000e+01
6.250000000000000000e+01
6.250000000000000000e+01
6.250000000000000000e+01
6.250000000000000000e+01
6.250000000000000000e+01
6.250000000000000000e+01
6.250000000000000000e+01
6.250000000000000000e+01
6.250000000000000000e+01
6.250000000000000000e+01
6.250000000000000000e+01
6.250000000000000000e+01
6.250000000000000000e+01
6.250000000000000000e+01
6.250000000000000000e+01
6.250000000000000000e+01
6.250000000000000000e+01
6.250000000000000000e+01
6.250000000000000000e+01
6.250000000000000000e+01
6.250000000000000000e+01
6.250000000000000000e+01
6.250000000000000000e+01
6.250000000000000000e+01
6.250000000000000000e+01
6.250000000000000000e+01
6.250000000000000000e+01
6.250000000000000000e+01
6.250000000000000000e+01
6.250000000000000000e+01
6.250000000000000000e+01
6.250000000000000000e+01
6.250000000000000000e+01
6.250000000000000000e+01
6.250000000000000000e+01
6.250000000000000000e+01
6.250000000000000000e+01
6.250000000000000000e+01
6.250000000000000000e+01
6.250000000000000000e+01
6.250000000000000000e+01
6.250000000000000000e+01
6.250000000000000000e+01
6.250000000000000000e+01
6.250000000000000000e+01
6.250000000000000000e+01
6.250000000000000000e+01
6.250000000000000000e+01
6.250000000000000000e+01
6.250000000000000000e+01
6.250000000000000000e+01
6.250000000000000000e+01
6.250000000000000000e+01
6.250000000000000000e+01
6.250000000000000000e+01
6.250000000000000000e+01
6.250000000000000000e+01
6.250000000000000000e+01
6.250000000000000000e+01
6.250000000000000000e+01
6.250000000000000000e+01
6.250000000000000000e+01
6.250000000000000000e+01
6.250000000000000000e+01
6.250000000000000000e+01
6.250000000000000000e+01
6.250000000000000000e+01
6.250000000000000000e+01
6.250000000000000000e+01
6.250000000000000000e+01
6.250000000000000000e+01
6.250000000000000000e+01
6.250000000000000000e+01
6.250000000000000000e+01
6.250000000000000000e+01
6.250000000000000000e+01
6.250000000000000000e+01
6.250000000000000000e+01
6.250000000000000000e+01
6.250000000000000000e+01
6.250000000000000000e+01
6.250000000000000000e+01
6.250000000000000000e+01
6.250000000000000000e+01
6.250000000000000000e+01
6.250000000000000000e+01
6.250000000000000000e+01
6.250000000000000000e+01
6.250000000000000000e+01
6.250000000000000000e+01
6.250000000000000000e+01
6.250000000000000000e+01
6.250000000000000000e+01
6.250000000000000000e+01
6.250000000000000000e+01
6.250000000000000000e+01
6.250000000000000000e+01
6.250000000000000000e+01
6.250000000000000000e+01
6.250000000000000000e+01
6.250000000000000000e+01
6.250000000000000000e+01
6.250000000000000000e+01
6.250000000000000000e+01
6.250000000000000000e+01
6.250000000000000000e+01
6.250000000000000000e+01
6.250000000000000000e+01
6.250000000000000000e+01
6.250000000000000000e+01
6.250000000000000000e+01
6.250000000000000000e+01
6.250000000000000000e+01
6.250000000000000000e+01
6.250000000000000000e+01
6.250000000000000000e+01
6.250000000000000000e+01
6.250000000000000000e+01
6.250000000000000000e+01
6.250000000000000000e+01
6.250000000000000000e+01
6.250000000000000000e+01
6.250000000000000000e+01
6.250000000000000000e+01
6.250000000000000000e+01
6.250000000000000000e+01
6.250000000000000000e+01
6.250000000000000000e+01
6.250000000000000000e+01
6.250000000000000000e+01
6.250000000000000000e+01
6.250000000000000000e+01
6.250000000000000000e+01
6.250000000000000000e+01
6.250000000000000000e+01
6.250000000000000000e+01
6.250000000000000000e+01
6.250000000000000000e+01
6.250000000000000000e+01
6.250000000000000000e+01
6.250000000000000000e+01
6.250000000000000000e+01
6.250000000000000000e+01
6.250000000000000000e+01
6.250000000000000000e+01
6.250000000000000000e+01
6.250000000000000000e+01
6.250000000000000000e+01
6.250000000000000000e+01
6.250000000000000000e+01
6.250000000000000000e+01
6.250000000000000000e+01
6.250000000000000000e+01
6.250000000000000000e+01
6.250000000000000000e+01
6.250000000000000000e+01
6.250000000000000000e+01
6.250000000000000000e+01
6.250000000000000000e+01
6.250000000000000000e+01
6.250000000000000000e+01
6.250000000000000000e+01
6.250000000000000000e+01
6.250000000000000000e+01
6.250000000000000000e+01
6.250000000000000000e+01
6.250000000000000000e+01
6.250000000000000000e+01
6.250000000000000000e+01
6.250000000000000000e+01
6.250000000000000000e+01
6.250000000000000000e+01
6.250000000000000000e+01
6.250000000000000000e+01
6.250000000000000000e+01
6.250000000000000000e+01
6.250000000000000000e+01
6.250000000000000000e+01
6.250000000000000000e+01
6.250000000000000000e+01
6.250000000000000000e+01
6.250000000000000000e+01
6.250000000000000000e+01
6.250000000000000000e+01
6.250000000000000000e+01
6.250000000000000000e+01
6.250000000000000000e+01
6.250000000000000000e+01
6.250000000000000000e+01
6.250000000000000000e+01
6.250000000000000000e+01
6.250000000000000000e+01
6.250000000000000000e+01
6.250000000000000000e+01
6.250000000000000000e+01
6.250000000000000000e+01
6.250000000000000000e+01
6.250000000000000000e+01
6.250000000000000000e+01
6.250000000000000000e+01
6.250000000000000000e+01
6.250000000000000000e+01
6.250000000000000000e+01
6.250000000000000000e+01
6.250000000000000000e+01
6.250000000000000000e+01
6.250000000000000000e+01
6.250000000000000000e+01
6.250000000000000000e+01
6.250000000000000000e+01
6.250000000000000000e+01
6.250000000000000000e+01
6.250000000000000000e+01
6.250000000000000000e+01
6.250000000000000000e+01
6.250000000000000000e+01
6.250000000000000000e+01
6.250000000000000000e+01
6.250000000000000000e+01
6.250000000000000000e+01
6.250000000000000000e+01
6.250000000000000000e+01
6.250000000000000000e+01
6.250000000000000000e+01
6.250000000000000000e+01
6.250000000000000000e+01
6.250000000000000000e+01
6.250000000000000000e+01
6.250000000000000000e+01
6.250000000000000000e+01
6.250000000000000000e+01
6.250000000000000000e+01
6.250000000000000000e+01
6.250000000000000000e+01
6.250000000000000000e+01
6.250000000000000000e+01
6.250000000000000000e+01
6.250000000000000000e+01
6.250000000000000000e+01
6.250000000000000000e+01
6.250000000000000000e+01
6.250000000000000000e+01
6.250000000000000000e+01
6.250000000000000000e+01
6.250000000000000000e+01
6.250000000000000000e+01
6.250000000000000000e+01
6.250000000000000000e+01
6.250000000000000000e+01
6.250000000000000000e+01
6.250000000000000000e+01
6.250000000000000000e+01
6.250000000000000000e+01
6.250000000000000000e+01
6.250000000000000000e+01
6.250000000000000000e+01
6.250000000000000000e+01
6.250000000000000000e+01
6.250000000000000000e+01
6.250000000000000000e+01
6.250000000000000000e+01
6.250000000000000000e+01
6.250000000000000000e+01
6.250000000000000000e+01
6.250000000000000000e+01
6.250000000000000000e+01
6.250000000000000000e+01
6.250000000000000000e+01
6.250000000000000000e+01
6.250000000000000000e+01
6.250000000000000000e+01
6.250000000000000000e+01
6.250000000000000000e+01
6.250000000000000000e+01
6.250000000000000000e+01
6.250000000000000000e+01
6.250000000000000000e+01
6.250000000000000000e+01
6.250000000000000000e+01
6.250000000000000000e+01
6.250000000000000000e+01
6.250000000000000000e+01
6.250000000000000000e+01
6.250000000000000000e+01
6.250000000000000000e+01
6.250000000000000000e+01
6.250000000000000000e+01
6.250000000000000000e+01
6.250000000000000000e+01
6.250000000000000000e+01
6.250000000000000000e+01
6.250000000000000000e+01
6.250000000000000000e+01
6.250000000000000000e+01
6.250000000000000000e+01
6.250000000000000000e+01
6.250000000000000000e+01
6.250000000000000000e+01
6.250000000000000000e+01
6.250000000000000000e+01
6.250000000000000000e+01
6.250000000000000000e+01
6.250000000000000000e+01
6.250000000000000000e+01
6.250000000000000000e+01
6.250000000000000000e+01
6.250000000000000000e+01
6.250000000000000000e+01
6.250000000000000000e+01
6.250000000000000000e+01
6.250000000000000000e+01
6.250000000000000000e+01
6.250000000000000000e+01
6.250000000000000000e+01
6.250000000000000000e+01
6.250000000000000000e+01
6.250000000000000000e+01
6.250000000000000000e+01
6.250000000000000000e+01
6.250000000000000000e+01
6.250000000000000000e+01
6.250000000000000000e+01
6.250000000000000000e+01
6.250000000000000000e+01
6.250000000000000000e+01
6.250000000000000000e+01
6.250000000000000000e+01
6.250000000000000000e+01
6.250000000000000000e+01
6.250000000000000000e+01
6.250000000000000000e+01
6.250000000000000000e+01
6.250000000000000000e+01
6.250000000000000000e+01
6.250000000000000000e+01
6.250000000000000000e+01
6.250000000000000000e+01
6.250000000000000000e+01
6.250000000000000000e+01
6.250000000000000000e+01
6.250000000000000000e+01
6.250000000000000000e+01
6.250000000000000000e+01
