5.438785424175882066e-02
5.290541401420091605e-02
5.177652364718483835e-02
5.150744379029463527e-02
4.974326817176915466e-02
4.864523133476357508e-02
4.785536696681874647e-02
4.709611685716571378e-02
4.675898321226718002e-02
4.568136987701285068e-02
4.509216699089695080e-02
4.437472457902637973e-02
4.407510093461303874e-02
4.421216844371098076e-02
4.399383882452096578e-02
4.345630152393881868e-02
4.309798465033965603e-02
4.297447268197391451e-02
4.307714430812339956e-02
4.236086059136676130e-02
4.103909569886403375e-02
3.913014617747619106e-02
3.852290759655899177e-02
3.823213532943917081e-02
3.805717036959702093e-02
3.767534822627029850e-02
3.731811682010868075e-02
3.657496712397016042e-02
3.505032700344879598e-02
3.520831880863160845e-02
3.418277199878970440e-02
3.406127981414588946e-02
3.367818207836076327e-02
3.261402929451466537e-02
3.301508704120784121e-02
4.430690244342352230e-02
3.243406577056766327e-02
3.201657930806880992e-02
3.142718788057174278e-02
3.072942220866445306e-02
3.025244508397785526e-02
2.988713571086074744e-02
2.913187340764514938e-02
2.912762761001600961e-02
2.842247673796029564e-02
2.826186011960016634e-02
2.784247161048018088e-02
2.740452864399159708e-02
2.720053381383611898e-02
2.663252140273334942e-02
2.644020549944981618e-02
2.654432737685343338e-02
2.617788802601789602e-02
2.600575767150582404e-02
2.593449147122749848e-02
2.548903605533252639e-02
2.548737289086364446e-02
2.555768668223775894e-02
2.556554003832664512e-02
2.506912470353449968e-02
2.541125450825192436e-02
2.507071332087216706e-02
2.525018293812063969e-02
2.494639419378423539e-02
2.497913772668795135e-02
2.485889259044474914e-02
2.498758909757596916e-02
2.475231176718861378e-02
2.482932763279752791e-02
2.466864533201435991e-02
2.479304329214898628e-02
2.466904468465314429e-02
2.459945215858892059e-02
2.463549257631198960e-02
2.459287722710339075e-02
2.455547465025937140e-02
2.460986021989264652e-02
2.450912147775864344e-02
2.450102509909521387e-02
2.441529915070733692e-02
2.434483010928406924e-02
2.435849703332101587e-02
2.438293590322464580e-02
2.426941361632579952e-02
2.423995121457469398e-02
2.419789068198220303e-02
2.415558954253481730e-02
2.411617093656878361e-02
2.408400811357707186e-02
2.405190856941539015e-02
2.400922619482679168e-02
2.409515642506278657e-02
2.407353671554992094e-02
2.406423062998425122e-02
2.405029905675298493e-02
2.402591037433441865e-02
2.402770875095444625e-02
2.401393575297363150e-02
2.401713188147242342e-02
2.400552122239129824e-02
2.400145820851166262e-02
2.399270868367965950e-02
2.398339675952047834e-02
2.397979060989825426e-02
2.395528764503015995e-02
2.397320569773831941e-02
2.394988199319210073e-02
2.396826825624177176e-02
2.399576326663156733e-02
2.395210156486607747e-02
2.396153120570054806e-02
2.394055537176948550e-02
2.394260747765529149e-02
2.391400352551341715e-02
2.390030749273336017e-02
2.387624009486152485e-02
2.386423778079588623e-02
2.386736326094916066e-02
2.385372208788001311e-02
2.384491127265022173e-02
2.383881846646183564e-02
2.381625650019839752e-02
2.383527343239143226e-02
2.381078993183085094e-02
2.381174891387716555e-02
2.379764702734987747e-02
2.379888582538457892e-02
2.380233990412624831e-02
2.378148214304399641e-02
2.377017255252623570e-02
2.377612612626875746e-02
2.376151263351375734e-02
2.375659885738819893e-02
2.375264800256429373e-02
2.373780371406189818e-02
2.373303985374060343e-02
2.373884716700633626e-02
2.372772894989733442e-02
2.373127229952143313e-02
2.372693887652815165e-02
2.371430994280876794e-02
2.370381624709437876e-02
2.369290275940167528e-02
2.369023724950149526e-02
2.368418885668239007e-02
2.367442810294262748e-02
2.366080355826982035e-02
2.366414410530412113e-02
2.364599391733744962e-02
2.366252343870814054e-02
2.365404384676862704e-02
2.366225582613468853e-02
2.365923952408963485e-02
2.365708643752517659e-02
2.365460716587165085e-02
2.364902113933150390e-02
2.365385222164275922e-02
2.364800730073221210e-02
2.364620381813652486e-02
2.364600168457326249e-02
2.364373913840388253e-02
2.364262731315156657e-02
2.364002543616593524e-02
2.363806256610405387e-02
2.363696097319267081e-02
2.363146153789497800e-02
2.364207059512860726e-02
2.363178048908708834e-02
2.363029497376625473e-02
2.362063160086170718e-02
2.361859715612895164e-02
2.362013636837683936e-02
2.365403968870160439e-02
2.362161615531822509e-02
2.362488264251291423e-02
2.362174413317310109e-02
2.361721221245311961e-02
2.361079633711165096e-02
2.361166140885749901e-02
2.360080833163899494e-02
2.359940900104774697e-02
2.362861608119471574e-02
2.359309502252917787e-02
2.360392076399708480e-02
2.359253825950630851e-02
2.360200916892037787e-02
2.359909384374482902e-02
2.360663501777591003e-02
2.358992938851320678e-02
2.358821127846820465e-02
2.358871997980916194e-02
2.358943774516492412e-02
2.358634726546457797e-02
2.359479032135608154e-02
2.358683223773437240e-02
2.357192972014191326e-02
2.354839019168993366e-02
2.360514969210603109e-02
2.354748989882460980e-02
2.354202975894853847e-02
2.353945450352180543e-02
2.359773838948502414e-02
2.354101847921652446e-02
2.354283666886818754e-02
2.354301331474470058e-02
2.354083736452038111e-02
2.354380531580992086e-02
2.354153344270262446e-02
2.354115333471438337e-02
2.354080710214295422e-02
2.354247299399253937e-02
2.354205042188161484e-02
2.354183041302140844e-02
2.353836153761290628e-02
2.353958178532274473e-02
2.353886929572265516e-02
2.353805993213387709e-02
2.353547056256502859e-02
2.353877313864201348e-02
2.353862494000298969e-02
2.353796657729116670e-02
2.353849621790595620e-02
2.353471756928012318e-02
2.353664779867273640e-02
2.353601217050054623e-02
2.353604084763629561e-02
2.353545732019111242e-02
2.353644993467398847e-02
2.353859225949414546e-02
2.353658764414163704e-02
2.353685438971043695e-02
2.353645141328133961e-02
2.353793071439854931e-02
2.353684843967081622e-02
2.353650510733018564e-02
2.353979427613775433e-02
2.353669092172135449e-02
2.353647092716662850e-02
2.353709831856755363e-02
2.353696238631144619e-02
2.353533050629645629e-02
2.353778128047771812e-02
2.353556098794854640e-02
2.353891362224091663e-02
2.353619959523453251e-02
2.353819735575732666e-02
2.353998241119430179e-02
2.355074332017425068e-02
2.354868378043177904e-02
2.355407104840438054e-02
2.355575365870753168e-02
2.354665440808454205e-02
2.354653636796914806e-02
2.354596180077602255e-02
2.354569132986130894e-02
2.353944025560590278e-02
2.353711008959253129e-02
2.354039163071450919e-02
2.354107314348310651e-02
2.353944663349414462e-02
2.354322346072050889e-02
2.353874648299339456e-02
2.353765132635367296e-02
2.354173063519632639e-02
2.353767980227384690e-02
2.354111538861015582e-02
2.354373010710670427e-02
2.353839269419095992e-02
2.353649852744457011e-02
2.353516251445496310e-02
2.353717969741822916e-02
2.353636754367706765e-02
2.353533338475593747e-02
2.353123921950085046e-02
2.352872018698953446e-02
2.352959432334823797e-02
2.352740492430666075e-02
2.352976188688112036e-02
2.352493396076382054e-02
2.352792033041145939e-02
2.352807512685729796e-02
2.352595454914822165e-02
2.352654208247998216e-02
2.352656504270792329e-02
2.352428266418632105e-02
2.352238899623399979e-02
2.352118173250614119e-02
2.352330561775329079e-02
2.352034151508968288e-02
2.351795378063474898e-02
2.352047770572293986e-02
2.351883194981141054e-02
2.351648728750717343e-02
2.351693673336194973e-02
2.351489177881172302e-02
2.351646702477705811e-02
2.351728253346194175e-02
2.351590198731624837e-02
2.351556787413676755e-02
2.351517812461582230e-02
2.351460014388693023e-02
2.351293713228340410e-02
2.351515087728210315e-02
2.351459797345942584e-02
2.351301992224605342e-02
2.351649774218882161e-02
2.351434527719547737e-02
2.351431208484018598e-02
2.351400756754259622e-02
2.351413418631341512e-02
2.351220989371961487e-02
2.351208719503757733e-02
2.351143721265093814e-02
2.351077478780450036e-02
2.351054032418463391e-02
2.350803051258901211e-02
2.350919171874278624e-02
2.351150058074556390e-02
2.351003516260690221e-02
2.351122033308192943e-02
2.351012450565586123e-02
2.351114613652759838e-02
2.351094378811257463e-02
2.351167633146743902e-02
2.351340599039059009e-02
2.351567968533704867e-02
2.351972630169983300e-02
2.352581523853874632e-02
2.351378693693790753e-02
2.351118940904378674e-02
2.351214180716007518e-02
2.351130986337425857e-02
2.350934914296600592e-02
2.350885181234146568e-02
2.350908336057066020e-02
2.350830767558809847e-02
2.350961740529581082e-02
2.350801164781681635e-02
2.350858594738789581e-02
2.350855293051322056e-02
2.350874542272551534e-02
2.350828840739089751e-02
2.350871773405382656e-02
2.350817341062933635e-02
2.350820204554669376e-02
2.350900612045335111e-02
2.350831836030335686e-02
2.350857717773297689e-02
2.350839179363877970e-02
2.350915908982363633e-02
2.350909216312562985e-02
2.350704074115482489e-02
2.350857117679304095e-02
2.350650433388488600e-02
2.350683309290270070e-02
2.350613077043474039e-02
2.350668963251686602e-02
2.350608599453396508e-02
2.350615137631120732e-02
2.350582356515588250e-02
2.350557528284159467e-02
2.350575107166876301e-02
2.350396377248378799e-02
2.350540082579192017e-02
2.350400734892977780e-02
2.350399854602594485e-02
2.350343898794775635e-02
2.350287780863016124e-02
2.350228563414180280e-02
2.350150889780211472e-02
2.350092742221430303e-02
2.350664876436389314e-02
2.350287094132393756e-02
2.350365379835156129e-02
2.350408880153129904e-02
2.350286295705997924e-02
2.350278900232155230e-02
2.350495204122375961e-02
2.350281833251818484e-02
2.350321312581139452e-02
2.350414938415364141e-02
2.350266556819918112e-02
2.350218472312597118e-02
2.350136636174336713e-02
2.350266529536781251e-02
2.350327829389638190e-02
2.350180445692126932e-02
2.350387208973650152e-02
2.350277855237060259e-02
2.350354770161309365e-02
2.350203791643288090e-02
2.350246800791000457e-02
2.350230973299571521e-02
2.350163549090956636e-02
2.350221400076640474e-02
2.350128208208755731e-02
2.350241662604889495e-02
2.350113292895092409e-02
2.350183193209628638e-02
2.349990326513195713e-02
2.350040074280903765e-02
2.349979360225744329e-02
2.349929067078364645e-02
2.349849319056923624e-02
2.349752140540443957e-02
2.349839371002507976e-02
2.349849610132590666e-02
2.349903191698715990e-02
2.349885879713684358e-02
2.349843503983667717e-02
2.349854176821017382e-02
2.349724184966556217e-02
2.349827135599212927e-02
2.349759785239727630e-02
2.349725659827467741e-02
2.349696738833667933e-02
2.349658912542133479e-02
2.349617894362247827e-02
2.349892205423443833e-02
2.349327578433994812e-02
2.349671983776059625e-02
2.349574472592572474e-02
2.349606093104642662e-02
2.349624852145431805e-02
2.349312345275251374e-02
2.349596421878297897e-02
2.349424666986726570e-02
2.349339935155613651e-02
2.349303413208730582e-02
2.349320207270829894e-02
2.349524686194648035e-02
2.349328999187532893e-02
2.349251111314292276e-02
2.349259704957438327e-02
2.349273150765309251e-02
2.349468815698325247e-02
2.349261938467827465e-02
2.349275887831239404e-02
2.349203624968584231e-02
2.349252584218203613e-02
2.349267554376519712e-02
2.349145817755549093e-02
2.349179456794981899e-02
2.349106488555503455e-02
2.349213781470060533e-02
2.349214502693017584e-02
2.349175908891014061e-02
2.349082810487500630e-02
2.348984961746165487e-02
2.349051029903583693e-02
2.349020023483480366e-02
2.348751655589999612e-02
2.349142085924952120e-02
2.348885835649444642e-02
2.349167353073908227e-02
2.349181008393196740e-02
2.349427033238502688e-02
2.349569508508972046e-02
2.349817115685973873e-02
2.350115864910673133e-02
2.350129903289879807e-02
2.350031354387047133e-02
2.349599674312624967e-02
2.349748931862330123e-02
2.349378432540569911e-02
2.349479242427446324e-02
2.349282917588111502e-02
2.349336723728667406e-02
2.348647880073786998e-02
2.349286025582552825e-02
2.348797956416104685e-02
2.349186044710720178e-02
2.349063845354175742e-02
2.349078431493866956e-02
2.349117216930877994e-02
2.348824339338262401e-02
2.348727635159131646e-02
2.348734080596012741e-02
2.348600759045406383e-02
2.348475571290271208e-02
2.348400681163456682e-02
2.348422242623981679e-02
2.348428555718042737e-02
2.348355129771415375e-02
2.348355569191919179e-02
2.348333286642021248e-02
2.348313832216127744e-02
2.348335096433261382e-02
2.348320313048334398e-02
2.348288882915884959e-02
2.348257497992543158e-02
2.348219109940159408e-02
2.348205707503760870e-02
2.348354047934735761e-02
2.348236911165688806e-02
2.348205908076831869e-02
2.348192060151640254e-02
2.348292244767123671e-02
2.348195626507567149e-02
2.348279262779915527e-02
2.348277843153004710e-02
2.348243185531337721e-02
2.348245018634908046e-02
2.348261301083013480e-02
2.348246159941238045e-02
2.348293453488973712e-02
2.348180035705652036e-02
2.348239105775833807e-02
2.348240742395858380e-02
2.348226754719171666e-02
2.348212485675941347e-02
2.348210148846254300e-02
2.348247237131734916e-02
2.348059111528283741e-02
2.348196011430176214e-02
2.348184185018710457e-02
2.348167214889916588e-02
2.348164559226197101e-02
2.348048538807783608e-02
2.348172767233587879e-02
2.348055457599567547e-02
2.348142647618051485e-02
2.348108138702132905e-02
2.348092562298969427e-02
2.348069436919393571e-02
2.348103372040939024e-02
2.348093806246388110e-02
2.348065722259989885e-02
2.348089474779384636e-02
2.348026610407930384e-02
2.348000363160220039e-02
2.348146217593919186e-02
2.347956025855467074e-02
2.348102577237565214e-02
2.348007603850949324e-02
2.348006642857719539e-02
2.348037204712519199e-02
2.348035510989530603e-02
2.348042152869118243e-02
2.348025296060100853e-02
2.348017924026648759e-02
2.348003773240676245e-02
2.347979346779290044e-02
2.348019995101006951e-02
2.347868337887133380e-02
2.348030697601064670e-02
2.347924627748971399e-02
2.348011237452500566e-02
2.348017070609603740e-02
2.348033087034101865e-02
2.348025592534992018e-02
2.348033445177299949e-02
2.347948022828798623e-02
2.348038155364969362e-02
2.348297560066968034e-02
2.348013125215872923e-02
2.348006364955933234e-02
2.348041099242391405e-02
2.348110392559999912e-02
2.347804956445114638e-02
2.348131434041383567e-02
2.347946357003736009e-02
2.348069657589583331e-02
2.348090276724107764e-02
2.348102494141576443e-02
2.348106358511417580e-02
2.348005712873792519e-02
2.348264466657375496e-02
2.348034236109637629e-02
2.348230938193836964e-02
2.348103995644243089e-02
2.348164886128870435e-02
2.348192902801742726e-02
2.348181090983204530e-02
2.348184310441074618e-02
2.348178221852745967e-02
2.348213410111193652e-02
2.348168479140472914e-02
2.348164280051867267e-02
2.348155160091866533e-02
2.348131978675475212e-02
2.348127950981764023e-02
2.348108718556944294e-02
2.348091256331989035e-02
2.348094298830283658e-02
2.348095981967920215e-02
2.348114739939815773e-02
2.348030364290796743e-02
2.348200414989255053e-02
2.348025522680674201e-02
2.348072618285042962e-02
2.348036032567040604e-02
2.348038997317878837e-02
2.348029654419334436e-02
2.348047699157379195e-02
2.347935447819127566e-02
2.347979945494475112e-02
2.348045445414785951e-02
2.347946055997532019e-02
2.348017140201479058e-02
2.348004856005511676e-02
2.347989115572429036e-02
2.348003411834495222e-02
2.347949899199133772e-02
2.348033800847913743e-02
2.347971958305974591e-02
2.347887744449866226e-02
2.347983119982556197e-02
2.347979440737321677e-02
2.348008227616375093e-02
2.347918157838633016e-02
2.347943918761667692e-02
2.347948616448672365e-02
2.347938407216151532e-02
2.347951237133311456e-02
2.347844750286579019e-02
2.347880061430139900e-02
2.348006671068201753e-02
2.347868320730359462e-02
2.347999413369262350e-02
2.347888859320814564e-02
2.347915604260953498e-02
2.347914209526745510e-02
2.347915158747336181e-02
2.347919977749172646e-02
2.347922516546961658e-02
2.347916063138599449e-02
2.347924958425613023e-02
2.347906597962173131e-02
2.347920949334499768e-02
2.347900142134620727e-02
2.347894723702294295e-02
2.347887823839199181e-02
2.347885429068496260e-02
2.347877873261812465e-02
2.348180822362681136e-02
2.347879490676820988e-02
2.347773409376575221e-02
2.347707971692356704e-02
2.348013169035958678e-02
2.347753747059753981e-02
2.347910318085382961e-02
2.347823547562333593e-02
2.347817556818689380e-02
2.347797446131283730e-02
2.347908291286394597e-02
2.347852044953285117e-02
2.347906652111428003e-02
2.347799399381484201e-02
2.347813199837381001e-02
2.347796677101932766e-02
2.347804769512477907e-02
2.347771791315252793e-02
2.347923199960885721e-02
2.347750070378437637e-02
2.347871391949605396e-02
2.347857301255399515e-02
2.347807866952805050e-02
2.347823317326876158e-02
2.347819650004303801e-02
2.347802390859474175e-02
2.347806531153401322e-02
2.347840579104484154e-02
2.347777699345509478e-02
2.347833377616284981e-02
2.347818061814222271e-02
2.347816675246152188e-02
2.347821753220792618e-02
2.347813776461888866e-02
2.347828744543286814e-02
2.347738448495368530e-02
2.347762584199683533e-02
2.347726536536281008e-02
2.347827063732075073e-02
2.347773666390547825e-02
2.347786320783770003e-02
2.347787915477674014e-02
2.347768787603262200e-02
2.347760827226571742e-02
2.347755550540410116e-02
2.347749947182889430e-02
2.347740689218699023e-02
2.347727052605156489e-02
2.347715132252966783e-02
2.347788537547589732e-02
2.347709332187891337e-02
2.347794054666577784e-02
2.347751709819237420e-02
2.347714860309788043e-02
2.347784751359300107e-02
2.347774878445498328e-02
2.347772464766425399e-02
2.347776824560111539e-02
2.347770648001141353e-02
2.347767749820861213e-02
2.347808360760439070e-02
2.347722239731482585e-02
2.347788056964099021e-02
2.347756068409938626e-02
2.347721001866765952e-02
2.347767267145094844e-02
2.347741912407716111e-02
2.347742950395107636e-02
2.347738315644804646e-02
2.347765060114008831e-02
2.347718842158869751e-02
2.347771927829122446e-02
2.347754420971588998e-02
2.347757559428180485e-02
2.347760271835333881e-02
2.347766638085039062e-02
2.347777452535260850e-02
2.347772550741234962e-02
2.347696109201167711e-02
2.347853778595574564e-02
2.347730159470501690e-02
2.347820623268163584e-02
2.347800667602388536e-02
2.347714662794419746e-02
2.347766085761203089e-02
2.347712224157399649e-02
2.347721387326382261e-02
2.347716650267855573e-02
2.347692601451593225e-02
2.347689806346913224e-02
2.347682128017482620e-02
2.347704368879619322e-02
2.347626833339612820e-02
2.347793611215488394e-02
2.347663350058575363e-02
2.347787490780141317e-02
2.347702841961530479e-02
2.347681563660103041e-02
2.347659613772676637e-02
2.347706845069206030e-02
2.347676758583337395e-02
2.347670010276600716e-02
2.347701311694525700e-02
2.347631148763585848e-02
2.347619001023119531e-02
2.347707840466387030e-02
2.347652164696706692e-02
2.347650547036341656e-02
2.347668571297421500e-02
2.347664707467492229e-02
2.347672411592315739e-02
2.347670369962263220e-02
2.347634250755442978e-02
2.347694104696651518e-02
2.347628806812921895e-02
2.347678748918136105e-02
2.347648939701794946e-02
2.347645138406964996e-02
2.347722580910416301e-02
2.347704520138416823e-02
2.347700164527350905e-02
2.347704316481371775e-02
2.347692191501995693e-02
2.347695199775344174e-02
2.347846386848579520e-02
2.347550551314799006e-02
2.347638522486292234e-02
2.347607319888701111e-02
2.347555505316672314e-02
2.347583548063904638e-02
2.347629570901082000e-02
2.347601432715402947e-02
2.347597147960546124e-02
2.347601456958207933e-02
2.347576165264187234e-02
2.347566215320372532e-02
2.347562689672731684e-02
2.347550770278801838e-02
2.347577578257551909e-02
2.347543889927056204e-02
2.347646956547364341e-02
2.347559999690453439e-02
2.347661820156497423e-02
2.347571415362236999e-02
2.347605088563854345e-02
2.347597203445472153e-02
2.347595759035423987e-02
2.347575118812353021e-02
2.347582527287116888e-02
2.347571330858030936e-02
2.347565625932429220e-02
2.347560530075924051e-02
2.347565459865676510e-02
2.347610174494021984e-02
2.347571939405511399e-02
2.347679751029741607e-02
2.347536199860823444e-02
2.347626331442955600e-02
2.347609495522153672e-02
2.347621013206962343e-02
2.347619866419590681e-02
2.347622035950796757e-02
2.347555807480463871e-02
2.347629819596297809e-02
2.347609982721072033e-02
2.347618883787343583e-02
2.347599330824705691e-02
2.347603495143832722e-02
2.347545535482007187e-02
2.347630932496837589e-02
2.347581055441042355e-02
2.347646008811823948e-02
2.347525612200100989e-02
2.347578149615146825e-02
2.347562139866020761e-02
2.347592844127362188e-02
2.347562483304936262e-02
2.347566388138596152e-02
2.347560451874469711e-02
2.347555011557970334e-02
2.347553580650475410e-02
2.347536181030009800e-02
2.347528369995105502e-02
2.347584898230394360e-02
2.347492217381378851e-02
2.347651128070712273e-02
2.347583869132490245e-02
2.347553443586227265e-02
2.347550311890107474e-02
2.347515986293423687e-02
2.347590727944676506e-02
2.347518694351346732e-02
2.347517448428786818e-02
2.347538722069227035e-02
2.347532322697002891e-02
2.347562158843202740e-02
2.347550705543985025e-02
2.347486916094827444e-02
2.347502470651535375e-02
2.347533872673370284e-02
2.347532979143007736e-02
2.347532601738308577e-02
2.347525788834325250e-02
2.347492768982888806e-02
2.347549184339357484e-02
2.347491706044170165e-02
2.347541589148405966e-02
2.347497495938013004e-02
2.347502872188179240e-02
2.347494028276267408e-02
2.347527240799079234e-02
2.347524148180351114e-02
2.347539943880919480e-02
2.347521799777893894e-02
2.347548476124992553e-02
2.347519267903136475e-02
2.347493469812104647e-02
2.347519810346464578e-02
2.347535896591118609e-02
2.347536267994180387e-02
2.347540789821251500e-02
2.347555065884223899e-02
2.347497378315917260e-02
2.347545347778869085e-02
2.347532995353240892e-02
2.347510107735082882e-02
2.347504063471049507e-02
2.347531971511308824e-02
2.347542416968546874e-02
2.347499091167015023e-02
2.347500207866334496e-02
2.347493033196933546e-02
2.347473900182180107e-02
2.347500473896629858e-02
2.347493495462829941e-02
2.347520406564748696e-02
2.347492092354815443e-02
2.347482608242634078e-02
2.347522974834570855e-02
2.347456058686078761e-02
2.347532265358490480e-02
2.347474070221415229e-02
2.347469283023698172e-02
2.347459360723857039e-02
2.347487758048373910e-02
2.347487902546415914e-02
2.347483788776353469e-02
2.347501499620853471e-02
2.347444191838819749e-02
2.347464266756121853e-02
2.347448683834596483e-02
2.347460458471028674e-02
2.347457875088223428e-02
2.347454701865209561e-02
2.347460286414394109e-02
2.347476360872481280e-02
2.347468361725498290e-02
2.347471311531270505e-02
2.347464082112122805e-02
2.347468830284987762e-02
2.347482930993946212e-02
2.347469750274833178e-02
2.347459375672502832e-02
2.347469577841643923e-02
2.347471234818125987e-02
2.347473967075067516e-02
2.347475556075590691e-02
2.347474500285971766e-02
2.347475947556062689e-02
2.347507411089793869e-02
2.347405787907997157e-02
2.347483735129465843e-02
2.347439206994631627e-02
2.347435363671154795e-02
2.347511108821900838e-02
2.347423873698717758e-02
2.347503641191703641e-02
2.347471840825909178e-02
2.347523214863308019e-02
2.347522836522870568e-02
2.347469633455486621e-02
2.347475080160570104e-02
2.347452902234735753e-02
2.347459080597277814e-02
2.347455597144654932e-02
2.347422157697405531e-02
2.347457845064110718e-02
2.347400711648349805e-02
2.347441821989315267e-02
2.347440370611395682e-02
2.347459413877452106e-02
2.347421288088983454e-02
2.347434465632872169e-02
2.347425905945457747e-02
2.347423291537494711e-02
2.347450511698025849e-02
2.347418366494283953e-02
2.347414166768418964e-02
2.347472743424277794e-02
2.347385663396919786e-02
2.347425480917948379e-02
2.347436935499814387e-02
2.347434453228682341e-02
2.347437030217081402e-02
2.347444104248383109e-02
2.347418296442617056e-02
2.347405908447194184e-02
2.347396632290784518e-02
2.347390587034778667e-02
2.347424706089581634e-02
2.347404729069418189e-02
2.347454723423204881e-02
2.347438736642093460e-02
2.347348019809499323e-02
2.347463140627338921e-02
2.347363773040612653e-02
2.347423181922327073e-02
2.347408547849224106e-02
2.347400959958789030e-02
2.347402199461182115e-02
2.347365354201377471e-02
2.347396450035029933e-02
2.347382866890193251e-02
2.347376173173823175e-02
2.347381092339163172e-02
2.347397151363430495e-02
2.347400296165450331e-02
2.347402952926072942e-02
2.347409249545333310e-02
2.347313797162752999e-02
