9.491139109339398472e-02
9.295128529900513470e-02
9.335499658954210522e-02
9.220446042167897149e-02
8.796324992027536316e-02
8.729642636275339318e-02
8.750637290070616137e-02
8.738598412504526569e-02
8.681458062885548388e-02
8.253791278966653155e-02
8.110134311548605757e-02
8.292458822752767078e-02
8.310058642817291785e-02
8.097308524790827744e-02
7.847862864743591904e-02
7.908992845598178389e-02
7.773045904789421812e-02
7.580273590031798292e-02
7.444004095224428241e-02
7.320594788748101267e-02
7.225304626885502290e-02
7.017931171438640536e-02
6.887597640425066614e-02
6.903303964769828827e-02
6.793862120953811368e-02
6.590006779719670416e-02
6.633884548176377516e-02
6.404236016248085472e-02
6.393348872021832607e-02
6.379479022325990067e-02
6.372321310644757375e-02
6.322651717507810076e-02
6.217277660597125832e-02
6.108423634955612025e-02
6.171010342146099337e-02
6.140315654240904863e-02
5.996305784024229951e-02
6.146728570561498656e-02
5.944817184202062094e-02
5.919102740375755539e-02
5.864782640500335043e-02
5.947043441258976354e-02
5.821285086336813741e-02
5.795348166868016099e-02
5.833202690753517411e-02
5.755307698450050358e-02
5.716430963738786120e-02
5.680924048196098197e-02
5.663304994982527873e-02
5.663970882631550602e-02
5.633345622515487788e-02
5.568613086150876745e-02
5.592365466122011658e-02
5.453266582013986674e-02
5.552795266149923581e-02
5.435950365161534154e-02
5.511259604268444606e-02
5.429538854428512390e-02
5.459186755017290948e-02
5.482794572957578466e-02
5.434913529661873632e-02
5.316772073951998856e-02
5.290945255017164700e-02
5.371039320272931461e-02
5.391471864040121159e-02
5.238815514540836465e-02
5.316212476373376183e-02
5.352569602850755504e-02
5.363815677283282485e-02
5.277740603284859083e-02
5.319016416096789684e-02
5.271479304103154906e-02
5.256308665723825185e-02
5.287626551326988361e-02
5.246694130271940121e-02
5.235757034442212882e-02
5.117018965176587525e-02
5.128947072151088249e-02
5.117555074260306258e-02
5.110214440669492986e-02
5.200318784458283355e-02
5.162567257052825404e-02
5.074021831888082812e-02
5.143281514803952487e-02
5.187976280142603952e-02
5.118526531888316355e-02
5.076799694509630256e-02
5.029733394919497225e-02
5.094948010278929629e-02
5.118987386182353994e-02
5.076454996478511200e-02
5.055238545118422022e-02
5.190677360660137657e-02
5.065156886132098080e-02
5.194248932615061487e-02
5.008794916600251002e-02
5.028250079213117396e-02
5.065368474052937137e-02
5.029492765900171747e-02
5.048438320043132504e-02
4.958842495907957171e-02
5.003592516741779683e-02
4.938755740943515798e-02
5.058383461394361236e-02
5.005752618076320798e-02
4.986864061585304098e-02
4.995208967538103395e-02
4.918459491923362487e-02
4.981364293944535310e-02
4.991283262293822603e-02
4.915573671709672771e-02
4.955696605960942941e-02
4.923020901859634368e-02
4.943830566019537937e-02
4.935829894147476804e-02
4.905773895114816374e-02
4.812460871259020834e-02
4.893746568664600338e-02
4.948027462795766968e-02
4.930806998973021743e-02
4.852303750544399719e-02
4.816490328577442692e-02
4.789109727788500720e-02
4.828718540941016185e-02
4.797456975395075068e-02
4.833024644050248897e-02
4.799183724870358797e-02
4.816290857594456715e-02
4.691378750182027824e-02
4.853439338029665040e-02
4.821723510422202402e-02
4.837492003451641931e-02
4.845457208156365991e-02
4.776188713404386915e-02
4.782891700284663122e-02
4.796410221543370017e-02
4.679390401001332772e-02
4.790924630720512500e-02
4.744347669560426001e-02
4.734753810565134335e-02
4.699769142718523973e-02
4.789732402834114694e-02
4.651895038338151739e-02
4.770549631721269362e-02
4.736844936692320707e-02
4.770199851741677155e-02
4.686811857082555377e-02
4.753100255201275770e-02
4.786538330192417756e-02
4.648568989279555641e-02
4.681744439641417205e-02
4.737975404736199242e-02
4.733514318705829560e-02
4.670108148229763084e-02
4.679630543902261325e-02
4.808649144980883111e-02
4.718100670685454467e-02
4.740494974979882897e-02
4.711472819563681386e-02
4.589768018396471472e-02
4.684405503563321416e-02
4.717779711664394499e-02
4.719127710388679176e-02
4.702235612092692946e-02
4.708814457427767247e-02
4.626771524815852243e-02
4.699960767440752168e-02
4.698445087309610635e-02
4.694939707266805595e-02
4.699177380618561883e-02
4.739259628204176705e-02
4.759440208866196759e-02
4.663531248535370682e-02
4.686895638601686065e-02
4.744386435833879145e-02
4.761548994949810210e-02
4.732415044820786204e-02
4.675106516717063981e-02
4.670003262421654894e-02
4.705792489453362176e-02
4.680944279189730439e-02
4.698430211860603334e-02
4.688741979652745473e-02
4.637649507730703946e-02
4.649870874246998104e-02
4.711025816908374908e-02
4.783375328281336963e-02
4.683992243924420262e-02
4.701281857751136301e-02
4.693954742412735637e-02
4.808169681871005130e-02
4.720361931329528082e-02
4.643714611372953827e-02
4.636323405532721126e-02
4.645038692248332907e-02
4.672352945596368323e-02
4.638835548808905446e-02
4.613190230544538667e-02
4.671245354891995910e-02
4.629770395585012382e-02
4.648299173754576186e-02
4.667264510975444730e-02
4.608665204176793512e-02
4.662949257247182150e-02
4.739776353585021390e-02
4.753921881726023285e-02
4.672636683273818231e-02
4.635479824512318825e-02
4.607107312776085456e-02
4.657630146081408878e-02
4.733821379042833788e-02
4.542877808129384271e-02
4.644141100085090457e-02
4.633901913536418726e-02
4.637783816422639399e-02
4.599783148643309810e-02
4.637241389209120074e-02
4.656777799968542242e-02
4.663769548363781714e-02
4.683403602903380564e-02
4.577875793766245094e-02
4.675945050975389289e-02
4.617160088436188942e-02
4.534441369225867408e-02
4.638484325972192651e-02
4.592652325515922396e-02
4.640561044437387095e-02
4.658547378203737460e-02
4.584487987879858756e-02
4.661898672079647921e-02
4.597183971517965206e-02
4.631667689373616947e-02
4.600760831550113755e-02
4.649842388923319109e-02
4.669036233892574078e-02
4.632547924833832487e-02
4.636310640947272077e-02
4.641205898735322605e-02
4.609716674276600340e-02
4.564319488081184512e-02
4.648713330989089065e-02
4.558987304895351783e-02
4.612813621406207376e-02
4.649524519869864536e-02
4.588777771152426077e-02
4.620690881156023361e-02
4.583281264930813559e-02
4.657093015238911865e-02
4.596052534988007143e-02
4.630769072970153388e-02
4.643000239396564283e-02
4.657906974066597372e-02
4.537011903775527155e-02
4.558354871246592804e-02
4.552371281640388984e-02
4.624698469677977763e-02
4.651025408491613056e-02
4.645395578429343392e-02
4.569248536885103795e-02
4.601553534065796341e-02
4.705522349565367801e-02
4.670834367934373343e-02
4.704948352413396845e-02
4.554579353628114557e-02
4.684424955246753453e-02
4.499393124932562354e-02
