1.356458333333333144e+01
1.378749999999999432e+01
1.470104166666666856e+01
1.733958333333333712e+01
1.725729166666666003e+01
1.533958333333333712e+01
1.640729166666666572e+01
1.628229166666666572e+01
1.883645833333333997e+01
2.061562499999999432e+01
1.820937499999999432e+01
1.779166666666667140e+01
1.887604166666666572e+01
2.055416666666666003e+01
1.961145833333333144e+01
2.026770833333333144e+01
2.179062500000000568e+01
2.186458333333332860e+01
2.301666666666666572e+01
2.305520833333333997e+01
2.447499999999999432e+01
2.580104166666666288e+01
2.531458333333333144e+01
2.613854166666666856e+01
2.795833333333332860e+01
2.717499999999999716e+01
2.938333333333333997e+01
2.943750000000000000e+01
2.912395833333333428e+01
2.895312500000000000e+01
2.922187499999999716e+01
2.986041666666666572e+01
3.068437500000000284e+01
3.008854166666667140e+01
3.000104166666666572e+01
3.121875000000000000e+01
2.916875000000000284e+01
3.130625000000000568e+01
3.105416666666666003e+01
3.166875000000000284e+01
3.044479166666666003e+01
3.161145833333333144e+01
3.149791666666666856e+01
3.107604166666666856e+01
3.166249999999999432e+01
3.180208333333332860e+01
3.198749999999999716e+01
3.237083333333333712e+01
3.164166666666666572e+01
3.198854166666666288e+01
3.276041666666667140e+01
3.219687500000000568e+01
3.378229166666666572e+01
3.282395833333333712e+01
3.369479166666666003e+01
3.263854166666666856e+01
3.341145833333332860e+01
3.320104166666666856e+01
3.293437500000000284e+01
3.334479166666666572e+01
3.443437500000000284e+01
3.451145833333333712e+01
3.351874999999999716e+01
3.306145833333333428e+01
3.453437499999999716e+01
3.359375000000000000e+01
3.327708333333333712e+01
3.300729166666666003e+01
3.365937499999999716e+01
3.304062500000000568e+01
3.371666666666666856e+01
3.371562500000000284e+01
3.337083333333333712e+01
3.373125000000000284e+01
3.407187500000000568e+01
3.534687499999999716e+01
3.474583333333333712e+01
3.495729166666666288e+01
3.496250000000000568e+01
3.344270833333332860e+01
3.408020833333333144e+01
3.524583333333333712e+01
3.440208333333333712e+01
3.385312500000000568e+01
3.493125000000000568e+01
3.501250000000000284e+01
3.549166666666666003e+01
3.477500000000000568e+01
3.411249999999999716e+01
3.483750000000000568e+01
3.522291666666666288e+01
3.328229166666666572e+01
3.474479166666667140e+01
3.361458333333332860e+01
3.547499999999999432e+01
3.514583333333332860e+01
3.463124999999999432e+01
3.482812500000000000e+01
3.450520833333332860e+01
3.562604166666666572e+01
3.503020833333333428e+01
3.575000000000000000e+01
3.409375000000000000e+01
3.476770833333333144e+01
3.523854166666666288e+01
3.505416666666666003e+01
3.574583333333333712e+01
3.499062499999999432e+01
3.474791666666666856e+01
3.553333333333333144e+01
3.514166666666666572e+01
3.545937499999999432e+01
3.546041666666666003e+01
3.533645833333333997e+01
3.578020833333333428e+01
3.672187499999999716e+01
3.542916666666666003e+01
3.522499999999999432e+01
3.545416666666666572e+01
3.631666666666666998e+01
3.660520833333333002e+01
3.707187499999999858e+01
3.646666666666666856e+01
3.685520833333333002e+01
3.636874999999999858e+01
3.704999999999999716e+01
3.670937500000000142e+01
3.814687500000000142e+01
3.609687499999999716e+01
3.619062499999999716e+01
3.634583333333333144e+01
3.596562500000000284e+01
3.698854166666666998e+01
3.695416666666666572e+01
3.683749999999999858e+01
3.814479166666666998e+01
3.682604166666666856e+01
3.731979166666666714e+01
3.717499999999999716e+01
3.758958333333333002e+01
3.633958333333333002e+01
3.851666666666666572e+01
3.666458333333333286e+01
3.717812500000000142e+01
3.683124999999999716e+01
3.795208333333333428e+01
3.685937500000000000e+01
3.663020833333333570e+01
3.817708333333333570e+01
3.772187499999999716e+01
3.729479166666666856e+01
3.691979166666666856e+01
3.781666666666666998e+01
3.762083333333333002e+01
3.594166666666666288e+01
3.706354166666666572e+01
3.695416666666666572e+01
3.720520833333333144e+01
3.885833333333333428e+01
3.769895833333333002e+01
3.730208333333333570e+01
3.690833333333333144e+01
3.731666666666666998e+01
3.714895833333333286e+01
3.815625000000000000e+01
3.739166666666666572e+01
3.745208333333333428e+01
3.726041666666666430e+01
3.733437500000000142e+01
3.671458333333333002e+01
3.657187499999999858e+01
3.774062500000000142e+01
3.761041666666666572e+01
3.674166666666666714e+01
3.626874999999999716e+01
3.684270833333333428e+01
3.747916666666666430e+01
3.761874999999999858e+01
3.693645833333333428e+01
3.776354166666666856e+01
3.708854166666666430e+01
3.727395833333333286e+01
3.826250000000000284e+01
3.768645833333333428e+01
3.723437500000000000e+01
3.620833333333333570e+01
3.730520833333333286e+01
3.702916666666666856e+01
3.728125000000000000e+01
3.573437500000000000e+01
3.689687500000000142e+01
3.763958333333333428e+01
3.769270833333333570e+01
3.785625000000000284e+01
3.743541666666666856e+01
3.773645833333333144e+01
3.817499999999999716e+01
3.733124999999999716e+01
3.769062499999999716e+01
3.773749999999999716e+01
3.749687500000000284e+01
3.816041666666666998e+01
3.728958333333333286e+01
3.674895833333333428e+01
3.619791666666666430e+01
3.732812500000000000e+01
3.772187499999999716e+01
3.811874999999999858e+01
3.748958333333333570e+01
3.631770833333333570e+01
3.885937500000000000e+01
3.772187499999999716e+01
3.763229166666666714e+01
3.796458333333333002e+01
3.816562499999999858e+01
3.776874999999999716e+01
3.724687500000000284e+01
3.761666666666666714e+01
3.727708333333333002e+01
3.835729166666666856e+01
3.687500000000000000e+01
3.800208333333333144e+01
3.901354166666666856e+01
3.754583333333333428e+01
3.818229166666666430e+01
3.774687500000000284e+01
3.742708333333333570e+01
3.859270833333333428e+01
3.728125000000000000e+01
3.829583333333333428e+01
3.780208333333333570e+01
3.827499999999999858e+01
3.756666666666666998e+01
3.704270833333333002e+01
3.757083333333333286e+01
3.735625000000000284e+01
3.741979166666666856e+01
3.806875000000000142e+01
3.852708333333333002e+01
3.732604166666666856e+01
3.847916666666666430e+01
3.804479166666666856e+01
3.761041666666666572e+01
3.817604166666666998e+01
3.790104166666666430e+01
3.830624999999999858e+01
3.747916666666666430e+01
3.820729166666666998e+01
3.764270833333333144e+01
3.769062499999999716e+01
3.713125000000000142e+01
3.865416666666666856e+01
3.845520833333333144e+01
3.854062499999999858e+01
3.774062500000000142e+01
3.744479166666666714e+01
3.752812500000000284e+01
3.839374999999999716e+01
3.787395833333333428e+01
3.652187500000000142e+01
3.720416666666666572e+01
3.643541666666666856e+01
3.880624999999999858e+01
3.677499999999999858e+01
3.969166666666666998e+01
3.819895833333333002e+01
