9.189470029745006041e-02
9.320207983302816745e-02
9.192019644641515053e-02
8.711617683650321742e-02
8.628516707078186243e-02
8.718651214344397271e-02
8.708384061773138951e-02
8.568143558359352097e-02
8.265515041836600518e-02
8.053685109477928816e-02
8.229093249867268367e-02
8.330528728096031621e-02
8.052056975377276660e-02
7.950022241158757885e-02
7.821903132095664457e-02
7.766906696775993657e-02
7.495585807086004027e-02
7.513492477739375230e-02
7.121377802189145234e-02
7.118611561583844394e-02
7.028847704932152107e-02
6.853061652393140080e-02
6.801394034810147315e-02
6.742516377219821833e-02
6.599646577454880425e-02
6.638976101880809944e-02
6.379442811568718230e-02
6.347076089912556673e-02
6.093912881766859468e-02
6.296035254647501522e-02
6.211472913952034713e-02
6.079642007584704078e-02
6.098988557932696897e-02
5.940506366845385577e-02
6.014426883439966814e-02
5.948768196394998292e-02
6.026674575966010916e-02
6.179808858382541265e-02
5.911677816181065692e-02
5.905109566520472947e-02
5.652204818320283319e-02
5.809605461057548020e-02
5.738245666044664017e-02
5.661128286957339134e-02
5.792482048670509476e-02
5.785954432251697727e-02
5.550408864457951480e-02
5.546990321146233471e-02
5.485763966846712858e-02
5.534019978635649345e-02
5.596102297036070067e-02
5.446456312329708838e-02
5.555496029282077503e-02
5.460586984170154312e-02
5.344683830609747721e-02
5.527193276628974278e-02
5.665072528547627356e-02
5.320528198460254543e-02
5.426178490078507888e-02
5.455783119236718576e-02
5.446029484110021662e-02
5.198969857158235869e-02
5.283865250574783234e-02
5.477942632994409894e-02
5.361631098875069279e-02
5.371985468157571691e-02
5.279927075967107836e-02
5.341492470555719158e-02
5.394414945959679492e-02
5.309496876203952109e-02
5.249915008356403900e-02
5.071647961145264727e-02
5.250384767180301532e-02
5.044955064852505583e-02
5.227504143125909220e-02
5.182101003705173736e-02
5.162155071891778857e-02
5.052995977951937889e-02
5.084366165353317035e-02
5.101101374831851915e-02
5.054038606832864794e-02
5.071014753377952461e-02
4.988221122093470378e-02
5.063506164479050775e-02
5.149118924179502815e-02
5.151032425066549847e-02
5.009360983500623504e-02
4.921444303987128344e-02
4.930789596458482610e-02
5.076954777086813836e-02
5.020423979105951423e-02
4.954904080618142970e-02
4.925347097849375189e-02
5.063719659211265989e-02
4.770569943452807743e-02
5.124054210472014925e-02
5.029535035100698992e-02
4.935931329478082663e-02
4.923152027689089300e-02
4.827957561170012624e-02
4.884610725882508608e-02
4.937790069777117652e-02
4.922459936037917871e-02
4.864277321438493368e-02
4.862803597468111361e-02
5.021894426283043250e-02
4.943737601200882958e-02
4.852584171591058093e-02
4.834648942242096570e-02
4.861288817359271652e-02
4.968396150945675327e-02
4.875300221132409378e-02
4.943826610269747707e-02
4.977338215922784415e-02
4.905764703470753829e-02
4.805280787019187289e-02
4.874480486630373977e-02
4.832900080931796377e-02
4.922342129036358371e-02
4.867503246645791398e-02
4.861004517142959030e-02
4.805172367632624952e-02
4.875099430528714861e-02
4.775771889462997188e-02
4.739559502951541659e-02
4.806141134887294275e-02
4.968677590565920982e-02
4.713387626634714389e-02
5.082291772132831870e-02
4.814452467708976724e-02
4.922835301972541128e-02
4.777935836653451895e-02
4.816373690179051592e-02
4.802748415688069122e-02
4.906864692021796481e-02
4.812833357673270557e-02
5.026053947237218295e-02
4.795462212621944692e-02
4.845885983716742562e-02
4.772010427109023289e-02
4.891618844799060922e-02
4.616563914391825368e-02
4.742473866440287400e-02
4.921379618561161351e-02
4.811364216295588303e-02
4.941875501353611838e-02
4.763378155181324791e-02
4.604308388060123630e-02
4.674403879027588804e-02
4.784174535683878571e-02
4.726290191069894980e-02
4.612670661587607579e-02
4.683024065274952324e-02
4.789914074803330174e-02
4.731993219611123347e-02
4.642364721542485695e-02
4.500895950512630306e-02
4.719183146487081204e-02
4.645579777364489821e-02
4.656761149676336836e-02
4.653647108693124979e-02
4.637056792478459755e-02
4.688030296651347212e-02
4.662236120534234141e-02
4.697517049283263940e-02
4.589868783572492728e-02
4.714373107958103742e-02
4.710551961450699238e-02
4.653611182953992786e-02
4.677101511661235778e-02
4.622933679812212676e-02
4.684151260517439852e-02
4.719073568721916107e-02
4.639011996143714567e-02
4.658281689238605999e-02
4.690255658248493331e-02
4.644004079710960242e-02
4.560732133817366890e-02
4.723814060516974556e-02
4.789247204337466340e-02
4.618620070213404205e-02
4.723788172513385814e-02
4.566550788680701772e-02
4.717911676951429961e-02
4.687518283067046432e-02
4.605413369092076215e-02
4.544912892744104593e-02
4.512490394453839287e-02
4.695313199418760935e-02
4.719168344576961382e-02
4.581579345023729932e-02
4.670762201385286055e-02
4.573507313773828714e-02
4.610326195773644525e-02
4.584796116457045406e-02
4.490234066081055103e-02
4.525063487103931498e-02
4.458300243935726243e-02
4.552714830482775671e-02
4.706652410156583755e-02
4.505640525592864709e-02
4.649675165600441334e-02
4.609161734802616484e-02
4.681318678436725833e-02
4.580291309934132055e-02
4.541849874665760539e-02
4.643091857574686843e-02
4.460776058561237434e-02
4.635551407093695120e-02
4.651092204791027612e-02
4.642848554581797266e-02
4.609536546023839526e-02
4.501702054854580387e-02
4.591657365908399097e-02
4.521707385042970928e-02
4.696209279466651010e-02
4.605968726912691019e-02
4.530521802375340329e-02
4.560080203967849938e-02
4.583104044994449483e-02
4.546471635858762017e-02
4.717002094622695790e-02
4.545849865124228228e-02
4.605691670173472224e-02
4.680952427342403160e-02
4.537109875993612651e-02
4.508057955953094498e-02
4.517144067097863397e-02
4.511949311781469213e-02
4.560895401316893832e-02
4.600914151545063002e-02
4.541276541614861634e-02
4.441340345623303459e-02
4.585045263531974807e-02
4.574075749212442449e-02
4.717461774151403969e-02
4.595628378142924131e-02
4.640157961163968170e-02
4.655045083956761698e-02
4.610469727597353573e-02
4.438060370891747097e-02
4.702832970498423137e-02
4.605264420176388013e-02
4.660911349529354292e-02
4.548018583929115677e-02
4.519689118136725053e-02
4.684955082615240018e-02
4.667597333347859451e-02
4.677485694316012299e-02
4.490735665851781910e-02
4.536367419899569459e-02
4.425362041202492852e-02
4.567838332070697088e-02
4.756847376393223692e-02
4.509850223007306341e-02
4.460477142019274310e-02
4.480877484349474194e-02
4.541876673434917105e-02
4.601046903379157893e-02
4.598138245236721433e-02
4.515753323283105275e-02
4.455036479870115584e-02
4.409289524986151343e-02
4.595256802305271171e-02
4.665415555385816343e-02
4.614542236020663379e-02
