1.454687500000000000e+01
1.395000000000000284e+01
1.463750000000000284e+01
1.783437499999999432e+01
1.744062499999999716e+01
1.587187500000000284e+01
1.669374999999999432e+01
1.714062500000000000e+01
1.854687500000000000e+01
2.094687500000000568e+01
1.826874999999999716e+01
1.758124999999999716e+01
1.932812500000000000e+01
2.000000000000000000e+01
2.034062500000000284e+01
2.023437500000000000e+01
2.227187499999999432e+01
2.127812500000000284e+01
2.429375000000000284e+01
2.418750000000000000e+01
2.450312499999999716e+01
2.614687499999999432e+01
2.670937499999999432e+01
2.671250000000000568e+01
2.815937499999999716e+01
2.732500000000000284e+01
3.003125000000000000e+01
3.007500000000000284e+01
3.195624999999999716e+01
3.000624999999999432e+01
3.030312499999999432e+01
3.181250000000000000e+01
3.115312500000000284e+01
3.237812499999999716e+01
3.185312500000000568e+01
3.187500000000000000e+01
3.068437500000000284e+01
2.885937500000000000e+01
3.091249999999999432e+01
3.123749999999999716e+01
3.369062499999999716e+01
3.163437500000000568e+01
3.190000000000000568e+01
3.309687499999999716e+01
3.140937499999999716e+01
3.149062499999999432e+01
3.351874999999999716e+01
3.363750000000000284e+01
3.391875000000000284e+01
3.324375000000000568e+01
3.241562500000000568e+01
3.410625000000000284e+01
3.273437500000000000e+01
3.371250000000000568e+01
3.472187499999999716e+01
3.250624999999999432e+01
3.093125000000000568e+01
3.512500000000000000e+01
3.334999999999999432e+01
3.328749999999999432e+01
3.351874999999999716e+01
3.540000000000000568e+01
3.462812499999999716e+01
3.216249999999999432e+01
3.333124999999999716e+01
3.366249999999999432e+01
3.389687499999999432e+01
3.339687499999999432e+01
3.285312500000000568e+01
3.396875000000000000e+01
3.407500000000000284e+01
3.641250000000000142e+01
3.411875000000000568e+01
3.625937499999999858e+01
3.462500000000000000e+01
3.459375000000000000e+01
3.515000000000000568e+01
3.658437500000000142e+01
3.578437499999999716e+01
3.515000000000000568e+01
3.563437500000000568e+01
3.561562499999999432e+01
3.609687499999999716e+01
3.565312500000000284e+01
3.434062500000000284e+01
3.470312500000000000e+01
3.622187499999999716e+01
3.727187500000000142e+01
3.695937500000000142e+01
3.479687500000000000e+01
3.574375000000000568e+01
3.661562500000000142e+01
3.667187500000000000e+01
3.515312500000000284e+01
3.866875000000000284e+01
3.434687499999999716e+01
3.507187500000000568e+01
3.634687499999999716e+01
3.612812499999999716e+01
3.797187499999999716e+01
3.704999999999999716e+01
3.601250000000000284e+01
3.625625000000000142e+01
3.679999999999999716e+01
3.737812499999999716e+01
3.500624999999999432e+01
3.567812499999999432e+01
3.739687500000000142e+01
3.720000000000000284e+01
3.704375000000000284e+01
3.573125000000000284e+01
3.690312500000000284e+01
3.587187500000000284e+01
3.525312499999999716e+01
3.590312500000000284e+01
3.744375000000000142e+01
3.621562500000000284e+01
3.716250000000000142e+01
3.561562499999999432e+01
3.632812500000000000e+01
3.616250000000000142e+01
3.752812500000000284e+01
3.657187499999999858e+01
3.720937500000000142e+01
3.816875000000000284e+01
3.730937500000000284e+01
3.569687500000000568e+01
3.884687499999999716e+01
3.354375000000000284e+01
3.709375000000000000e+01
3.588124999999999432e+01
3.744687499999999858e+01
3.693437500000000284e+01
3.685625000000000284e+01
3.523437500000000000e+01
3.688437499999999858e+01
3.403749999999999432e+01
3.720312500000000000e+01
3.674062500000000142e+01
3.710937500000000000e+01
3.539687499999999432e+01
3.964687500000000142e+01
3.792499999999999716e+01
3.502187499999999432e+01
3.663125000000000142e+01
3.505312499999999432e+01
3.764999999999999858e+01
3.979999999999999716e+01
3.840625000000000000e+01
3.704687500000000000e+01
3.753125000000000000e+01
3.958437500000000142e+01
3.879999999999999716e+01
3.694687499999999858e+01
3.716562499999999858e+01
3.887812499999999716e+01
4.050000000000000000e+01
3.730624999999999858e+01
3.844687499999999858e+01
3.850937499999999858e+01
3.776874999999999716e+01
3.883437500000000142e+01
3.746875000000000000e+01
3.791562499999999858e+01
3.785000000000000142e+01
3.923749999999999716e+01
3.743437500000000284e+01
3.749687500000000284e+01
3.874374999999999858e+01
3.800312499999999716e+01
3.891875000000000284e+01
3.766875000000000284e+01
3.718437500000000284e+01
3.853125000000000000e+01
3.794687499999999858e+01
3.769062499999999716e+01
3.853437499999999716e+01
3.941875000000000284e+01
3.713750000000000284e+01
3.680937500000000284e+01
3.857187499999999858e+01
3.693124999999999858e+01
3.939687500000000142e+01
3.759062500000000284e+01
3.807812500000000000e+01
3.896562500000000284e+01
3.961562500000000142e+01
4.014374999999999716e+01
3.777187500000000142e+01
3.729999999999999716e+01
3.909062500000000284e+01
3.781562499999999716e+01
3.884062500000000284e+01
3.858437500000000142e+01
3.897812499999999858e+01
4.069687499999999858e+01
3.994687499999999858e+01
4.056250000000000000e+01
3.933749999999999858e+01
3.715937499999999716e+01
4.012812499999999716e+01
3.821562500000000284e+01
3.882812500000000000e+01
3.780312500000000142e+01
3.925000000000000000e+01
3.961874999999999858e+01
3.830312500000000142e+01
4.015937499999999716e+01
3.817187500000000000e+01
3.819687499999999858e+01
3.790312500000000284e+01
3.863437499999999858e+01
3.998437500000000000e+01
3.930937500000000284e+01
3.979687500000000000e+01
3.783749999999999858e+01
3.896562500000000284e+01
3.911874999999999858e+01
3.907187499999999858e+01
3.853750000000000142e+01
3.951562500000000000e+01
3.748749999999999716e+01
3.950937499999999858e+01
3.884062500000000284e+01
3.783124999999999716e+01
3.919062499999999716e+01
3.983749999999999858e+01
3.975000000000000000e+01
4.011874999999999858e+01
3.921562500000000284e+01
3.867499999999999716e+01
3.950937499999999858e+01
4.096875000000000000e+01
3.908124999999999716e+01
3.875625000000000142e+01
3.732187499999999858e+01
3.872812499999999858e+01
3.818437500000000284e+01
3.833124999999999716e+01
3.851562500000000000e+01
4.084062500000000284e+01
3.741875000000000284e+01
3.841875000000000284e+01
3.776562500000000000e+01
3.924374999999999858e+01
3.957187499999999858e+01
3.748749999999999716e+01
3.760000000000000142e+01
3.791875000000000284e+01
4.025625000000000142e+01
3.949687500000000284e+01
4.099687500000000284e+01
3.874687500000000284e+01
3.626250000000000284e+01
4.011874999999999858e+01
4.014374999999999716e+01
4.029062499999999858e+01
3.952187500000000142e+01
3.869375000000000142e+01
3.858437500000000142e+01
3.964687500000000142e+01
4.040312500000000284e+01
4.145312500000000000e+01
3.818750000000000000e+01
3.741250000000000142e+01
3.870312500000000000e+01
