7.772247285333587496e-02
7.951865016333209413e-02
8.178161306421970200e-02
7.846963826350096538e-02
6.436497494269390052e-02
6.725020805095960341e-02
7.221203087088386152e-02
6.412931018236794900e-02
6.046964067207868943e-02
5.937558776356762630e-02
5.841043198391038943e-02
5.887069706441282191e-02
5.800287311659273193e-02
5.472416500873728690e-02
5.528894717001871933e-02
5.484352502580876199e-02
5.201100642474874858e-02
5.070113845933860858e-02
5.233427944840736423e-02
5.313592306360682277e-02
5.118610206839020738e-02
4.902599974222580925e-02
4.727473020157715172e-02
4.998238859476987483e-02
4.948253171634766495e-02
5.426339269779699437e-02
5.780382173093819020e-02
5.731920363378459338e-02
5.527679773273599245e-02
5.156844530858777781e-02
4.587577201621465678e-02
4.429316365985450782e-02
4.587877055881253024e-02
4.258780911228726707e-02
4.112265497816314230e-02
3.970912584246199389e-02
3.944069672029155982e-02
3.781077276812771365e-02
3.713212610363497701e-02
3.597829050721775002e-02
3.492392411737427205e-02
3.396436058831114185e-02
3.328171602565944270e-02
3.250921373140498033e-02
3.161561790282901852e-02
3.093186393346609997e-02
3.020375601840903645e-02
2.964216923729501643e-02
2.935141835078753508e-02
2.873848955597912286e-02
2.854305930743184991e-02
2.805094857631061298e-02
2.755405519261501512e-02
2.725808646129405932e-02
2.735895864787248055e-02
2.697059585217518110e-02
2.666334513657290378e-02
2.713197557509684429e-02
2.675711579426920048e-02
2.622195952975833050e-02
2.612853956124115001e-02
2.607853436380018833e-02
2.585799164393078747e-02
2.575778586148840671e-02
2.550897398911014524e-02
2.535417466595620353e-02
2.528033051155251579e-02
2.498192337542151295e-02
2.482759363080397352e-02
2.468544942922379359e-02
2.465622463202360448e-02
2.457520435141045956e-02
2.447170463083947825e-02
2.436660657469813876e-02
2.429667245446748280e-02
2.425299948943493780e-02
2.423565973699556841e-02
2.419154246536767139e-02
2.417726181169221888e-02
2.411574011609051230e-02
2.407822762169209777e-02
2.403452538021403836e-02
2.399424571548488400e-02
2.395852042069515631e-02
2.392839373301513736e-02
2.391882922147404306e-02
2.389899876279270516e-02
2.388963262832866086e-02
2.386424818816905088e-02
2.384125648488027646e-02
2.381828139410525555e-02
2.388188979483941293e-02
2.391401103717676405e-02
2.379646356006333632e-02
2.378571778465459960e-02
2.377895078175087940e-02
2.376697004458562870e-02
2.389576621055215788e-02
2.573549533616425675e-02
2.449474514771658729e-02
2.380243772800055141e-02
2.375058017390633755e-02
2.374149119836971647e-02
2.373373233540023927e-02
2.392883397765686870e-02
2.423609151083196481e-02
2.456798032265421552e-02
2.450873056850599169e-02
2.422493427436338623e-02
2.428760035006677365e-02
2.396754772486406337e-02
2.385608354696261424e-02
2.375582887843953606e-02
2.377389972250677080e-02
2.373791592154488733e-02
2.372776871128551637e-02
2.371358571313973707e-02
2.370221713334867697e-02
2.369623738645159489e-02
2.369863718970739372e-02
2.368654660886188382e-02
2.367981276914484651e-02
2.367480244938514194e-02
2.366909421000870997e-02
2.366455447156441336e-02
2.365786810356478032e-02
2.365282685683787675e-02
2.364764632938185993e-02
2.364327481252739838e-02
2.364967452631405731e-02
2.367887926478890945e-02
2.363742152400373844e-02
2.363395591791912081e-02
2.363014499979761845e-02
2.362741953197742412e-02
2.362691034625579931e-02
2.362276664828109884e-02
2.361888647260532506e-02
2.573531353435410535e-02
2.370124117722390011e-02
2.467935059297098055e-02
2.544966975807011478e-02
2.383726011415189180e-02
2.507273551127158287e-02
2.411885352607890179e-02
2.369077115907997771e-02
2.400777654314476678e-02
2.416010892676042146e-02
2.418499775688504744e-02
2.391042273622007858e-02
2.381664162599892928e-02
2.375960982436704089e-02
2.366309420138677441e-02
2.363699934873192410e-02
2.367066699235564897e-02
2.370141727236212484e-02
2.366083441614047489e-02
2.367376616173715032e-02
2.363961932310911646e-02
2.363326336787833354e-02
2.362438593309755530e-02
2.361726221640795750e-02
2.363281932570580196e-02
2.361710489244655403e-02
2.362898412953884017e-02
2.361741359547577662e-02
2.361817798731232279e-02
2.361718516913087831e-02
2.361056152894696128e-02
2.361287348162818822e-02
2.361153748338730429e-02
2.360687651700486486e-02
2.360577263788142532e-02
2.360581238480143756e-02
2.360409604357350741e-02
2.360126326093801158e-02
2.359990156672221034e-02
2.359836790457910810e-02
2.359703676199596117e-02
2.359506004645499713e-02
2.359370018998250759e-02
2.359183494499836331e-02
