1.392708333333332860e+01
1.196250000000000568e+01
1.012812499999999716e+01
1.898333333333333428e+01
1.402604166666667140e+01
1.323541666666666572e+01
1.566770833333333712e+01
1.323437500000000000e+01
2.174166666666666003e+01
2.106354166666666572e+01
1.524166666666666003e+01
1.453541666666666288e+01
2.512187500000000284e+01
2.287083333333333712e+01
1.815416666666666856e+01
2.671562500000000284e+01
3.095208333333333428e+01
3.112500000000000000e+01
2.332812500000000000e+01
2.560312500000000568e+01
3.435937500000000000e+01
3.835104166666666714e+01
3.251666666666666572e+01
3.193854166666666572e+01
2.584687499999999716e+01
2.101354166666666856e+01
1.927187499999999432e+01
2.621250000000000568e+01
3.313645833333333712e+01
3.869583333333333286e+01
3.953437499999999716e+01
3.866041666666666998e+01
4.259062500000000284e+01
4.520937500000000142e+01
4.625729166666666714e+01
4.537916666666666998e+01
4.878541666666666998e+01
5.049895833333333428e+01
5.431666666666666998e+01
5.372500000000000142e+01
5.454479166666666856e+01
5.414374999999999716e+01
5.617708333333333570e+01
5.645937500000000142e+01
5.759166666666666856e+01
5.731250000000000000e+01
5.821354166666666430e+01
5.822604166666666714e+01
5.827395833333333286e+01
5.852291666666666714e+01
5.882812500000000000e+01
5.942812500000000142e+01
5.923437500000000000e+01
5.956979166666666714e+01
5.988125000000000142e+01
6.012604166666666572e+01
5.963020833333333570e+01
5.923645833333333144e+01
6.063854166666666856e+01
6.058124999999999716e+01
6.058020833333333144e+01
6.070937500000000142e+01
6.096979166666666572e+01
6.114479166666666998e+01
6.120312500000000000e+01
6.120208333333333428e+01
6.140937499999999716e+01
6.148749999999999716e+01
6.164062500000000000e+01
6.157187499999999858e+01
6.171458333333333002e+01
6.175833333333333286e+01
6.182291666666666430e+01
6.188125000000000142e+01
6.193541666666666856e+01
6.194583333333333286e+01
6.203229166666666572e+01
6.199791666666666856e+01
6.210625000000000284e+01
6.208541666666666714e+01
6.215937499999999716e+01
6.218541666666666856e+01
6.225312499999999716e+01
6.225729166666666714e+01
6.229270833333333002e+01
6.227604166666666430e+01
6.228854166666666714e+01
6.231458333333333144e+01
6.233020833333333144e+01
6.234687499999999716e+01
6.228229166666666572e+01
6.225833333333333286e+01
6.236354166666666998e+01
6.235729166666666856e+01
6.236874999999999858e+01
6.237291666666666856e+01
6.225416666666666998e+01
6.059166666666666856e+01
6.170416666666666572e+01
6.234791666666666998e+01
6.238229166666666714e+01
6.238854166666666856e+01
6.239166666666666572e+01
6.221249999999999858e+01
6.193020833333333286e+01
6.158437500000000142e+01
6.163958333333333428e+01
6.188854166666666856e+01
6.181979166666666714e+01
6.212604166666666572e+01
6.224166666666666714e+01
6.234791666666666998e+01
6.234166666666666856e+01
6.236145833333333144e+01
6.236770833333333286e+01
6.237916666666666998e+01
6.238750000000000284e+01
6.238750000000000284e+01
6.238541666666666430e+01
6.239270833333333144e+01
6.239479166666666998e+01
6.238854166666666856e+01
6.239791666666666714e+01
6.239687500000000142e+01
6.239999999999999858e+01
6.239791666666666714e+01
6.239999999999999858e+01
6.240104166666666430e+01
6.239270833333333144e+01
6.236770833333333286e+01
6.240416666666666856e+01
6.240625000000000000e+01
6.240625000000000000e+01
6.240729166666666572e+01
6.240625000000000000e+01
6.241041666666666998e+01
6.241145833333333570e+01
6.039895833333333286e+01
6.233645833333333286e+01
6.139791666666666714e+01
6.063333333333333286e+01
6.219270833333333570e+01
6.096979166666666572e+01
6.191979166666666856e+01
6.234583333333333144e+01
6.201979166666666998e+01
6.186041666666666572e+01
6.183749999999999858e+01
6.210625000000000284e+01
6.220000000000000284e+01
6.226562500000000000e+01
6.236770833333333286e+01
6.238958333333333428e+01
6.235833333333333428e+01
6.231770833333333570e+01
6.237083333333333002e+01
6.235312499999999858e+01
6.239062500000000000e+01
6.239479166666666998e+01
6.240937499999999716e+01
6.241458333333333286e+01
6.239479166666666998e+01
6.241666666666666430e+01
6.240416666666666856e+01
6.241354166666666714e+01
6.241041666666666998e+01
6.241041666666666998e+01
6.241875000000000284e+01
6.241458333333333286e+01
6.241145833333333570e+01
6.241875000000000284e+01
6.242083333333333428e+01
6.241875000000000284e+01
6.242083333333333428e+01
6.241875000000000284e+01
6.242604166666666998e+01
6.242604166666666998e+01
6.242499999999999716e+01
6.242812500000000142e+01
6.242604166666666998e+01
6.242708333333333570e+01
6.242812500000000142e+01
