1.438750000000000284e+01
1.349062499999999432e+01
8.228125000000005684e+00
1.970624999999999716e+01
1.340312500000000284e+01
1.349687500000000284e+01
1.470937499999999432e+01
1.409062500000000284e+01
2.164062500000000000e+01
2.194062499999999716e+01
1.436562499999999432e+01
1.576250000000000284e+01
2.554999999999999716e+01
2.203749999999999432e+01
1.867812499999999432e+01
2.590937499999999716e+01
3.087812499999999716e+01
3.173437500000000000e+01
2.404062500000000568e+01
2.666249999999999432e+01
3.245312500000000000e+01
3.911562500000000142e+01
3.215937499999999716e+01
3.060625000000000284e+01
2.485937500000000000e+01
2.038437500000000568e+01
1.916875000000000284e+01
2.730312499999999432e+01
3.403749999999999432e+01
4.046249999999999858e+01
4.030312500000000142e+01
3.988437499999999858e+01
4.316562499999999858e+01
4.470624999999999716e+01
4.646249999999999858e+01
4.537500000000000000e+01
4.672187499999999716e+01
5.060000000000000142e+01
5.467812500000000142e+01
5.488750000000000284e+01
5.569375000000000142e+01
5.514999999999999858e+01
5.738750000000000284e+01
5.748437500000000000e+01
5.856250000000000000e+01
5.837187500000000284e+01
5.926874999999999716e+01
5.907500000000000284e+01
5.898749999999999716e+01
5.928437499999999716e+01
5.962812499999999716e+01
6.017812500000000142e+01
6.009375000000000000e+01
5.956250000000000000e+01
6.058749999999999858e+01
6.057500000000000284e+01
5.975937499999999858e+01
6.014999999999999858e+01
6.084062500000000284e+01
6.081562499999999716e+01
6.110625000000000284e+01
6.080312500000000142e+01
6.121875000000000000e+01
6.133124999999999716e+01
6.134375000000000000e+01
6.154062499999999858e+01
6.162812499999999716e+01
6.167499999999999716e+01
6.182812500000000000e+01
6.168750000000000000e+01
6.192812500000000142e+01
6.190625000000000000e+01
6.198125000000000284e+01
6.205624999999999858e+01
6.209687499999999716e+01
6.211874999999999858e+01
6.223749999999999716e+01
6.214687500000000142e+01
6.224687500000000284e+01
6.220937500000000142e+01
6.221875000000000000e+01
6.211249999999999716e+01
6.214999999999999858e+01
6.210000000000000142e+01
6.214062500000000000e+01
6.218124999999999858e+01
6.213125000000000142e+01
6.211874999999999858e+01
6.211874999999999858e+01
6.211874999999999858e+01
6.202187500000000142e+01
6.174062500000000142e+01
6.231562499999999716e+01
6.226874999999999716e+01
6.228437499999999716e+01
6.225312499999999716e+01
6.228750000000000142e+01
5.985312499999999858e+01
6.203125000000000000e+01
6.235312499999999858e+01
6.232812500000000000e+01
6.231875000000000142e+01
6.232187499999999858e+01
6.232500000000000284e+01
6.216250000000000142e+01
6.136874999999999858e+01
6.145937500000000142e+01
6.171875000000000000e+01
6.165937499999999716e+01
6.211874999999999858e+01
6.223437500000000000e+01
6.226874999999999716e+01
6.223125000000000284e+01
6.228125000000000000e+01
6.234687499999999716e+01
6.234062500000000284e+01
6.234687499999999716e+01
6.233437500000000142e+01
6.233749999999999858e+01
6.235000000000000142e+01
6.234687499999999716e+01
6.234687499999999716e+01
6.235312499999999858e+01
6.236874999999999858e+01
6.235937500000000000e+01
6.235937500000000000e+01
6.236562500000000142e+01
6.235625000000000284e+01
6.236249999999999716e+01
6.229999999999999716e+01
6.235625000000000284e+01
6.235937500000000000e+01
6.235937500000000000e+01
6.236249999999999716e+01
6.236562500000000142e+01
6.236249999999999716e+01
6.236874999999999858e+01
6.050937499999999858e+01
6.239062500000000000e+01
6.166250000000000142e+01
6.062812499999999716e+01
6.234062500000000284e+01
6.135312499999999858e+01
6.219687499999999858e+01
6.240312500000000284e+01
6.231562499999999716e+01
6.200312499999999716e+01
6.198437500000000000e+01
6.223749999999999716e+01
6.226874999999999716e+01
6.238125000000000142e+01
6.239999999999999858e+01
6.240625000000000000e+01
6.240312500000000284e+01
6.241875000000000284e+01
6.240312500000000284e+01
6.240312500000000284e+01
6.242187500000000000e+01
6.242187500000000000e+01
6.242499999999999716e+01
6.242499999999999716e+01
6.242187500000000000e+01
6.242499999999999716e+01
6.242187500000000000e+01
6.212187500000000284e+01
6.211562500000000142e+01
6.212500000000000000e+01
6.241250000000000142e+01
6.211562500000000142e+01
6.210625000000000284e+01
6.209375000000000000e+01
6.145312500000000000e+01
6.114999999999999858e+01
6.025937499999999858e+01
6.024062500000000142e+01
6.025000000000000000e+01
6.022187499999999716e+01
5.989999999999999858e+01
5.960625000000000284e+01
5.958749999999999858e+01
5.956875000000000142e+01
5.986562500000000142e+01
