7.877811774903654973e-02
7.889379604067230101e-02
8.166156076842484568e-02
6.331497774082417429e-02
6.768076278831702819e-02
7.155029970592984012e-02
6.594112957141565201e-02
6.008917554526658350e-02
5.969108270807844951e-02
5.800626351374233575e-02
5.849892712882525520e-02
5.734056781952703852e-02
5.499509725692932477e-02
5.531958844061113378e-02
5.528347585625201233e-02
5.121659603588094023e-02
5.045431352806866582e-02
5.229427049748489043e-02
5.236339353843987021e-02
5.111389959530303340e-02
4.956325838331745309e-02
4.672522833801942554e-02
4.979369686027260850e-02
4.987994084428198222e-02
5.479781121689603074e-02
5.860268286743943594e-02
5.751144734813955911e-02
5.496563927042685122e-02
5.175031163238021786e-02
4.559022577839631080e-02
4.413714868470198366e-02
4.557952271810541273e-02
4.245419619454247895e-02
4.150567791366327475e-02
3.961194530584052215e-02
3.894212403919981164e-02
3.808918308772892003e-02
3.704147896485086161e-02
3.613026228606652096e-02
3.454908366752345444e-02
3.363193725850015942e-02
3.271620948457445305e-02
3.227992229160423637e-02
3.130156646068702614e-02
3.074812344403213618e-02
2.981976282507470960e-02
2.924254194556981379e-02
2.904579095271889524e-02
2.853769135580538213e-02
2.823589817763543300e-02
2.759350974025618838e-02
2.718040626107500607e-02
2.674370894208964386e-02
2.733364031597212973e-02
2.650684074629302417e-02
2.638594244485019391e-02
2.697648835003195120e-02
2.632508211799127959e-02
2.590393682524113478e-02
2.589787515134686635e-02
2.560661696109063287e-02
2.572467792845721871e-02
2.553630523622315088e-02
2.531795035101335953e-02
2.525324769373085698e-02
2.499349808103371387e-02
2.484114649332041028e-02
2.473664887263695572e-02
2.459854742315402756e-02
2.468306208101258767e-02
2.446397816943663220e-02
2.439883375263164969e-02
2.430855650598804513e-02
2.421321689963007104e-02
2.419831625779745796e-02
2.420098086944469720e-02
2.413094424756557013e-02
2.415336693798182319e-02
2.410644977690087898e-02
2.406151427398285289e-02
2.412870471484158605e-02
2.421120560595458465e-02
2.421939823738961800e-02
2.423934461178502836e-02
2.423967716708519404e-02
2.414137493604295512e-02
2.419848739176599234e-02
2.420717765918517159e-02
2.421500539303713187e-02
2.420862243586919746e-02
2.434144837263984770e-02
2.462703343969109213e-02
2.402430495421799261e-02
2.399573512772524425e-02
2.399391577671939821e-02
2.401530346938866856e-02
2.400518422072861827e-02
2.665602693235426951e-02
2.422656302290909086e-02
2.395436061489347040e-02
2.392947880082297446e-02
2.394412819569046239e-02
2.392677035888591056e-02
2.393233940478997970e-02
2.411379418553367265e-02
2.498752826256711926e-02
2.486192532701956767e-02
2.454844308905344483e-02
2.459198193835246057e-02
2.413718464287651147e-02
2.403720609287126470e-02
2.399306193144216601e-02
2.407601521047898416e-02
2.391132747045371029e-02
2.392294917082101249e-02
2.388100447981236427e-02
2.393171035888613102e-02
2.389360933442488330e-02
2.390618986772946597e-02
2.387279417855244640e-02
2.387979659019437081e-02
2.387908123594413914e-02
2.385886800963692156e-02
2.384799616672976519e-02
2.384382666813133697e-02
2.383592077291636635e-02
2.383219100039960306e-02
2.383121938492708050e-02
2.383870974360326189e-02
2.389139626886839854e-02
2.383800660723158285e-02
2.381987685685648184e-02
2.382847155298389169e-02
2.381554339817718025e-02
2.382450776034671092e-02
2.383639317287097534e-02
2.382393578275859153e-02
2.578136323538261776e-02
2.381463259178513703e-02
2.450215290382286998e-02
2.554941751575043329e-02
2.385036376238008904e-02
2.482157787259690537e-02
2.397937443135167782e-02
2.379236399058040283e-02
2.385944797571752651e-02
2.415725692023504984e-02
2.416362470532304810e-02
2.394918573232592343e-02
2.393711999662370693e-02
2.380236783033696374e-02
2.380449411466408968e-02
2.378664297252241350e-02
2.379903881551675635e-02
2.378664647928880466e-02
2.379233711912761423e-02
2.380436462076831322e-02
2.378478453333580239e-02
2.379869130735962762e-02
2.380913004024293525e-02
2.382577680238609844e-02
2.385013896388285190e-02
2.383063913700413441e-02
2.386601965511960313e-02
2.427683224426226485e-02
2.430655392783345400e-02
2.426166333727270905e-02
2.388183092655168233e-02
2.428176972718403340e-02
2.432731945612124497e-02
2.435793094566981662e-02
2.521446737741020461e-02
2.559161488426914960e-02
2.681374286144640184e-02
2.690995198394520796e-02
2.683058122262756834e-02
2.687727295890950455e-02
2.736593698030356792e-02
2.777760451413001375e-02
2.787364668841795998e-02
2.802061838837752866e-02
2.779326437792651108e-02
