2.500000000000000000e+01
2.375000000000000000e+01
2.166666666666666785e+01
2.333333333333333215e+01
2.541666666666666785e+01
2.791666666666666785e+01
2.041666666666666785e+01
2.208333333333333215e+01
1.875000000000000000e+01
1.541666666666666607e+01
1.791666666666666785e+01
1.375000000000000000e+01
1.583333333333333393e+01
1.916666666666666785e+01
1.541666666666666607e+01
1.416666666666666607e+01
1.083333333333333393e+01
1.875000000000000000e+01
1.750000000000000000e+01
1.750000000000000000e+01
1.583333333333333393e+01
