8.333333333333332593e-01
1.985188208261932763e+00
2.199536988314350072e+00
2.481412381569699566e+00
2.081943981172582614e+00
2.679871818382916882e+00
2.392358591354905695e+00
2.406828634131244815e+00
2.019866607256803892e+00
2.257959173596730373e+00
2.179714983067145617e+00
1.985188208261932763e+00
2.035563440062362339e+00
2.683109031342944206e+00
2.179714983067145617e+00
2.018433569398327965e+00
1.838376900863810670e+00
1.932003853228271506e+00
1.728036779443976823e+00
2.327373340628156928e+00
1.948408657416687007e+00
