4.564354645876384176e+00
1.087332362558324128e+01
1.204736024566746622e+01
1.359125535858340861e+01
1.140327681950334338e+01
1.467826246150711356e+01
1.310348766126365483e+01
1.318274334963031080e+01
1.106326503945979489e+01
1.236735173304652413e+01
1.193879065157866926e+01
1.087332362558324128e+01
1.114924013354971066e+01
1.469599340712366420e+01
1.193879065157866926e+01
1.105541596785133507e+01
1.006920497799547576e+01
1.058202091600024453e+01
9.464847243000455990e+00
1.274754878398196212e+01
1.067187372905474874e+01
