8.791666666666667140e+01
9.416666666666667140e+01
9.125000000000000000e+01
5.208333333333333570e+01
1.875000000000000000e+01
1.791666666666666785e+01
1.083333333333333393e+01
1.375000000000000000e+01
1.416666666666666607e+01
1.500000000000000000e+01
1.541666666666666607e+01
1.041666666666666607e+01
8.333333333333333925e+00
9.166666666666666075e+00
1.125000000000000000e+01
1.375000000000000000e+01
1.916666666666666785e+01
1.583333333333333393e+01
1.458333333333333393e+01
1.416666666666666607e+01
9.583333333333333925e+00
