4.096633667709062565e-01
1.638653467083625248e+00
1.461306493062515033e+00
4.605376286552570697e+00
2.185018433687815786e+00
2.477911680487481672e+00
1.529039882724765098e+00
2.308649196199178188e+00
2.018433569398327965e+00
2.386303510546059048e+00
2.406828634131244815e+00
1.871137997959371857e+00
2.069397836909907973e+00
2.119136791417850496e+00
1.895718861012887446e+00
2.070795606631529395e+00
2.102687874197284756e+00
2.035563440062362783e+00
2.288507924067233468e+00
1.838376900863810892e+00
1.926003826772091143e+00
