2.243818669639376484e+00
8.975274678557507713e+00
8.003905296791060664e+00
2.522468477944218890e+01
1.196783884695422628e+01
1.357208122908527592e+01
8.374896350934076139e+00
1.264499242124459855e+01
1.105541596785133329e+01
1.307032261779843552e+01
1.318274334963031080e+01
1.024864489687403513e+01
1.133455875727953455e+01
1.160699023098676896e+01
1.038327982864759313e+01
1.134221465734683321e+01
1.151689580090437737e+01
1.114924013354971244e+01
1.253467413040943512e+01
1.006920497799547753e+01
1.054915741764346748e+01
