2.785752441741129903e+00
3.100365868493348831e+00
2.731206828627363858e+00
1.918477405536889835e+00
2.477911680487481672e+00
2.157029850924130798e+00
2.018433569398327965e+00
2.035563440062361895e+00
1.638653467083625248e+00
1.907890535721663783e+00
1.761207498238595237e+00
1.638653467083625248e+00
1.761207498238595237e+00
1.638653467083625248e+00
2.124591463996993834e+00
2.277100170213243846e+00
2.617604219864388071e+00
2.035563440062362339e+00
2.386303510546059048e+00
2.277100170213244290e+00
1.996814592925071574e+00
