1.525819451966712847e+01
1.698140322692902515e+01
1.495943589251353600e+01
1.050793351076540993e+01
1.357208122908527592e+01
1.181453906563152145e+01
1.105541596785133329e+01
1.114924013354970889e+01
8.975274678557507713e+00
1.044994683665371227e+01
9.646530752325187308e+00
8.975274678557507713e+00
9.646530752325187308e+00
8.975274678557507713e+00
1.163686670314078420e+01
1.247219128924646903e+01
1.433720877840437780e+01
1.114924013354971066e+01
1.307032261779843552e+01
1.247219128924647258e+01
1.093700395700557415e+01
