9.556438834569567220e+00
3.832264003994091173e+00
6.170880865202332366e+00
1.631023358421897163e+00
2.334086747871696232e+00
2.460985541330428017e+00
8.792581802587753348e-01
1.086197715219960669e+00
7.957245895245105283e-01
6.587726446140939052e-01
5.519095856826289337e-01
4.637210105941914629e-01
4.096138196028084044e-01
3.847726806115814857e-01
3.374924085667618257e-01
3.031314481632632063e-01
2.790567420986298508e-01
2.557159218460769434e-01
2.358511619642003343e-01
2.156860043571057206e-01
2.039296795250240824e-01
1.911598135071210791e-01
1.798336761490097746e-01
1.682974990434245588e-01
1.576912868205370410e-01
1.500611305706215093e-01
1.443689313449120215e-01
1.390388375941987442e-01
1.338609540731527103e-01
1.276388083246796368e-01
1.212400055154008310e-01
1.152349331169526536e-01
1.100525826717917155e-01
1.057199926838351123e-01
1.022654392053432421e-01
9.986301229949295921e-02
9.660449197165907331e-02
9.424370503269381694e-02
9.138707098547124708e-02
8.942706972512085017e-02
8.668171599097475311e-02
8.375929768650045015e-02
8.104594765397868383e-02
7.928319325745204760e-02
7.780256798125526063e-02
7.616684179538904531e-02
7.466913605939830278e-02
7.316992032150002045e-02
7.154062341400713176e-02
7.014555620311116457e-02
6.876385481124784593e-02
6.711924342065461735e-02
6.554282418983231606e-02
6.454784401048449527e-02
6.470710989749969833e-02
6.396846964556060500e-02
6.350926358428252150e-02
6.271436177257778966e-02
6.205417924305312027e-02
6.140919598296271792e-02
6.076638556116005507e-02
6.019733806404701376e-02
5.967085943450888691e-02
5.933472113826041699e-02
5.912362329642974895e-02
5.877260828338071175e-02
5.838186010054581543e-02
5.797974471040575478e-02
5.760161221989267000e-02
5.730124654190919126e-02
5.704413431152748765e-02
5.678476788104491746e-02
5.658193602633114494e-02
5.644777519864462717e-02
5.627338441868583174e-02
5.603888011954337445e-02
5.581523483967892885e-02
5.563339847308902686e-02
5.547842656203764988e-02
5.533458385725314316e-02
5.525163907865009855e-02
5.509347513926552559e-02
5.496324473203089561e-02
5.482255037141510468e-02
5.467300154716255717e-02
5.452389419515826785e-02
5.442905955884384805e-02
5.431146115471691127e-02
5.420771715413056496e-02
5.407988570518078991e-02
5.398597368976922745e-02
5.385587278577469439e-02
5.378504543354071382e-02
5.371187915701327448e-02
5.363645324805967757e-02
5.352593809160016008e-02
5.342960454781373741e-02
5.332215871791302908e-02
5.324069070616381516e-02
5.321984897481402133e-02
5.312250321566926864e-02
5.306254587703606446e-02
5.302744193574721737e-02
5.298330454068295170e-02
5.292756104574022208e-02
5.288796227252918342e-02
5.285764151315416187e-02
5.280645246486945915e-02
5.275949127000445493e-02
5.269897403562361082e-02
5.267335092893774690e-02
5.261460266278620429e-02
5.256459404082493986e-02
5.252207298032080668e-02
5.248385748469889395e-02
5.245661030152582588e-02
5.243887875039444230e-02
5.240456380389293956e-02
5.237330570136730645e-02
5.233215661865946861e-02
5.228854619007440585e-02
5.224691681667712612e-02
5.225282888752845467e-02
5.220441883909492098e-02
5.219565142807073427e-02
5.215609831395494334e-02
5.211878509702094070e-02
5.209372019486016581e-02
5.208386971151289513e-02
5.207002654243991779e-02
5.204394001807963882e-02
5.202088111463096243e-02
5.200826722850206141e-02
5.198182170192053309e-02
5.195339765285995198e-02
5.192489830995308114e-02
5.189669861284928326e-02
5.187390081332948072e-02
5.185576524921160085e-02
5.183230477772934192e-02
5.180484229949080394e-02
5.177769867003717552e-02
5.174327740678464488e-02
5.170823455885757702e-02
5.166671211100366812e-02
5.166527149231987109e-02
5.166225410508742955e-02
5.161548556341653826e-02
5.158540675402767395e-02
5.156534695336260216e-02
5.153700131320249761e-02
5.151662055803438167e-02
5.148447046461272075e-02
5.146820021778898691e-02
5.144477776802972024e-02
5.142325857633727598e-02
5.140311162138306439e-02
5.137386114323012204e-02
5.134540741517112927e-02
5.133123044555364112e-02
5.131569675832649280e-02
5.130227870067306795e-02
5.128332857278639079e-02
5.126288338034459130e-02
5.124725193192470468e-02
5.122743642578314605e-02
5.122141197644585614e-02
5.120247818495293063e-02
5.118427046859778951e-02
5.116610816813682572e-02
5.115698013654173398e-02
5.113610972218110562e-02
5.111603421727670821e-02
5.110450638688151387e-02
5.108299191396131755e-02
5.107817261285441807e-02
5.106836917895746231e-02
5.105729957306745503e-02
5.104316318955953724e-02
5.102682623801406414e-02
5.100896476650577244e-02
5.099559259126210803e-02
5.098517071165341308e-02
5.097715364224347789e-02
5.096484582134250263e-02
5.095057308332383295e-02
5.093353581990132939e-02
5.091558313585377304e-02
5.089272285288199554e-02
5.087085240034752709e-02
5.085283973033064703e-02
5.084044254291165271e-02
5.083108612386302155e-02
5.081711412629612984e-02
5.080217759048312465e-02
5.078385013335807996e-02
5.076715057918049917e-02
5.074691367371887696e-02
5.072426694055798269e-02
5.069819740043156331e-02
5.068041262824047460e-02
5.066244928491912131e-02
5.064020530099767881e-02
5.061340151932964410e-02
