1.273333333333333428e+01
1.259791666666666288e+01
1.573541666666666572e+01
1.004583333333333428e+01
1.242812499999999432e+01
1.954270833333333712e+01
1.215520833333333428e+01
1.306822916666666856e+01
1.773020833333333712e+01
1.612552083333333997e+01
2.115312500000000284e+01
1.713906249999999432e+01
1.830208333333332860e+01
1.807031250000000000e+01
2.144427083333333428e+01
1.906354166666666572e+01
2.283541666666666003e+01
2.037239583333332860e+01
2.237500000000000000e+01
2.189583333333332860e+01
1.911354166666666288e+01
2.189062500000000000e+01
1.988906249999999432e+01
1.697968749999999716e+01
2.022291666666666288e+01
1.697708333333333997e+01
2.042499999999999716e+01
1.764843750000000000e+01
1.944479166666666003e+01
1.803229166666666572e+01
1.799687500000000284e+01
1.587031249999999716e+01
1.844739583333333144e+01
1.473072916666666288e+01
1.710625000000000284e+01
1.726458333333333428e+01
1.592239583333333997e+01
1.761666666666666003e+01
1.686979166666667140e+01
1.756302083333333997e+01
1.785468749999999716e+01
1.754427083333332860e+01
1.797864583333333144e+01
1.624270833333333997e+01
1.741197916666666856e+01
1.651406249999999432e+01
1.945833333333332860e+01
1.914791666666666003e+01
1.839010416666666003e+01
1.631458333333333144e+01
1.666145833333332860e+01
1.676093749999999716e+01
1.865468749999999432e+01
1.974427083333333144e+01
1.684427083333333997e+01
1.972968749999999716e+01
1.683697916666666572e+01
1.788281250000000000e+01
1.692864583333333428e+01
1.726822916666667140e+01
1.704895833333333144e+01
1.864218750000000568e+01
1.704062500000000568e+01
1.893906250000000568e+01
1.710989583333333997e+01
1.800781250000000000e+01
1.508177083333333712e+01
1.748593750000000568e+01
2.116510416666666572e+01
1.795052083333332860e+01
1.917552083333333712e+01
2.070156249999999432e+01
2.252604166666667140e+01
1.951250000000000284e+01
2.084739583333333712e+01
2.145208333333333428e+01
2.143177083333333144e+01
2.366302083333333428e+01
2.004687500000000000e+01
2.258177083333333712e+01
2.194166666666666288e+01
2.300312499999999716e+01
2.251250000000000284e+01
2.309062500000000284e+01
2.055156250000000284e+01
2.372239583333333712e+01
2.174270833333333997e+01
2.108489583333333428e+01
2.233385416666666856e+01
2.143906250000000568e+01
2.106093749999999432e+01
2.162395833333333428e+01
2.064687499999999432e+01
2.035156250000000000e+01
2.191666666666667140e+01
2.038072916666666856e+01
2.064791666666666003e+01
2.057500000000000284e+01
2.084427083333333997e+01
2.066875000000000284e+01
2.058802083333333144e+01
2.290572916666666003e+01
2.053177083333333997e+01
2.214166666666666572e+01
2.212395833333333428e+01
2.207343749999999716e+01
2.353020833333333428e+01
2.249687500000000284e+01
2.349687500000000284e+01
2.279791666666666572e+01
2.303437499999999716e+01
2.389791666666666003e+01
2.342812499999999432e+01
2.300312499999999716e+01
2.316354166666666003e+01
2.416718749999999716e+01
2.434218749999999432e+01
2.410781249999999432e+01
2.431406250000000568e+01
2.432239583333333144e+01
2.456979166666666003e+01
2.456562499999999716e+01
2.453697916666666856e+01
2.479739583333333997e+01
2.459218749999999432e+01
2.451197916666666288e+01
2.454791666666666572e+01
2.421562500000000284e+01
2.484947916666666856e+01
2.451093749999999716e+01
2.456197916666666003e+01
2.454843750000000568e+01
2.455104166666666288e+01
2.469843749999999716e+01
2.477552083333333144e+01
2.496458333333333712e+01
2.457239583333333144e+01
2.484635416666667140e+01
2.476666666666666572e+01
2.486875000000000568e+01
2.489062500000000000e+01
2.500312499999999716e+01
2.498333333333333428e+01
2.493854166666666572e+01
2.518281249999999716e+01
2.514687499999999432e+01
2.493697916666666003e+01
2.546093750000000000e+01
2.500156250000000568e+01
2.540729166666666572e+01
2.529166666666667140e+01
2.517291666666666572e+01
2.524791666666666856e+01
2.520312500000000000e+01
2.565677083333333997e+01
2.525833333333333997e+01
2.545416666666666572e+01
2.569739583333333144e+01
2.562291666666666856e+01
2.538072916666666856e+01
2.546458333333333712e+01
2.543645833333333428e+01
2.551510416666666003e+01
2.551562500000000000e+01
2.577135416666666856e+01
2.571927083333333997e+01
2.571197916666666572e+01
2.573697916666667140e+01
2.652812500000000284e+01
2.568854166666666572e+01
2.612395833333333428e+01
2.631770833333332860e+01
2.557916666666666572e+01
2.567447916666667140e+01
2.594374999999999432e+01
2.543125000000000568e+01
2.598593750000000568e+01
2.673593750000000568e+01
2.704427083333332860e+01
2.721145833333333997e+01
2.609999999999999432e+01
2.590729166666666572e+01
2.697395833333332860e+01
2.591666666666667140e+01
2.587552083333333997e+01
2.587968750000000284e+01
2.611249999999999716e+01
2.609999999999999432e+01
2.610416666666667140e+01
2.745885416666666856e+01
2.634687499999999716e+01
2.750416666666666288e+01
2.617916666666666003e+01
2.741145833333332860e+01
2.702864583333332860e+01
2.652343750000000000e+01
2.774322916666666572e+01
2.726822916666667140e+01
2.696145833333333997e+01
2.639843750000000000e+01
2.657083333333333997e+01
2.687395833333333428e+01
2.636458333333332860e+01
2.632552083333332860e+01
