1.237812499999999716e+01
1.267656250000000284e+01
1.563124999999999432e+01
9.540625000000005684e+00
1.252187499999999432e+01
1.970937499999999432e+01
1.273906250000000284e+01
1.304843750000000568e+01
1.779375000000000284e+01
1.611875000000000568e+01
2.228749999999999432e+01
1.638906249999999432e+01
1.923125000000000284e+01
1.815468749999999432e+01
2.246718749999999432e+01
2.065625000000000000e+01
2.320312500000000000e+01
2.160156250000000000e+01
2.252656249999999716e+01
2.256562499999999716e+01
1.857500000000000284e+01
2.262343749999999432e+01
1.878749999999999432e+01
1.678281250000000568e+01
2.030937500000000284e+01
1.598281249999999432e+01
2.080937500000000284e+01
1.836718750000000000e+01
2.177812500000000284e+01
1.837656250000000568e+01
1.735468749999999716e+01
1.477187499999999432e+01
1.713124999999999432e+01
1.532656249999999432e+01
1.640156249999999716e+01
1.781874999999999432e+01
1.643906250000000568e+01
1.798281249999999432e+01
1.671093750000000000e+01
1.765781250000000568e+01
1.840000000000000568e+01
1.809218749999999432e+01
1.886406250000000284e+01
1.701406249999999432e+01
1.869843749999999716e+01
1.784687499999999716e+01
1.975468750000000284e+01
1.960625000000000284e+01
1.944374999999999432e+01
1.671250000000000568e+01
1.674062499999999432e+01
1.679999999999999716e+01
1.775937500000000568e+01
1.978906250000000000e+01
1.684062500000000284e+01
1.980156250000000284e+01
1.688437500000000568e+01
1.787187500000000284e+01
1.692187500000000000e+01
1.696406249999999716e+01
1.695937499999999432e+01
1.943750000000000000e+01
1.696406249999999716e+01
1.920312500000000000e+01
1.706718750000000284e+01
1.764218750000000568e+01
1.476562500000000000e+01
1.690937499999999716e+01
2.103281250000000568e+01
1.927031250000000284e+01
1.991562500000000568e+01
2.157031250000000000e+01
2.163750000000000284e+01
2.029687500000000000e+01
2.047499999999999432e+01
2.184843750000000284e+01
2.114374999999999716e+01
2.360156250000000000e+01
2.099843749999999432e+01
2.360156250000000000e+01
2.280625000000000568e+01
2.341249999999999432e+01
2.349375000000000568e+01
2.361718750000000000e+01
2.143750000000000000e+01
2.381093749999999432e+01
2.273593750000000568e+01
2.205625000000000568e+01
2.293125000000000568e+01
2.248281249999999432e+01
2.197968749999999716e+01
2.259062500000000284e+01
2.156874999999999432e+01
2.112031249999999716e+01
2.295468750000000568e+01
2.120624999999999716e+01
2.156406250000000568e+01
2.263281250000000000e+01
2.218281249999999716e+01
2.129843750000000568e+01
2.127656249999999716e+01
2.495312500000000000e+01
2.136093750000000568e+01
2.343125000000000568e+01
2.379843750000000568e+01
2.411406250000000284e+01
2.463281250000000000e+01
2.376093749999999716e+01
2.389843750000000000e+01
2.421406249999999716e+01
2.403593750000000284e+01
2.442968750000000000e+01
2.414531250000000284e+01
2.345781250000000284e+01
2.412968750000000284e+01
2.572031250000000568e+01
2.437656250000000568e+01
2.488437500000000568e+01
2.440312500000000284e+01
2.479531249999999432e+01
2.463124999999999432e+01
2.566093750000000284e+01
2.466093750000000284e+01
2.570468750000000568e+01
2.475468750000000284e+01
2.461718750000000000e+01
2.468281249999999716e+01
2.438437500000000568e+01
2.501093749999999716e+01
2.465156249999999716e+01
2.467343750000000568e+01
2.472343750000000284e+01
2.465781250000000568e+01
2.476562500000000000e+01
2.486406250000000284e+01
2.501406249999999432e+01
2.462812499999999716e+01
2.492187500000000000e+01
2.483593750000000000e+01
2.488750000000000284e+01
2.495468750000000568e+01
2.506250000000000000e+01
2.502031250000000284e+01
2.503437499999999716e+01
2.516875000000000284e+01
2.512031249999999716e+01
2.477343750000000000e+01
2.549062499999999432e+01
2.545624999999999716e+01
2.536406250000000284e+01
2.525000000000000000e+01
2.512656250000000568e+01
2.513437500000000568e+01
2.508593750000000000e+01
2.656093749999999432e+01
2.522968749999999716e+01
2.595624999999999716e+01
2.633593750000000000e+01
2.550156250000000568e+01
2.583281250000000284e+01
2.544843749999999716e+01
2.530781249999999716e+01
2.589531250000000284e+01
2.561875000000000568e+01
2.629375000000000284e+01
2.566562500000000568e+01
2.608124999999999716e+01
2.603125000000000000e+01
2.744374999999999432e+01
2.555468750000000000e+01
2.708750000000000568e+01
2.705156250000000284e+01
2.538281250000000000e+01
2.538281250000000000e+01
2.593281249999999716e+01
2.560468749999999716e+01
2.616718749999999716e+01
2.728593750000000284e+01
2.762500000000000000e+01
2.803125000000000000e+01
2.644062499999999716e+01
2.570624999999999716e+01
2.752187499999999432e+01
2.575000000000000000e+01
2.608124999999999716e+01
2.630625000000000568e+01
2.590781250000000568e+01
2.595312500000000000e+01
2.604062500000000568e+01
2.856718750000000284e+01
2.662656250000000568e+01
2.790937499999999716e+01
2.615468749999999432e+01
2.770156249999999432e+01
2.736562499999999432e+01
2.766093750000000284e+01
2.806718750000000284e+01
2.757656249999999432e+01
2.727500000000000568e+01
2.632500000000000284e+01
2.768125000000000568e+01
2.791249999999999432e+01
2.621250000000000568e+01
2.615781250000000568e+01
