3.810766318105908823e+00
6.185870299945587014e+00
1.609719240540976370e+00
2.304124907992423310e+00
2.432560910765547035e+00
8.711795606944596759e-01
1.068987987786475191e+00
7.901058492700124836e-01
6.511996608009085197e-01
5.458961925221789135e-01
4.591556894976280834e-01
4.077463840690140340e-01
3.803881031548064229e-01
3.347923682401583445e-01
3.010531109009680906e-01
2.764575959249508941e-01
2.553533089744982054e-01
2.348834377950165531e-01
2.153414878066972349e-01
2.032652654266628445e-01
1.907778846052682609e-01
1.796623676223461918e-01
1.681051424529674265e-01
1.575194061681914059e-01
1.497551446590772994e-01
1.443320859584831528e-01
1.387496428985197650e-01
1.337630486707589439e-01
1.272969328006726408e-01
1.207781334453462418e-01
1.144725651794552823e-01
1.091943908740005686e-01
1.049427018284068563e-01
1.016109912593201881e-01
9.928066381535512186e-02
9.624918491907098750e-02
9.364699051002058072e-02
9.104533603138463549e-02
8.892403917214629361e-02
8.648260412580011103e-02
8.355799806503073912e-02
8.093354688117972151e-02
7.940171760373054832e-02
7.773558259829174699e-02
7.613724305024151262e-02
7.468143891262014888e-02
7.309879509607532244e-02
7.175695445496878266e-02
7.029410218275777833e-02
6.905926931688141646e-02
6.735749160857786022e-02
6.575514306450652713e-02
6.469383208736807778e-02
6.476622903901170514e-02
6.410664543005667459e-02
6.355215647758982733e-02
6.278811812849395546e-02
6.207664169689757622e-02
6.144012108807591493e-02
6.078218095608032417e-02
6.021272544467165533e-02
5.971428170718541539e-02
5.934850166438201957e-02
5.911074815464802817e-02
5.875548610642471192e-02
5.836809521565117231e-02
5.797146581736242060e-02
5.758868423061143382e-02
5.726440267398740652e-02
5.701072983872701450e-02
5.674574931992693722e-02
5.653952766894770887e-02
5.640907460898882120e-02
5.624487190009860166e-02
5.601432329557309159e-02
5.579069233443157555e-02
5.562073091500667477e-02
5.552857053573638513e-02
5.541079408605818768e-02
5.525583704594248802e-02
5.514909684765813974e-02
5.504474866580643527e-02
5.485173929957151001e-02
5.471839160686043507e-02
5.457491279651804222e-02
5.444119520599077777e-02
5.434586327971506481e-02
5.422783267491767395e-02
5.410456812517212138e-02
5.397064575485231025e-02
5.384636575153577825e-02
5.376065940650551905e-02
5.368168319733618993e-02
5.362311155299125803e-02
5.351228506627524195e-02
5.341135309250706620e-02
5.328488355040952862e-02
5.317600540623727834e-02
5.325281635952089365e-02
5.308355211053415734e-02
5.306263458735135941e-02
5.298034406217320968e-02
5.291963023506243702e-02
5.287300055270470478e-02
5.287617416241583573e-02
5.280542341933530670e-02
5.275183311199114350e-02
5.270276672961217435e-02
5.267713280267789094e-02
5.262378464589349825e-02
5.257741970747350363e-02
5.253487495660550538e-02
5.249406060954737302e-02
5.245960285699331066e-02
5.243951587363157585e-02
5.239469067690064735e-02
5.237782848703197852e-02
5.235052342941767800e-02
5.232289808448615381e-02
5.228717182514456413e-02
5.225923539877624230e-02
5.222272340809721441e-02
5.222379361808985460e-02
5.221693028626325783e-02
5.218412344425525651e-02
5.219068374037148794e-02
5.212999891899709054e-02
5.211592311515734349e-02
5.212099893199045875e-02
5.209628381866235336e-02
5.208818806877819202e-02
5.206359219585251358e-02
5.204425974230501156e-02
5.202345229895399825e-02
5.199405326701041219e-02
5.197681977027793221e-02
5.194996858671811768e-02
5.195176992860230103e-02
5.192849973299630550e-02
5.191023313483834195e-02
5.187690638721950687e-02
5.184354294654999751e-02
5.181751994527834804e-02
5.179338216090283858e-02
5.176692362098993250e-02
5.177610501161369200e-02
5.172339721820186365e-02
5.171200978927475295e-02
5.167670740193464063e-02
5.164967544721530551e-02
5.165977221677828940e-02
5.161096515229145199e-02
5.160095801987939212e-02
5.159726482452497293e-02
5.156637638550912867e-02
5.154521366881958250e-02
5.151686650936670997e-02
5.147935771457661652e-02
5.148789250787884353e-02
5.144640391704898008e-02
5.144834011371240273e-02
5.145339394668843602e-02
5.139843631516763378e-02
5.138619899560334381e-02
5.137310863278588685e-02
5.136838044468744480e-02
5.135635532560789418e-02
5.134251964260148904e-02
5.134340821026197460e-02
5.133410738319470201e-02
5.131267937638165494e-02
5.133365047715187507e-02
5.128421932164938662e-02
5.125342050694138563e-02
5.126081043224854639e-02
5.123424800213362273e-02
5.124480167807171638e-02
5.123152985480781962e-02
5.119144089998784591e-02
5.119324844366252014e-02
5.117188262765331314e-02
5.116450155562568547e-02
5.114495936225518791e-02
5.114884147218835830e-02
5.111948360062228830e-02
5.111095586183703882e-02
5.108494565786543540e-02
5.106587443139012222e-02
5.104429851917163807e-02
5.102758676605489985e-02
5.102183631295262312e-02
5.100669406534501932e-02
5.099542726991959651e-02
5.097553120031018264e-02
5.096518012214336368e-02
5.094900769039681365e-02
5.093684748641660182e-02
5.091402773658463415e-02
5.089695892533321886e-02
5.088555536087013831e-02
5.088507366857791814e-02
5.084149077630917279e-02
5.082937197425695802e-02
5.080459116900681166e-02
