5.958333333333333570e+01
5.666666666666666430e+01
5.958333333333333570e+01
5.916666666666666430e+01
5.916666666666666430e+01
5.583333333333333570e+01
5.666666666666666430e+01
5.625000000000000000e+01
6.291666666666666430e+01
5.958333333333333570e+01
6.375000000000000000e+01
5.791666666666666430e+01
6.375000000000000000e+01
5.541666666666666430e+01
6.250000000000000000e+01
5.458333333333333570e+01
5.666666666666666430e+01
5.666666666666666430e+01
6.041666666666666430e+01
5.958333333333333570e+01
6.166666666666666430e+01
