3.043853855935974018e+00
2.617604219864388071e+00
3.155866084094941737e+00
2.759663157115509247e+00
3.058079765449529752e+00
2.809540624108950890e+00
2.410432572212959812e+00
2.551551815399143663e+00
2.318654223338918907e+00
2.477911680487481672e+00
2.722718208784090432e+00
2.666883671725956084e+00
3.299305482471525774e+00
1.736388866670221853e+00
2.886751345948128655e+00
2.915674434398910719e+00
2.550417540252895243e+00
2.550417540252894799e+00
2.363152712107437825e+00
2.614285894989440084e+00
2.696019013011316634e+00
