1.667187418645213270e+01
1.433720877840437780e+01
1.728539042724295172e+01
1.511529762268087751e+01
1.674979270186814873e+01
1.538848776051615275e+01
1.320248293146238439e+01
1.397542485937368539e+01
1.269979221177347384e+01
1.357208122908527415e+01
1.491294180681106774e+01
1.460712345246508548e+01
1.807104036850120110e+01
9.510593508761107984e+00
1.581138830084189628e+01
1.596980658061400149e+01
1.396921217853350861e+01
1.396921217853350505e+01
1.294352047250755433e+01
1.431903356453298315e+01
1.476670428889112152e+01
