1.105080955526771547e+01
4.974854194104600502e+00
4.090926594858854237e+00
1.802474087092942101e+00
2.224637305432060952e+00
9.273459772928529521e-01
7.583809241129008116e-01
6.065930801856928012e-01
4.026480527244651886e-01
2.949900835078339001e-01
2.177441363124029416e-01
1.992216081793772020e-01
2.047686448943882853e-01
1.541458080504849448e-01
1.473947390621589415e-01
1.371256008061992049e-01
1.051969725974147979e-01
9.145085216830475816e-02
9.961494380349700251e-02
8.174337692092525920e-02
7.738966374249595104e-02
7.400291505162176486e-02
7.098724210021226111e-02
6.853837835761845965e-02
6.665729171355387617e-02
6.476350757897128552e-02
6.350267071723109114e-02
6.185098277927379012e-02
6.075191052342279047e-02
5.960524401530188643e-02
5.863653635986413454e-02
5.773938864459722542e-02
5.696932982002878704e-02
5.608461915235503359e-02
5.533651764349475227e-02
5.454288185965548708e-02
5.403912638311836325e-02
5.332453383000054781e-02
5.259131814997913823e-02
5.187648382197164454e-02
5.148388927366131379e-02
5.113135637623231200e-02
5.078057969645436570e-02
5.027385751457360413e-02
5.001911456779602194e-02
4.991001547851405679e-02
4.957185422550073467e-02
4.931281545894106860e-02
4.896212322922656457e-02
4.860950241147007911e-02
4.825507197530050363e-02
4.792297976121036307e-02
4.772480277522743453e-02
4.763060321705003125e-02
4.750654020568766817e-02
4.721641101238434335e-02
4.699506592045264719e-02
4.674651267202774990e-02
4.661739907827600754e-02
4.648781438161767032e-02
4.636141915402446773e-02
4.622316242254461555e-02
4.612117401539612971e-02
4.601096511000237615e-02
4.586699470868182277e-02
4.574862488594671345e-02
4.560934761264186232e-02
4.544519958430722623e-02
4.527921177463904712e-02
4.511888030358562895e-02
4.505562238606764663e-02
4.499349877208642240e-02
4.491929294022763836e-02
4.486925267378433224e-02
4.478396641868478273e-02
4.471547735832852311e-02
4.461488584447631522e-02
4.451557604519897765e-02
4.441907892863280333e-02
4.432323495267348479e-02
4.424777878145066956e-02
4.412327293159497982e-02
4.402397991072434791e-02
4.395979608327117705e-02
4.392069367140120917e-02
4.388533693832943200e-02
4.382711769006931296e-02
4.377083280381380975e-02
4.371443107506361309e-02
4.364611232466073659e-02
4.356111028693335219e-02
4.347050842106885138e-02
4.338920666176240837e-02
4.332975684646683812e-02
4.326770688433663470e-02
4.326108628571709996e-02
4.321830905341146611e-02
4.317591284299555909e-02
4.313850015560920931e-02
4.310066697524041202e-02
4.304951335293592807e-02
4.299844789907347059e-02
4.293451023627319063e-02
4.287102752082595780e-02
4.280859686189718988e-02
4.277538502624568528e-02
4.276714811892354945e-02
4.274129182057830045e-02
4.270605566703578743e-02
4.266942466083693819e-02
4.263286676396423752e-02
4.262330275414598357e-02
4.256864240527747506e-02
4.252647760060494081e-02
4.248813297756054430e-02
4.245989283137185932e-02
4.242675422492015597e-02
4.239849522362895001e-02
4.237499269747593833e-02
4.234788658098962572e-02
4.231198013944689057e-02
4.227242339200723564e-02
4.224110649099326736e-02
4.222069014500715034e-02
4.220149029340396207e-02
4.216778808503601067e-02
4.213686817814275148e-02
4.210060758743380122e-02
4.206269168046941620e-02
4.203396732574050249e-02
4.201341959805012655e-02
4.198269607740814924e-02
4.195365384034456524e-02
4.192478006788925154e-02
4.189718198227110335e-02
4.187843053957132633e-02
4.185698809723892994e-02
4.184598685639726035e-02
4.182370451720992394e-02
4.179802359317175142e-02
4.176972417585966824e-02
4.173844494818144957e-02
4.170555497666209727e-02
4.167533376605887796e-02
4.164696456913781486e-02
4.162532407729917228e-02
4.160796831493099313e-02
4.160218900075596249e-02
4.158836666499225732e-02
4.157965327652173720e-02
4.156384170199495937e-02
4.154569429417427628e-02
4.152304873800274909e-02
4.149960401801323223e-02
4.147534327942646593e-02
4.145139713772406226e-02
4.143403647746745494e-02
4.142069250764462973e-02
4.140943567012080745e-02
4.139139000109928745e-02
4.137904809535187384e-02
4.136112145287555719e-02
4.134540727014869577e-02
4.133355787374679707e-02
4.131703742907046756e-02
4.129800641978854242e-02
4.127665016147147314e-02
4.125426729138571141e-02
4.123124056420261058e-02
4.121583908377754457e-02
4.120902243001293985e-02
4.119600929215279372e-02
4.118566835423050770e-02
4.117093014448942878e-02
4.115232545062358360e-02
4.113167875099371651e-02
4.110872225296404586e-02
4.108835934540772811e-02
4.107153119877113290e-02
4.106238589256891447e-02
4.104628624852930951e-02
4.103387632010126879e-02
4.102422302761753181e-02
4.101417085054306910e-02
4.100020333510257659e-02
4.098702584034360358e-02
4.097037069917638247e-02
4.095556834872359636e-02
4.093957814274016421e-02
4.092193722636403019e-02
4.090141411767134194e-02
4.088398128828291817e-02
4.087352545679035637e-02
4.086668126229806020e-02
4.085674596744130749e-02
4.084795367324670773e-02
4.083749803379137233e-02
4.082499331576664586e-02
4.081437620940744915e-02
4.080679897351483648e-02
4.079813684360712039e-02
4.078906408484766349e-02
4.078053295598989270e-02
4.076995011316958406e-02
4.075791411531954483e-02
4.074564769691791516e-02
4.073683496393196157e-02
4.072668160865484943e-02
4.072052184967082933e-02
4.071428427134090450e-02
4.070668629093564944e-02
4.070004037253667495e-02
4.069314726693604861e-02
4.068610235269742859e-02
4.067772505125611532e-02
4.066876872315338537e-02
4.065921445715598576e-02
4.065008850739726398e-02
4.064224724546421086e-02
4.063292727384403002e-02
4.062658646136394630e-02
4.061906409322013634e-02
4.061229324143500463e-02
4.060676396710276304e-02
4.059738534942848587e-02
4.059086876435431812e-02
4.058533535197208358e-02
4.057854156821909253e-02
4.057175078966104159e-02
4.056575392005690173e-02
4.055959477344222436e-02
4.055234567192835676e-02
4.054498461345219795e-02
4.053567596768922754e-02
4.052752302122477474e-02
4.051910391971638714e-02
4.051390800903444112e-02
4.050722327007497126e-02
4.050511683738867996e-02
4.049792784511944271e-02
4.049046313698567018e-02
4.048170823546685948e-02
4.047445030773308416e-02
4.046534909801266511e-02
4.045694233326567468e-02
4.044914302913847626e-02
4.044283463732971373e-02
4.043720552506418348e-02
4.043185570559000575e-02
4.042959942914373800e-02
4.042320172598721367e-02
4.041748551478180351e-02
4.041084018300068054e-02
4.040289052134897474e-02
4.039438042719196292e-02
4.038852660988573318e-02
4.038507420682940774e-02
4.037870338884719246e-02
4.037470190431998590e-02
4.036931512455450843e-02
4.036721335571900188e-02
4.036270947634082451e-02
4.035876464701741023e-02
4.035424548760831176e-02
4.034919301450128754e-02
4.034367794244318045e-02
4.033814810075863483e-02
4.033375496291069506e-02
4.032891741398401259e-02
4.032420435878188159e-02
4.031968209351390747e-02
4.031687108174131229e-02
4.031320070258700289e-02
4.030869556751170285e-02
4.030462042841879283e-02
4.030003443627243331e-02
4.029479071002990687e-02
4.028970871564049872e-02
4.028824500337996328e-02
4.028358595743787574e-02
4.028161816570501041e-02
4.027787628362662631e-02
4.027401622890753458e-02
4.026948310994735158e-02
4.026427071602155239e-02
4.025838487406384336e-02
4.025214092255771647e-02
4.024525349675132230e-02
4.023860582088843035e-02
4.023398654509655753e-02
4.023791342479667715e-02
4.023148879222929186e-02
4.022952707711811154e-02
4.022681889624436097e-02
4.022372726521707825e-02
4.022039961295920119e-02
4.021608594897414790e-02
4.021154903010116383e-02
4.020621181485343337e-02
4.020020179548277478e-02
4.019374805387002092e-02
4.018706939218810031e-02
4.018248103826072004e-02
4.017977012205137255e-02
4.017733284295865043e-02
4.017823628985791456e-02
4.017219462409152286e-02
4.016842657970740027e-02
4.016493665270565172e-02
4.016146297936751958e-02
4.015755980329614033e-02
4.015386027648621542e-02
4.015020089294524253e-02
4.014505202212950707e-02
4.013978763837741659e-02
4.013588773506816809e-02
4.013272132386480617e-02
4.012896346123053654e-02
4.012560890882613945e-02
4.012121867302580885e-02
4.011955623540090082e-02
4.011760750719047669e-02
4.011507046130835530e-02
4.011187459417104445e-02
4.010884439138852342e-02
4.010509420532462621e-02
4.010137475698202780e-02
4.009672677807216840e-02
4.009160326626953763e-02
4.008696023770611655e-02
4.008338732227793855e-02
4.008143198042200123e-02
4.007847986220614001e-02
4.007415534801003071e-02
4.007083774002521970e-02
4.006621041513253045e-02
4.006117110386871877e-02
4.005678507145547795e-02
4.005648838790653449e-02
4.005319680205832872e-02
4.005043454869243458e-02
4.004758003287103157e-02
4.004457986379383189e-02
4.004022229620522733e-02
4.003638580001228631e-02
4.003312036281871794e-02
4.002894876571080895e-02
4.002427221254200446e-02
4.002019968006876455e-02
4.001633127314978278e-02
4.001455817996336234e-02
4.001232467672765497e-02
4.001048330911249201e-02
4.000744633046731530e-02
4.000445766135985598e-02
4.000087363398416307e-02
3.999792576592620802e-02
3.999425955156019757e-02
3.999067410412864704e-02
3.998718456575286323e-02
3.998403013475926304e-02
3.998172275744844156e-02
3.997837540547181240e-02
3.997516655033521438e-02
3.997191982510481245e-02
3.996848165526412783e-02
3.996383481994609382e-02
3.995897056189397917e-02
3.995761366988982016e-02
3.995355102115772522e-02
3.995023375834485385e-02
3.994630542471257206e-02
3.994248610820617940e-02
3.993995187739596275e-02
3.993709450804493882e-02
3.993534364764382560e-02
3.993293715824141471e-02
3.993002964966295421e-02
3.992678394923572516e-02
3.992277382496949023e-02
3.991872840129227079e-02
3.991482178045985263e-02
3.991076653609575142e-02
3.990802381619207306e-02
3.990548719872995947e-02
3.990343265073618279e-02
3.990044712333676996e-02
3.989820694781891219e-02
3.989396020411917210e-02
3.988932375505213623e-02
3.988466231165194165e-02
3.988110025488802307e-02
3.987850044845606817e-02
3.987765592662589897e-02
3.987522192175275287e-02
3.987297694811701293e-02
3.987013539601974577e-02
3.986621231473845561e-02
3.986170028397163084e-02
3.985687024761268293e-02
3.985159365053270869e-02
3.984655809357281336e-02
3.984313837389010654e-02
3.984032170382424687e-02
3.983596737588871589e-02
3.983637892834074323e-02
3.983258881786124611e-02
3.983066332304048551e-02
3.982838324880000336e-02
3.982435302214519524e-02
3.982164711532229506e-02
3.981816862396046763e-02
3.981425796522936045e-02
3.981035412383294309e-02
3.980913123453273111e-02
3.980641191203963813e-02
3.980433944774006833e-02
3.980064619441500001e-02
3.979675116539112267e-02
3.979278467294123517e-02
3.978928478863699714e-02
3.978498690936956017e-02
3.978158942927106229e-02
3.977949597878533555e-02
3.977772443632171528e-02
3.977485571958944144e-02
3.977150545985125296e-02
3.976749583512613484e-02
3.976423877039059890e-02
3.976189772288082902e-02
3.976170085597744569e-02
3.975846026192322163e-02
3.975625182204951119e-02
3.975318531025297253e-02
3.975029400274852909e-02
3.974731603972213312e-02
3.974418019907017402e-02
3.974034650901741433e-02
3.973724052373869831e-02
3.973294385086104108e-02
3.973116184388608696e-02
3.972673798660976419e-02
3.972216649135563993e-02
3.971858867757713241e-02
3.971585465400501863e-02
3.971357402283283433e-02
3.971155750282098773e-02
3.971040192284899101e-02
3.970891490946672903e-02
3.970608904103548054e-02
3.970331773806789338e-02
3.969987467032217582e-02
3.969617823991627298e-02
3.969173023260566535e-02
3.968712860129452319e-02
3.968327961675408022e-02
3.968163145709396183e-02
3.967794883336774048e-02
3.967922245463686992e-02
3.967544568156177592e-02
3.967405514795400989e-02
3.967094614454430568e-02
3.966789626383809136e-02
3.966415436375181347e-02
3.966013159238796632e-02
3.965617413747921788e-02
3.965310159198678908e-02
3.965020934672985886e-02
3.964740769873466297e-02
3.964364153412221203e-02
3.964109717369244251e-02
3.963903242528112741e-02
3.963633180390895711e-02
3.963363891497657943e-02
3.963136263470512510e-02
3.962849537028421271e-02
3.962465897483836291e-02
3.962081010499200057e-02
4.079136621356695830e-02
3.962145651963996235e-02
3.961688654249499036e-02
3.961345642476891971e-02
3.960997943785902337e-02
4.083593657566999408e-02
3.960838368302194851e-02
3.960553963495139218e-02
4.080087893670042432e-02
3.960358872645424605e-02
3.960094426093782594e-02
4.076405978388141643e-02
3.959965429128400188e-02
3.959765394715054204e-02
3.959571977713691876e-02
4.075064216197336886e-02
3.959386211623977525e-02
3.959232527265368895e-02
3.959114839259552515e-02
4.070362511628729252e-02
3.959005823848389671e-02
3.958908312321925138e-02
3.958775000303433461e-02
3.958648388160534298e-02
4.176949512102818424e-02
4.191419395506772866e-02
4.179839426403378355e-02
3.958483277660721639e-02
4.072210005903843105e-02
4.065594128354372422e-02
4.071532726629367716e-02
4.069766825885870465e-02
3.958222857986323784e-02
4.066874289912861956e-02
3.958099999151015735e-02
4.060860744028346736e-02
3.957991203511396217e-02
3.957906614751097868e-02
3.957840566526418802e-02
3.957757153186757665e-02
3.957668063068315450e-02
3.957574362952748920e-02
3.957462959786444551e-02
3.957351182215989444e-02
3.957280785122546662e-02
3.957194830216390763e-02
3.957116651705137877e-02
3.957035550869085483e-02
3.956945420211630676e-02
3.956849906654943266e-02
3.956740987900857209e-02
4.055168752477111144e-02
3.956601151563012009e-02
3.956517942383248887e-02
3.956409506624861128e-02
3.956317993174513631e-02
3.956196082084142279e-02
3.956077468339760927e-02
3.955968167015910114e-02
3.955887252499772078e-02
3.955814846546451546e-02
3.955680172216279045e-02
3.955557501276306398e-02
3.955420752023608433e-02
3.955254669675942886e-02
4.054780506373679289e-02
3.955088422964941897e-02
3.954958484579824268e-02
3.954876259953026690e-02
3.954732108427998910e-02
3.954568203712167246e-02
3.954384461273333790e-02
4.146846703538999146e-02
3.954276877637859233e-02
3.954197703889624632e-02
4.050349052551993623e-02
4.056637382317571094e-02
4.050763482217799305e-02
4.055558008638112527e-02
4.051482527888992241e-02
3.953961162707052973e-02
4.047539989176854314e-02
3.953782456365576015e-02
3.953677074090354571e-02
3.953607710514796952e-02
4.044215355645239957e-02
3.953535191614338667e-02
3.953460207445260582e-02
3.953380592033392538e-02
3.953290849378888333e-02
3.953192270521359991e-02
3.953084944693329578e-02
3.952983362744477008e-02
4.049899006438866661e-02
4.145599000145604174e-02
4.150539930025098218e-02
4.142385208297905824e-02
4.049322989965026265e-02
4.045292237648712846e-02
3.952834660968283093e-02
3.952647077314203061e-02
4.043690062453880740e-02
3.952581097509451358e-02
3.952484638954601587e-02
3.952413571845792700e-02
3.952348499251951558e-02
3.952250001334723511e-02
4.045382911786812863e-02
3.952149512999340863e-02
3.952076467793314007e-02
3.952017914764600209e-02
3.951939344473611587e-02
4.043766424799485892e-02
3.951801161878461255e-02
3.951725676290780698e-02
3.951673179157794147e-02
4.042000349563274614e-02
3.951579865220708476e-02
3.951518620262098325e-02
3.951444865733912820e-02
4.040443041164674953e-02
3.951340010873641978e-02
3.951265245597655740e-02
3.951180215688764041e-02
3.951125012423645222e-02
4.042311762611178194e-02
3.951043363950149795e-02
3.950960218031187438e-02
3.950917178277472269e-02
4.039780201828448852e-02
3.950831372189705926e-02
3.950752884979397833e-02
3.950682881881091568e-02
3.950613085898368321e-02
3.950548807763023390e-02
3.950506799922027384e-02
3.950431177528362925e-02
3.950354078678874892e-02
3.950252269980784880e-02
4.037736649521610210e-02
3.950137516919526026e-02
3.950052693989940938e-02
3.949955416808816067e-02
3.949855550913476676e-02
3.949831696685114635e-02
3.949691701308490760e-02
3.949657587264503861e-02
3.949531783962507286e-02
4.127825349353216045e-02
4.134212213765708216e-02
4.040865436704193375e-02
3.949445076521639064e-02
4.038194017969230776e-02
3.949305420993642207e-02
3.949221415861888657e-02
3.949150477601944681e-02
4.037985885183383722e-02
4.126613271911860198e-02
4.037599498407361265e-02
3.949015264261142993e-02
3.948953017460566511e-02
3.948902752051648007e-02
3.948829105385987664e-02
3.948763305970012794e-02
4.033195782992542860e-02
3.948672281109977950e-02
3.948603295418944698e-02
3.948514213301463488e-02
4.035605911022686204e-02
3.948501218427227094e-02
3.948402121937379800e-02
4.033792196254509799e-02
3.948317527090867973e-02
3.948243930755011150e-02
4.034036739617499756e-02
3.948198975298058272e-02
3.948121502663894111e-02
4.034950071899163354e-02
3.948073932714095402e-02
3.948009758183358697e-02
3.947963522989035579e-02
3.947890306048092851e-02
4.030820000864828584e-02
3.947895314412389056e-02
3.947748935652932445e-02
4.031277459619941189e-02
3.947636993348487000e-02
3.947567857038478817e-02
4.030026399414243787e-02
3.947520643385010047e-02
3.947468993954431071e-02
4.028528949631199341e-02
3.947345399789845694e-02
3.947310606432593433e-02
3.947239114616531847e-02
4.032307781560336146e-02
3.947149512384948850e-02
3.947093752962337748e-02
3.947044647073964796e-02
3.946986089016532584e-02
3.946947049766005161e-02
3.946926494186274448e-02
4.032335973584199457e-02
3.946830248844192951e-02
3.946770785317051805e-02
4.027847771728403081e-02
3.946707771929236497e-02
3.946629928429305073e-02
3.946580638689548698e-02
3.946519166354168356e-02
4.032194817088845945e-02
4.111735509159911151e-02
4.032042689195589752e-02
3.946434312823603185e-02
4.030064326404942526e-02
3.946374868808383285e-02
3.946317424509866723e-02
3.946271629409021237e-02
4.024584051285602648e-02
3.946209089619440863e-02
3.946169484276163680e-02
3.946137945228214011e-02
4.030070301538071775e-02
3.946075567936223327e-02
3.946031024661383890e-02
4.025937005840309058e-02
3.945946344018883001e-02
3.945913343308438820e-02
3.945847768143218026e-02
4.029331204665806410e-02
3.945762165234314306e-02
3.945721542286884792e-02
3.945679936964868045e-02
3.945594755135143489e-02
3.945549408350882553e-02
3.945464711254848683e-02
4.025296067391270077e-02
3.945341138891186872e-02
3.945354779985183608e-02
3.945244242925210337e-02
3.945265178769620518e-02
3.945167518908910403e-02
4.029113198825486075e-02
3.945126617071426783e-02
3.945093581904614288e-02
3.945048958688002899e-02
3.944990977942160887e-02
3.944951565665209131e-02
4.026144683511702349e-02
3.944891311372375475e-02
3.944831163336096763e-02
4.022274699702752671e-02
3.944783954647873569e-02
3.944756406119406811e-02
3.944695213611478651e-02
4.025577034781032543e-02
3.944630150609580721e-02
3.944574542339667617e-02
3.944506844607207491e-02
3.944457014115006904e-02
3.944389686920917598e-02
3.944317524760553723e-02
4.024151137557567537e-02
3.944258633702455580e-02
3.944196010450035095e-02
3.944139422043512616e-02
3.944151722388810483e-02
3.944117992374072262e-02
3.944046447983041298e-02
3.944019630742754551e-02
3.943939387425458160e-02
3.943868783322235921e-02
3.943802447390142019e-02
4.024446491972154955e-02
4.027075436319751262e-02
4.024228908999758630e-02
4.025977863216259611e-02
4.026486802885569094e-02
4.025911872296993044e-02
4.022893337934375924e-02
3.943669664859282553e-02
4.021656640973355484e-02
3.943566862132163314e-02
3.943536616962237118e-02
3.943474635814422924e-02
3.943434721261056958e-02
4.012612500797922699e-02
3.943373324435354987e-02
3.943331186857296916e-02
3.943308360638191762e-02
4.020528300524103121e-02
3.943258988220037231e-02
3.943216252337342770e-02
3.943166449780118737e-02
4.021013092767346947e-02
3.943127076263742287e-02
3.943080122398247289e-02
3.943066978260371253e-02
3.943010857561459609e-02
3.942966300949952291e-02
3.942907379150951269e-02
4.021623963482774677e-02
4.024250113084008179e-02
4.021506789560260614e-02
3.942840763659032771e-02
4.020442104382397630e-02
3.942794752387846630e-02
4.018167008888745562e-02
3.942746733191704323e-02
3.942714611826476923e-02
3.942697998247309682e-02
3.942664757475509291e-02
4.018669984406443574e-02
3.942617645983668984e-02
3.942567385144323672e-02
4.019513618793196796e-02
3.942509058461583782e-02
3.942476942217361391e-02
