1.444270833333332860e+01
5.558333333333337123e+00
1.670729166666666288e+01
1.409166666666666856e+01
1.243854166666666572e+01
1.460312500000000568e+01
1.132083333333333997e+01
9.495833333333337123e+00
1.254270833333333712e+01
7.412499999999994316e+00
6.886458333333337123e+00
1.016562500000000568e+01
1.301041666666667140e+01
1.218645833333333428e+01
1.669479166666666003e+01
1.620104166666666856e+01
2.074062499999999432e+01
2.216458333333333997e+01
2.373749999999999716e+01
2.186875000000000568e+01
2.541354166666666003e+01
2.460520833333333712e+01
2.684062500000000284e+01
2.737708333333333144e+01
2.827812500000000284e+01
2.838020833333332860e+01
2.993333333333333712e+01
3.012083333333333712e+01
3.020937499999999432e+01
3.103958333333333997e+01
3.089166666666666572e+01
3.158020833333333144e+01
3.204166666666667140e+01
3.264895833333333997e+01
3.268645833333333428e+01
3.272604166666666003e+01
3.290312500000000284e+01
3.373229166666666856e+01
3.443437500000000284e+01
3.373749999999999716e+01
3.424687500000000284e+01
3.434583333333333144e+01
3.456874999999999432e+01
3.449375000000000568e+01
3.392916666666666003e+01
3.440000000000000568e+01
3.435520833333333712e+01
3.469791666666667140e+01
3.506770833333332860e+01
3.535520833333333712e+01
3.518229166666667140e+01
3.528020833333333428e+01
3.497916666666667140e+01
3.507187500000000568e+01
3.514374999999999716e+01
3.548229166666666856e+01
3.547395833333332860e+01
3.550104166666666572e+01
3.572291666666666288e+01
3.577083333333332860e+01
3.574687500000000284e+01
3.588958333333333428e+01
3.586354166666666288e+01
3.584166666666666856e+01
3.593541666666666856e+01
3.589479166666666288e+01
3.594479166666666003e+01
3.599895833333333428e+01
3.605208333333333570e+01
3.611562500000000142e+01
3.599270833333333997e+01
3.614583333333333570e+01
3.610104166666666714e+01
3.612916666666666998e+01
3.614374999999999716e+01
3.618750000000000000e+01
3.622395833333333570e+01
3.622500000000000142e+01
3.631354166666666572e+01
3.633437500000000142e+01
3.635416666666666430e+01
3.639062500000000000e+01
3.629895833333333144e+01
3.643229166666666430e+01
3.632083333333333286e+01
3.642083333333333428e+01
3.642083333333333428e+01
3.646145833333333286e+01
3.649687500000000284e+01
3.653645833333333570e+01
3.655312500000000142e+01
3.662083333333333002e+01
3.660312499999999858e+01
3.663333333333333286e+01
3.666666666666666430e+01
3.663854166666666856e+01
3.664062500000000000e+01
3.667395833333333144e+01
3.666458333333333286e+01
3.666041666666666998e+01
3.669270833333333570e+01
3.669166666666666998e+01
3.670208333333333428e+01
3.673958333333333570e+01
3.672604166666666714e+01
3.674479166666666430e+01
3.679166666666666430e+01
3.678750000000000142e+01
3.682708333333333428e+01
3.684895833333333570e+01
3.683958333333333002e+01
3.685625000000000284e+01
3.686458333333333570e+01
3.689270833333333144e+01
3.690312500000000284e+01
3.693124999999999858e+01
3.694375000000000142e+01
3.692083333333333428e+01
3.693437500000000284e+01
3.694583333333333286e+01
3.700104166666666572e+01
3.699895833333333428e+01
3.696354166666666430e+01
3.698333333333333428e+01
3.697708333333333286e+01
3.700000000000000000e+01
3.701041666666666430e+01
3.701041666666666430e+01
3.702812500000000284e+01
3.705208333333333570e+01
3.704375000000000284e+01
3.706250000000000000e+01
3.706354166666666572e+01
3.708645833333333286e+01
3.707500000000000284e+01
3.704479166666666856e+01
3.705937500000000284e+01
3.704583333333333428e+01
3.707395833333333002e+01
3.709062500000000284e+01
3.708958333333333002e+01
3.710000000000000142e+01
3.711041666666666572e+01
3.712500000000000000e+01
3.714374999999999716e+01
3.714895833333333286e+01
3.716354166666666714e+01
3.714895833333333286e+01
3.716979166666666856e+01
3.715416666666666856e+01
3.717499999999999716e+01
3.717291666666666572e+01
3.719166666666666998e+01
3.717604166666666998e+01
3.718437500000000284e+01
3.719166666666666998e+01
3.721458333333333002e+01
3.721249999999999858e+01
3.720104166666666856e+01
3.721354166666666430e+01
3.721041666666666714e+01
3.724479166666666430e+01
3.724062500000000142e+01
3.725104166666666572e+01
3.725520833333333570e+01
3.726041666666666430e+01
3.725937499999999858e+01
3.725833333333333286e+01
3.726562500000000000e+01
3.732500000000000284e+01
3.726041666666666430e+01
3.729375000000000284e+01
3.727916666666666856e+01
3.730624999999999858e+01
3.732083333333333286e+01
3.733854166666666430e+01
3.733958333333333002e+01
3.736041666666666572e+01
3.733854166666666430e+01
3.734583333333333144e+01
3.736874999999999858e+01
3.733541666666666714e+01
3.737916666666666998e+01
3.737187500000000284e+01
3.735937500000000000e+01
3.738750000000000284e+01
3.737291666666666856e+01
3.738854166666666856e+01
3.740104166666666430e+01
3.739270833333333144e+01
3.737916666666666998e+01
3.740208333333333002e+01
3.739687500000000142e+01
3.741145833333333570e+01
3.739895833333333286e+01
3.741458333333333286e+01
3.741354166666666714e+01
3.742916666666666714e+01
3.739791666666666714e+01
3.741250000000000142e+01
3.741770833333333002e+01
3.740416666666666856e+01
3.742499999999999716e+01
3.743124999999999858e+01
3.743020833333333286e+01
3.742812500000000142e+01
3.745937500000000142e+01
3.746562500000000284e+01
3.747083333333333144e+01
3.748541666666666572e+01
3.749479166666666430e+01
3.749791666666666856e+01
3.750000000000000000e+01
3.750937499999999858e+01
3.751041666666666430e+01
3.752812500000000284e+01
3.753541666666666998e+01
3.752708333333333002e+01
3.752291666666666714e+01
3.753020833333333428e+01
3.753854166666666714e+01
3.753854166666666714e+01
3.752291666666666714e+01
3.754583333333333428e+01
3.752916666666666856e+01
3.756458333333333144e+01
3.753541666666666998e+01
3.756458333333333144e+01
3.755833333333333002e+01
3.758124999999999716e+01
3.758541666666666714e+01
3.756145833333333428e+01
3.760104166666666714e+01
3.760312499999999858e+01
3.759583333333333144e+01
3.757916666666666572e+01
3.761145833333333144e+01
3.761874999999999858e+01
3.757916666666666572e+01
3.760104166666666714e+01
3.762187500000000284e+01
3.763854166666666856e+01
3.763020833333333570e+01
3.766145833333333570e+01
3.763125000000000142e+01
3.764583333333333570e+01
3.765208333333333002e+01
3.765729166666666572e+01
3.765937499999999716e+01
3.765833333333333144e+01
3.768020833333333286e+01
3.766979166666666856e+01
3.768124999999999858e+01
3.770000000000000284e+01
3.769687499999999858e+01
3.769479166666666714e+01
3.770000000000000284e+01
3.770312500000000000e+01
3.771354166666666430e+01
3.770624999999999716e+01
3.769687499999999858e+01
3.771562500000000284e+01
3.771666666666666856e+01
3.771979166666666572e+01
3.772708333333333286e+01
3.774895833333333428e+01
3.773958333333333570e+01
3.773333333333333428e+01
3.774895833333333428e+01
3.774895833333333428e+01
3.775416666666666998e+01
3.774166666666666714e+01
3.774166666666666714e+01
3.775520833333333570e+01
3.775520833333333570e+01
3.775833333333333286e+01
3.778854166666666714e+01
3.778437499999999716e+01
3.779166666666666430e+01
3.780312500000000142e+01
3.779270833333333002e+01
3.778229166666666572e+01
3.780416666666666714e+01
3.782187499999999858e+01
3.781041666666666856e+01
3.782395833333333002e+01
3.782708333333333428e+01
3.783645833333333286e+01
3.781041666666666856e+01
3.778750000000000142e+01
3.783229166666666998e+01
3.781770833333333570e+01
3.782812500000000000e+01
3.783749999999999858e+01
3.783854166666666430e+01
3.785312499999999858e+01
3.783020833333333144e+01
3.783333333333333570e+01
3.783333333333333570e+01
3.784479166666666572e+01
3.785416666666666430e+01
3.788229166666666714e+01
3.788333333333333286e+01
3.785937500000000000e+01
3.788125000000000142e+01
3.785625000000000284e+01
3.786354166666666998e+01
3.786458333333333570e+01
3.786666666666666714e+01
3.787395833333333428e+01
3.786874999999999858e+01
3.788229166666666714e+01
3.786145833333333144e+01
3.788437499999999858e+01
3.788958333333333428e+01
3.790208333333333002e+01
3.789999999999999858e+01
3.790104166666666430e+01
3.791562499999999858e+01
3.790937499999999716e+01
3.790937499999999716e+01
3.792291666666666572e+01
3.791250000000000142e+01
3.794270833333333570e+01
3.792812500000000142e+01
3.793541666666666856e+01
3.794375000000000142e+01
3.794166666666666998e+01
3.795208333333333428e+01
3.797187499999999716e+01
3.797812499999999858e+01
3.797812499999999858e+01
3.797604166666666714e+01
3.798645833333333144e+01
3.797708333333333286e+01
3.799583333333333002e+01
3.799895833333333428e+01
3.799687500000000284e+01
3.797708333333333286e+01
3.798854166666666998e+01
3.798958333333333570e+01
3.799895833333333428e+01
3.800000000000000000e+01
3.800000000000000000e+01
3.801979166666666998e+01
3.801770833333333144e+01
3.804791666666666572e+01
3.803645833333333570e+01
3.804166666666666430e+01
3.804791666666666572e+01
3.804999999999999716e+01
3.803958333333333286e+01
3.803020833333333428e+01
3.804895833333333144e+01
3.805729166666666430e+01
3.805312500000000142e+01
3.809895833333333570e+01
3.807812500000000000e+01
3.807500000000000284e+01
3.810312499999999858e+01
3.811874999999999858e+01
3.811666666666666714e+01
3.810833333333333428e+01
3.811770833333333286e+01
3.812604166666666572e+01
3.813750000000000284e+01
3.813958333333333428e+01
3.816458333333333286e+01
3.815520833333333428e+01
3.819479166666666714e+01
3.818645833333333428e+01
3.817708333333333570e+01
3.820729166666666998e+01
3.820520833333333144e+01
3.822395833333333570e+01
3.822916666666666430e+01
3.822083333333333144e+01
3.823958333333333570e+01
3.824166666666666714e+01
3.824270833333333286e+01
3.825416666666666998e+01
3.824895833333333428e+01
3.825729166666666714e+01
3.823437500000000000e+01
3.826458333333333428e+01
3.825416666666666998e+01
3.827083333333333570e+01
3.827499999999999858e+01
3.827291666666666714e+01
3.826979166666666998e+01
3.828645833333333570e+01
3.828229166666666572e+01
3.829895833333333144e+01
3.825729166666666714e+01
3.827604166666666430e+01
3.828020833333333428e+01
3.828125000000000000e+01
3.827812500000000284e+01
3.829583333333333428e+01
3.831458333333333144e+01
3.832291666666666430e+01
3.833749999999999858e+01
3.831770833333333570e+01
3.835937500000000000e+01
3.836770833333333286e+01
3.835208333333333286e+01
3.836249999999999716e+01
3.834791666666666998e+01
3.836770833333333286e+01
3.838958333333333428e+01
3.837291666666666856e+01
3.840520833333333428e+01
3.841979166666666856e+01
3.842499999999999716e+01
3.840416666666666856e+01
3.842604166666666998e+01
3.843124999999999858e+01
3.846041666666666714e+01
3.847708333333333286e+01
3.847500000000000142e+01
3.850416666666666998e+01
3.850520833333333570e+01
3.854270833333333002e+01
3.854791666666666572e+01
3.853229166666666572e+01
3.854583333333333428e+01
3.854479166666666856e+01
3.855208333333333570e+01
3.856458333333333144e+01
3.860000000000000142e+01
3.857916666666666572e+01
3.858437500000000142e+01
3.857916666666666572e+01
3.856666666666666998e+01
3.858229166666666998e+01
3.862291666666666856e+01
3.858229166666666998e+01
3.862604166666666572e+01
3.862083333333333002e+01
3.862083333333333002e+01
3.862708333333333144e+01
3.866979166666666856e+01
3.865520833333333428e+01
3.868541666666666856e+01
3.866250000000000142e+01
3.866875000000000284e+01
3.868958333333333144e+01
3.869375000000000142e+01
3.868854166666666572e+01
3.870208333333333428e+01
3.871145833333333286e+01
3.872604166666666714e+01
3.871666666666666856e+01
3.872291666666666998e+01
3.874062500000000142e+01
3.877812500000000284e+01
3.877708333333333002e+01
3.877708333333333002e+01
3.878020833333333428e+01
3.875833333333333286e+01
3.878125000000000000e+01
3.879583333333333428e+01
3.881145833333333428e+01
3.880729166666666430e+01
3.883854166666666430e+01
3.883124999999999716e+01
3.884687499999999716e+01
3.884062500000000284e+01
3.885000000000000142e+01
3.883749999999999858e+01
3.884895833333333570e+01
3.885937500000000000e+01
3.889166666666666572e+01
3.886458333333333570e+01
3.888645833333333002e+01
3.887500000000000000e+01
3.887500000000000000e+01
3.888541666666666430e+01
3.894166666666666998e+01
3.891041666666666998e+01
3.893645833333333428e+01
3.892395833333333144e+01
3.889791666666666714e+01
3.893437500000000284e+01
3.893854166666666572e+01
3.891458333333333286e+01
3.895937500000000142e+01
3.896562500000000284e+01
3.893437500000000284e+01
3.895937500000000142e+01
3.897291666666666998e+01
3.898854166666666998e+01
3.896562500000000284e+01
3.899583333333333002e+01
3.899791666666666856e+01
3.902604166666666430e+01
3.897500000000000142e+01
3.898645833333333144e+01
3.900729166666666714e+01
3.899583333333333002e+01
3.902604166666666430e+01
3.896145833333333286e+01
3.895416666666666572e+01
3.896562500000000284e+01
3.901770833333333144e+01
3.898854166666666998e+01
3.899270833333333286e+01
3.899895833333333428e+01
3.899374999999999858e+01
3.902916666666666856e+01
3.900937499999999858e+01
3.903437499999999716e+01
3.899270833333333286e+01
3.902604166666666430e+01
3.902395833333333286e+01
3.902916666666666856e+01
3.901145833333333002e+01
3.902812500000000284e+01
3.902812500000000284e+01
3.903229166666666572e+01
3.904479166666666856e+01
3.903437499999999716e+01
3.904791666666666572e+01
3.904270833333333002e+01
3.904895833333333144e+01
3.905416666666666714e+01
3.904999999999999716e+01
3.905937500000000284e+01
3.903333333333333144e+01
3.904791666666666572e+01
3.905520833333333286e+01
3.905104166666666998e+01
3.906979166666666714e+01
3.905624999999999858e+01
3.905624999999999858e+01
3.904999999999999716e+01
3.905104166666666998e+01
3.905416666666666714e+01
3.904687500000000000e+01
3.905416666666666714e+01
3.904479166666666856e+01
3.906250000000000000e+01
3.904270833333333002e+01
3.906770833333333570e+01
3.905729166666666430e+01
3.905833333333333002e+01
3.904062499999999858e+01
3.906354166666666572e+01
3.906979166666666714e+01
3.897812499999999858e+01
3.901666666666666572e+01
3.905416666666666714e+01
3.903125000000000000e+01
3.902708333333333002e+01
3.904791666666666572e+01
3.904895833333333144e+01
3.908124999999999716e+01
3.907812500000000000e+01
3.905729166666666430e+01
3.907812500000000000e+01
3.906979166666666714e+01
3.907812500000000000e+01
3.903437499999999716e+01
3.906041666666666856e+01
3.907812500000000000e+01
3.908020833333333144e+01
3.907812500000000000e+01
3.907187499999999858e+01
3.906145833333333428e+01
3.906875000000000142e+01
3.902291666666666714e+01
3.903020833333333428e+01
3.903229166666666572e+01
3.905208333333333570e+01
3.909166666666666856e+01
3.909895833333333570e+01
3.914479166666666998e+01
3.911249999999999716e+01
3.907500000000000284e+01
3.910833333333333428e+01
3.909479166666666572e+01
3.909062500000000284e+01
3.909895833333333570e+01
3.909583333333333144e+01
3.906250000000000000e+01
3.910000000000000142e+01
3.908645833333333286e+01
3.910312499999999858e+01
3.909062500000000284e+01
3.905104166666666998e+01
3.908749999999999858e+01
3.910208333333333286e+01
3.908229166666666998e+01
3.907500000000000284e+01
3.910000000000000142e+01
3.909270833333333428e+01
3.908645833333333286e+01
3.905833333333333002e+01
3.911041666666666572e+01
3.908854166666666430e+01
3.911041666666666572e+01
3.911145833333333144e+01
3.909895833333333570e+01
3.913229166666666714e+01
3.911666666666666714e+01
3.912812499999999716e+01
3.910208333333333286e+01
3.913333333333333286e+01
3.910625000000000284e+01
3.910000000000000142e+01
3.909687499999999716e+01
3.908229166666666998e+01
3.911041666666666572e+01
3.912916666666666998e+01
3.912187500000000284e+01
3.912291666666666856e+01
3.910520833333333002e+01
3.912916666666666998e+01
3.909895833333333570e+01
3.912500000000000000e+01
3.911458333333333570e+01
3.912708333333333144e+01
3.910208333333333286e+01
3.916458333333333286e+01
3.912604166666666572e+01
3.911354166666666998e+01
3.914374999999999716e+01
3.918124999999999858e+01
3.921458333333333002e+01
3.916250000000000142e+01
3.919895833333333002e+01
3.918854166666666572e+01
3.917291666666666572e+01
3.914687500000000142e+01
3.912916666666666998e+01
3.916458333333333286e+01
3.919479166666666714e+01
3.919375000000000142e+01
3.919166666666666998e+01
3.918854166666666572e+01
3.918958333333333144e+01
3.917083333333333428e+01
3.917916666666666714e+01
3.916145833333333570e+01
3.916562499999999858e+01
3.913437499999999858e+01
3.915833333333333144e+01
3.914687500000000142e+01
3.915312500000000284e+01
3.918437500000000284e+01
3.918124999999999858e+01
3.916354166666666714e+01
3.920000000000000284e+01
3.916562499999999858e+01
3.918750000000000000e+01
3.920416666666666572e+01
3.920416666666666572e+01
3.919687499999999858e+01
3.920000000000000284e+01
3.920104166666666856e+01
3.920416666666666572e+01
3.920729166666666998e+01
3.919583333333333286e+01
3.922083333333333144e+01
3.920624999999999716e+01
3.920520833333333144e+01
3.923020833333333002e+01
3.922187499999999716e+01
3.920312500000000000e+01
3.922395833333333570e+01
3.920520833333333144e+01
3.923541666666666572e+01
3.918541666666666856e+01
3.921666666666666856e+01
3.920208333333333428e+01
3.919270833333333570e+01
3.920208333333333428e+01
3.916041666666666998e+01
3.921354166666666430e+01
3.914479166666666998e+01
3.921145833333333286e+01
3.918750000000000000e+01
3.916354166666666714e+01
3.918333333333333002e+01
3.918333333333333002e+01
3.918229166666666430e+01
3.923333333333333428e+01
3.916875000000000284e+01
3.916458333333333286e+01
3.919687499999999858e+01
3.923749999999999716e+01
3.919166666666666998e+01
3.921875000000000000e+01
3.921041666666666714e+01
3.921979166666666572e+01
3.918645833333333428e+01
3.920729166666666998e+01
3.920000000000000284e+01
3.921666666666666856e+01
3.918020833333333286e+01
3.922604166666666714e+01
3.921041666666666714e+01
3.920520833333333144e+01
3.922916666666666430e+01
3.921041666666666714e+01
3.921249999999999858e+01
3.919791666666666430e+01
3.923125000000000284e+01
3.921770833333333428e+01
3.923333333333333428e+01
3.920729166666666998e+01
3.920520833333333144e+01
3.919791666666666430e+01
3.918854166666666572e+01
3.919895833333333002e+01
3.920000000000000284e+01
3.923333333333333428e+01
3.921979166666666572e+01
3.923645833333333144e+01
3.919166666666666998e+01
3.923645833333333144e+01
3.923958333333333570e+01
3.923854166666666998e+01
3.922604166666666714e+01
3.922291666666666998e+01
3.920833333333333570e+01
3.924374999999999858e+01
3.926458333333333428e+01
3.923333333333333428e+01
3.924791666666666856e+01
3.922812499999999858e+01
3.922500000000000142e+01
3.920208333333333428e+01
3.924062500000000142e+01
3.923437500000000000e+01
3.923958333333333570e+01
3.923749999999999716e+01
3.923437500000000000e+01
3.923645833333333144e+01
3.918541666666666856e+01
3.926562500000000000e+01
3.925416666666666998e+01
3.922500000000000142e+01
3.920729166666666998e+01
3.921145833333333286e+01
3.926250000000000284e+01
3.924374999999999858e+01
3.923749999999999716e+01
3.924791666666666856e+01
3.923229166666666856e+01
3.918541666666666856e+01
3.922395833333333570e+01
3.925625000000000142e+01
3.926562500000000000e+01
3.928854166666666714e+01
3.931250000000000000e+01
3.932395833333333002e+01
3.933437500000000142e+01
3.926354166666666856e+01
3.929687500000000000e+01
3.929999999999999716e+01
3.927604166666666430e+01
3.927812500000000284e+01
3.923749999999999716e+01
3.924687500000000284e+01
3.928958333333333286e+01
3.925729166666666714e+01
3.923958333333333570e+01
3.926145833333333002e+01
3.926979166666666998e+01
3.925625000000000142e+01
3.923645833333333144e+01
3.926354166666666856e+01
3.926041666666666430e+01
3.926354166666666856e+01
3.925625000000000142e+01
3.926874999999999716e+01
3.925520833333333570e+01
3.923645833333333144e+01
3.926354166666666856e+01
3.928333333333333144e+01
3.931354166666666572e+01
3.924270833333333286e+01
3.928229166666666572e+01
3.924583333333333002e+01
3.926874999999999716e+01
3.929583333333333428e+01
3.927083333333333570e+01
3.928854166666666714e+01
3.925000000000000000e+01
3.927708333333333002e+01
3.927499999999999858e+01
3.926354166666666856e+01
3.929062499999999858e+01
3.930416666666666714e+01
3.924270833333333286e+01
