1.612812499999999716e+01
5.256249999999994316e+00
1.822812500000000568e+01
1.565312500000000284e+01
1.234062500000000284e+01
1.947187499999999716e+01
1.085625000000000284e+01
1.040625000000000000e+01
1.219062499999999716e+01
8.087500000000005684e+00
6.253124999999997158e+00
1.103125000000000000e+01
1.666249999999999432e+01
1.363750000000000284e+01
1.802500000000000568e+01
1.869374999999999432e+01
2.181562499999999716e+01
2.228125000000000000e+01
2.527500000000000568e+01
2.150312499999999716e+01
2.728437499999999716e+01
2.456250000000000000e+01
2.698749999999999716e+01
2.661562499999999432e+01
2.789062500000000000e+01
2.748125000000000284e+01
2.935312500000000568e+01
2.981562499999999716e+01
2.967187500000000000e+01
3.042499999999999716e+01
3.092499999999999716e+01
3.040625000000000000e+01
3.139062500000000000e+01
3.227812500000000284e+01
3.314374999999999716e+01
3.260625000000000284e+01
3.250937500000000568e+01
3.336249999999999716e+01
3.409687499999999716e+01
3.423125000000000284e+01
3.466875000000000284e+01
3.440312500000000284e+01
3.448437500000000000e+01
3.585937500000000000e+01
3.379999999999999716e+01
3.515000000000000568e+01
3.464374999999999716e+01
3.485937500000000000e+01
3.515625000000000000e+01
3.514062500000000000e+01
3.513437500000000568e+01
3.489374999999999716e+01
3.502500000000000568e+01
3.563750000000000284e+01
3.502187499999999432e+01
3.532500000000000284e+01
3.537187500000000284e+01
3.571250000000000568e+01
3.535625000000000284e+01
3.512500000000000000e+01
3.558437499999999432e+01
3.534062500000000284e+01
3.555312499999999432e+01
3.556250000000000000e+01
3.591875000000000284e+01
3.579375000000000284e+01
3.602499999999999858e+01
3.547187499999999716e+01
3.579999999999999716e+01
3.562500000000000000e+01
3.582187500000000568e+01
3.558437499999999432e+01
3.629062499999999858e+01
3.564687499999999432e+01
3.593750000000000000e+01
3.580625000000000568e+01
3.599375000000000568e+01
3.592187500000000000e+01
3.638125000000000142e+01
3.614062500000000000e+01
3.627812500000000284e+01
3.641250000000000142e+01
3.628125000000000000e+01
3.645624999999999716e+01
3.639374999999999716e+01
3.636874999999999858e+01
3.630624999999999858e+01
3.648437500000000000e+01
3.651562500000000000e+01
3.648125000000000284e+01
3.655624999999999858e+01
3.659687499999999716e+01
3.662187500000000284e+01
3.656250000000000000e+01
3.664687500000000142e+01
3.658437500000000142e+01
3.663750000000000284e+01
3.658749999999999858e+01
3.662812499999999716e+01
3.665625000000000000e+01
3.665312500000000284e+01
3.667187500000000000e+01
3.671562500000000284e+01
3.668750000000000000e+01
3.665625000000000000e+01
3.669687499999999858e+01
3.664062500000000000e+01
3.677187500000000142e+01
3.672812499999999858e+01
3.676874999999999716e+01
3.673749999999999716e+01
3.677499999999999858e+01
3.677499999999999858e+01
3.676250000000000284e+01
3.674687500000000284e+01
3.680312500000000142e+01
3.678125000000000000e+01
3.679687500000000000e+01
3.676874999999999716e+01
3.675312499999999716e+01
3.678437499999999716e+01
3.684375000000000000e+01
3.684687499999999716e+01
3.683437500000000142e+01
3.690937499999999716e+01
3.687812499999999716e+01
3.688125000000000142e+01
3.692499999999999716e+01
3.695312500000000000e+01
3.695000000000000284e+01
3.694687499999999858e+01
3.695000000000000284e+01
3.690312500000000284e+01
3.701562500000000000e+01
3.695000000000000284e+01
3.691250000000000142e+01
3.702187500000000142e+01
3.695624999999999716e+01
3.697187499999999716e+01
3.697812499999999858e+01
3.700625000000000142e+01
3.703437499999999716e+01
3.701250000000000284e+01
3.698437500000000000e+01
3.706875000000000142e+01
3.701250000000000284e+01
3.706562499999999716e+01
3.704999999999999716e+01
3.707500000000000284e+01
3.708749999999999858e+01
3.707500000000000284e+01
3.706250000000000000e+01
3.708124999999999716e+01
3.710937500000000000e+01
3.710625000000000284e+01
3.722500000000000142e+01
3.709687499999999716e+01
3.714374999999999716e+01
3.713750000000000284e+01
3.715937499999999716e+01
3.718750000000000000e+01
3.715937499999999716e+01
3.716875000000000284e+01
3.720000000000000284e+01
3.720937500000000142e+01
3.719375000000000142e+01
3.725312499999999716e+01
3.727499999999999858e+01
3.728125000000000000e+01
3.729687500000000000e+01
3.726562500000000000e+01
3.728125000000000000e+01
3.729062499999999858e+01
3.731562499999999716e+01
3.731562499999999716e+01
3.732500000000000284e+01
3.733749999999999858e+01
3.736249999999999716e+01
3.731875000000000142e+01
3.741250000000000142e+01
3.739999999999999858e+01
3.739999999999999858e+01
3.737187500000000284e+01
3.740625000000000000e+01
3.736874999999999858e+01
3.741875000000000284e+01
3.736874999999999858e+01
3.740312500000000284e+01
3.741875000000000284e+01
3.742187500000000000e+01
3.740312500000000284e+01
3.744062499999999716e+01
3.739062500000000000e+01
3.739687500000000142e+01
3.736249999999999716e+01
3.738125000000000142e+01
3.736562500000000142e+01
3.739062500000000000e+01
3.739374999999999716e+01
3.742187500000000000e+01
3.742499999999999716e+01
3.741562499999999858e+01
3.745312500000000000e+01
3.740625000000000000e+01
3.742499999999999716e+01
3.743124999999999858e+01
3.748437500000000000e+01
3.744062499999999716e+01
3.745312500000000000e+01
3.747500000000000142e+01
3.742187500000000000e+01
3.744687499999999858e+01
3.739999999999999858e+01
3.746562500000000284e+01
3.744375000000000142e+01
3.748125000000000284e+01
3.749687500000000284e+01
3.750937499999999858e+01
3.744375000000000142e+01
3.750000000000000000e+01
3.745000000000000284e+01
3.749062500000000142e+01
3.746562500000000284e+01
3.747500000000000142e+01
3.746875000000000000e+01
3.743124999999999858e+01
3.749687500000000284e+01
3.749374999999999858e+01
3.752187500000000142e+01
3.747812499999999858e+01
3.755624999999999858e+01
3.754062499999999858e+01
3.751874999999999716e+01
3.752812500000000284e+01
3.757187499999999858e+01
3.753125000000000000e+01
3.753750000000000142e+01
3.758437500000000142e+01
3.750625000000000142e+01
3.751874999999999716e+01
3.754687500000000000e+01
3.754999999999999716e+01
3.758124999999999716e+01
3.757187499999999858e+01
3.757812500000000000e+01
3.751874999999999716e+01
3.759062500000000284e+01
3.753750000000000142e+01
3.763437499999999858e+01
3.752187500000000142e+01
3.759062500000000284e+01
3.755937500000000284e+01
3.756562499999999716e+01
3.756562499999999716e+01
3.756250000000000000e+01
3.758124999999999716e+01
3.756562499999999716e+01
3.757187499999999858e+01
3.757187499999999858e+01
3.755624999999999858e+01
3.758437500000000142e+01
3.757812500000000000e+01
3.760000000000000142e+01
3.757500000000000284e+01
3.760312499999999858e+01
3.759687499999999716e+01
3.760000000000000142e+01
3.760625000000000284e+01
3.759687499999999716e+01
3.757500000000000284e+01
3.758749999999999858e+01
3.762187500000000284e+01
3.761874999999999858e+01
3.758124999999999716e+01
3.759687499999999716e+01
3.759375000000000000e+01
3.760312499999999858e+01
3.760312499999999858e+01
3.761874999999999858e+01
3.761874999999999858e+01
3.761874999999999858e+01
3.761874999999999858e+01
3.760937500000000000e+01
3.760937500000000000e+01
3.762500000000000000e+01
3.764374999999999716e+01
3.764374999999999716e+01
3.765625000000000000e+01
3.768750000000000000e+01
3.767812500000000142e+01
3.766250000000000142e+01
3.766875000000000284e+01
3.767812500000000142e+01
3.768124999999999858e+01
3.765625000000000000e+01
3.768750000000000000e+01
3.767812500000000142e+01
3.769375000000000142e+01
3.769687499999999858e+01
3.770624999999999716e+01
3.771249999999999858e+01
3.772187499999999716e+01
3.773437500000000000e+01
3.770937500000000142e+01
3.775000000000000000e+01
3.770312500000000000e+01
3.773125000000000284e+01
3.770000000000000284e+01
3.772187499999999716e+01
3.775625000000000142e+01
3.772812499999999858e+01
3.775937499999999858e+01
3.775312499999999716e+01
3.777499999999999858e+01
3.779687500000000000e+01
3.777187500000000142e+01
3.778750000000000142e+01
3.776250000000000284e+01
3.776562500000000000e+01
3.775000000000000000e+01
3.777499999999999858e+01
3.776250000000000284e+01
3.776562500000000000e+01
3.779375000000000284e+01
3.779062499999999858e+01
3.776562500000000000e+01
3.777499999999999858e+01
3.780624999999999858e+01
3.779375000000000284e+01
3.781250000000000000e+01
3.779687500000000000e+01
3.778437499999999716e+01
3.779062499999999858e+01
3.779062499999999858e+01
3.780312500000000142e+01
3.780937500000000284e+01
3.781250000000000000e+01
3.785312499999999858e+01
3.783437500000000142e+01
3.787187500000000284e+01
3.784687499999999716e+01
3.788437499999999858e+01
3.788750000000000284e+01
3.787500000000000000e+01
3.791562499999999858e+01
3.789374999999999716e+01
3.791250000000000142e+01
3.791875000000000284e+01
3.785625000000000284e+01
3.791875000000000284e+01
3.788437499999999858e+01
3.790625000000000000e+01
3.790937499999999716e+01
3.791875000000000284e+01
3.792499999999999716e+01
3.793437500000000284e+01
3.794375000000000142e+01
3.792187500000000000e+01
3.794687499999999858e+01
3.793750000000000000e+01
3.796875000000000000e+01
3.792812500000000142e+01
3.796562500000000284e+01
3.795312500000000000e+01
3.796562500000000284e+01
3.798437500000000000e+01
3.801250000000000284e+01
3.799687500000000284e+01
3.802187500000000142e+01
3.804687500000000000e+01
3.801874999999999716e+01
3.801562500000000000e+01
3.804375000000000284e+01
3.802812500000000284e+01
3.807500000000000284e+01
3.807500000000000284e+01
3.808437500000000142e+01
3.809687499999999716e+01
3.810625000000000284e+01
3.806875000000000142e+01
3.812500000000000000e+01
3.815625000000000000e+01
3.816875000000000284e+01
3.811874999999999858e+01
3.817187500000000000e+01
3.813750000000000284e+01
3.818124999999999858e+01
3.817187500000000000e+01
3.822187499999999716e+01
3.824374999999999858e+01
3.824687500000000284e+01
3.825937499999999858e+01
3.821249999999999858e+01
3.824062500000000142e+01
3.824687500000000284e+01
3.825000000000000000e+01
3.827812500000000284e+01
3.828750000000000142e+01
3.828125000000000000e+01
3.831250000000000000e+01
3.829999999999999716e+01
3.829062499999999858e+01
3.834687499999999716e+01
3.836562500000000142e+01
3.830937500000000284e+01
3.840312500000000284e+01
3.831250000000000000e+01
3.838437499999999858e+01
3.835625000000000284e+01
3.838125000000000142e+01
3.838125000000000142e+01
3.839687500000000142e+01
3.835625000000000284e+01
3.837187500000000284e+01
3.840937499999999716e+01
3.839374999999999716e+01
3.840625000000000000e+01
3.840625000000000000e+01
3.844375000000000142e+01
3.842812500000000142e+01
3.844687499999999858e+01
3.838750000000000284e+01
3.850625000000000142e+01
3.842499999999999716e+01
3.850000000000000000e+01
3.845937500000000142e+01
3.848749999999999716e+01
3.848749999999999716e+01
3.850000000000000000e+01
3.845624999999999716e+01
3.850000000000000000e+01
3.848125000000000284e+01
3.854062499999999858e+01
3.849062500000000142e+01
3.852187500000000142e+01
3.850000000000000000e+01
3.851250000000000284e+01
3.850000000000000000e+01
3.855624999999999858e+01
3.854687500000000000e+01
3.858437500000000142e+01
3.860625000000000284e+01
3.857812500000000000e+01
3.859375000000000000e+01
3.860625000000000284e+01
3.861874999999999858e+01
3.857187499999999858e+01
3.863125000000000142e+01
3.860000000000000142e+01
3.861874999999999858e+01
3.862500000000000000e+01
3.865312500000000284e+01
3.865312500000000284e+01
3.866250000000000142e+01
3.870000000000000284e+01
3.871249999999999858e+01
3.869687499999999858e+01
3.872187499999999716e+01
3.867812500000000142e+01
3.872812499999999858e+01
3.872500000000000142e+01
3.870937500000000142e+01
3.870937500000000142e+01
3.873749999999999716e+01
3.877187500000000142e+01
3.875000000000000000e+01
3.878125000000000000e+01
3.877812500000000284e+01
3.880624999999999858e+01
3.880624999999999858e+01
3.879375000000000284e+01
3.883437500000000142e+01
3.878750000000000142e+01
3.882812500000000000e+01
3.884062500000000284e+01
3.885312499999999858e+01
3.886874999999999858e+01
3.885312499999999858e+01
3.887500000000000000e+01
3.885937500000000000e+01
3.886562500000000142e+01
3.888437499999999858e+01
3.886249999999999716e+01
3.889374999999999716e+01
3.885625000000000284e+01
3.889687500000000142e+01
3.891875000000000284e+01
3.891250000000000142e+01
3.891875000000000284e+01
3.891250000000000142e+01
3.889687500000000142e+01
3.890625000000000000e+01
3.890625000000000000e+01
3.890937499999999716e+01
3.890937499999999716e+01
3.893124999999999858e+01
3.892812500000000142e+01
3.895312500000000000e+01
3.892812500000000142e+01
3.894375000000000142e+01
3.892499999999999716e+01
3.894687499999999858e+01
3.893750000000000000e+01
3.895000000000000284e+01
3.894375000000000142e+01
3.894062499999999716e+01
3.896249999999999858e+01
3.895624999999999716e+01
3.895312500000000000e+01
3.892812500000000142e+01
3.894375000000000142e+01
3.895937500000000142e+01
3.894687499999999858e+01
3.895312500000000000e+01
3.894062499999999716e+01
3.895312500000000000e+01
3.895312500000000000e+01
3.895624999999999716e+01
3.897187499999999716e+01
3.897500000000000142e+01
3.896249999999999858e+01
3.899062500000000142e+01
3.895624999999999716e+01
3.895624999999999716e+01
3.898749999999999716e+01
3.896875000000000000e+01
3.899062500000000142e+01
3.898749999999999716e+01
3.900000000000000000e+01
3.900000000000000000e+01
3.897500000000000142e+01
3.899374999999999858e+01
3.896562500000000284e+01
3.897812499999999858e+01
3.898125000000000284e+01
3.897812499999999858e+01
3.896875000000000000e+01
3.898437500000000000e+01
3.896875000000000000e+01
3.899062500000000142e+01
3.897187499999999716e+01
3.896562500000000284e+01
3.897187499999999716e+01
3.899687500000000284e+01
3.896875000000000000e+01
3.898437500000000000e+01
3.897812499999999858e+01
3.896875000000000000e+01
3.898749999999999716e+01
3.897500000000000142e+01
3.899062500000000142e+01
3.896875000000000000e+01
3.900312499999999716e+01
3.898125000000000284e+01
3.898125000000000284e+01
3.895937500000000142e+01
3.895937500000000142e+01
3.894062499999999716e+01
3.896562500000000284e+01
3.897500000000000142e+01
3.898437500000000000e+01
3.898125000000000284e+01
3.899062500000000142e+01
3.899374999999999858e+01
3.897812499999999858e+01
3.898437500000000000e+01
3.898437500000000000e+01
3.898749999999999716e+01
3.899687500000000284e+01
3.899687500000000284e+01
3.900312499999999716e+01
3.898125000000000284e+01
3.898437500000000000e+01
3.896875000000000000e+01
3.897812499999999858e+01
3.898125000000000284e+01
3.896249999999999858e+01
3.900625000000000142e+01
3.899374999999999858e+01
3.897812499999999858e+01
3.899062500000000142e+01
3.898125000000000284e+01
3.898437500000000000e+01
3.899062500000000142e+01
3.900625000000000142e+01
3.900312499999999716e+01
3.901562500000000000e+01
3.900625000000000142e+01
3.900937499999999858e+01
3.901250000000000284e+01
3.901250000000000284e+01
3.899687500000000284e+01
3.902812500000000284e+01
3.900937499999999858e+01
3.900937499999999858e+01
3.900625000000000142e+01
3.900625000000000142e+01
3.902499999999999858e+01
3.900312499999999716e+01
3.900312499999999716e+01
3.900937499999999858e+01
3.900000000000000000e+01
3.900625000000000142e+01
3.900312499999999716e+01
3.901562500000000000e+01
3.900937499999999858e+01
3.900937499999999858e+01
3.902499999999999858e+01
3.902499999999999858e+01
3.902812500000000284e+01
3.902812500000000284e+01
3.903125000000000000e+01
3.900937499999999858e+01
3.902187500000000142e+01
3.903125000000000000e+01
3.903125000000000000e+01
3.904687500000000000e+01
3.903125000000000000e+01
3.903437499999999716e+01
3.904062499999999858e+01
3.904062499999999858e+01
3.904999999999999716e+01
3.905312500000000142e+01
3.902499999999999858e+01
3.907187499999999858e+01
3.904375000000000284e+01
3.902187500000000142e+01
3.904062499999999858e+01
3.903437499999999716e+01
3.902499999999999858e+01
3.902499999999999858e+01
3.902812500000000284e+01
3.904687500000000000e+01
3.904999999999999716e+01
3.903125000000000000e+01
3.903437499999999716e+01
3.904375000000000284e+01
3.906875000000000142e+01
3.904999999999999716e+01
3.906250000000000000e+01
3.906250000000000000e+01
3.906250000000000000e+01
3.905937500000000284e+01
3.906562499999999716e+01
3.907500000000000284e+01
3.905624999999999858e+01
3.906562499999999716e+01
3.907187499999999858e+01
3.904999999999999716e+01
3.905937500000000284e+01
3.907500000000000284e+01
3.907500000000000284e+01
3.908124999999999716e+01
3.907812500000000000e+01
3.906562499999999716e+01
3.906562499999999716e+01
3.907500000000000284e+01
3.907812500000000000e+01
3.908124999999999716e+01
3.907500000000000284e+01
3.906562499999999716e+01
3.908124999999999716e+01
3.908749999999999858e+01
3.908749999999999858e+01
3.908437500000000142e+01
3.908749999999999858e+01
3.907187499999999858e+01
3.908437500000000142e+01
3.910000000000000142e+01
3.910000000000000142e+01
3.908749999999999858e+01
3.908749999999999858e+01
3.908749999999999858e+01
3.909062500000000284e+01
3.909062500000000284e+01
3.909062500000000284e+01
3.909687499999999716e+01
3.910937500000000000e+01
3.908124999999999716e+01
3.910625000000000284e+01
3.908437500000000142e+01
3.910312499999999858e+01
3.910625000000000284e+01
3.910000000000000142e+01
3.909687499999999716e+01
3.911249999999999716e+01
3.909687499999999716e+01
3.911249999999999716e+01
3.909687499999999716e+01
3.912187500000000284e+01
3.909375000000000000e+01
3.910312499999999858e+01
3.909687499999999716e+01
3.910000000000000142e+01
3.910312499999999858e+01
3.910625000000000284e+01
3.910937500000000000e+01
3.911562500000000142e+01
3.911874999999999858e+01
3.911249999999999716e+01
3.910937500000000000e+01
3.911562500000000142e+01
3.910312499999999858e+01
3.910000000000000142e+01
3.911562500000000142e+01
3.910937500000000000e+01
3.910625000000000284e+01
3.910625000000000284e+01
3.912500000000000000e+01
3.911249999999999716e+01
3.911874999999999858e+01
3.911249999999999716e+01
3.912812499999999716e+01
3.912812499999999716e+01
3.914374999999999716e+01
3.914374999999999716e+01
3.914374999999999716e+01
3.914374999999999716e+01
3.913125000000000142e+01
3.912812499999999716e+01
3.912500000000000000e+01
3.912500000000000000e+01
3.912812499999999716e+01
3.913750000000000284e+01
3.914374999999999716e+01
3.913437499999999858e+01
3.913437499999999858e+01
3.913125000000000142e+01
3.913750000000000284e+01
3.913437499999999858e+01
3.912812499999999716e+01
3.914687500000000142e+01
3.913437499999999858e+01
3.912500000000000000e+01
3.913750000000000284e+01
3.912812499999999716e+01
3.913125000000000142e+01
3.913125000000000142e+01
3.913437499999999858e+01
3.913750000000000284e+01
3.914374999999999716e+01
3.915312500000000284e+01
3.916250000000000142e+01
3.915937499999999716e+01
3.915312500000000284e+01
3.912812499999999716e+01
3.915937499999999716e+01
3.915937499999999716e+01
3.916562499999999858e+01
3.914687500000000142e+01
3.916250000000000142e+01
3.915625000000000000e+01
3.913125000000000142e+01
3.912812499999999716e+01
3.913437499999999858e+01
3.913125000000000142e+01
3.913750000000000284e+01
3.914687500000000142e+01
3.916250000000000142e+01
3.915625000000000000e+01
3.916875000000000284e+01
3.917812500000000142e+01
3.917187500000000000e+01
3.917812500000000142e+01
3.917187500000000000e+01
3.916250000000000142e+01
3.916562499999999858e+01
3.917187500000000000e+01
3.917812500000000142e+01
3.916875000000000284e+01
3.917187500000000000e+01
3.918124999999999858e+01
3.917499999999999716e+01
3.918124999999999858e+01
3.917187500000000000e+01
3.917499999999999716e+01
3.916250000000000142e+01
3.918124999999999858e+01
3.918750000000000000e+01
3.918750000000000000e+01
3.917812500000000142e+01
3.917812500000000142e+01
3.918124999999999858e+01
3.917812500000000142e+01
3.919062499999999716e+01
3.919062499999999716e+01
3.919062499999999716e+01
3.919687499999999858e+01
3.918750000000000000e+01
3.917499999999999716e+01
3.917187500000000000e+01
3.918750000000000000e+01
3.917812500000000142e+01
3.917499999999999716e+01
3.916562499999999858e+01
3.917187500000000000e+01
