4.945599555132269565e+00
4.159987641963014404e+00
1.825042396271847833e+00
2.244068957010165732e+00
9.324439510494066941e-01
7.459306518325985458e-01
6.231519861216087142e-01
3.952336512524520229e-01
3.078235847097458566e-01
2.184753460318728524e-01
2.021123170505072231e-01
2.058672440975879980e-01
1.501395669378299547e-01
1.498909605810983259e-01
1.386208795543791006e-01
1.056258755810300792e-01
9.359181035440879148e-02
1.026137036908015276e-01
8.116654896390827767e-02
8.170977728380666993e-02
7.535854231311829576e-02
7.417936190475317437e-02
7.177210433667596812e-02
6.725582763020772348e-02
6.675455629036672334e-02
6.444130893585758857e-02
6.292376442731524577e-02
6.148712960239860470e-02
6.017798716228003886e-02
5.903583486840349726e-02
5.818359867653086909e-02
5.787061052328486971e-02
5.737245747157968673e-02
5.584625182158975409e-02
5.551864084490155254e-02
5.458043385314705759e-02
5.417107434297505769e-02
5.315139573825865271e-02
5.239615246764851852e-02
5.204514632846701100e-02
5.172193953352589163e-02
5.105171238103763803e-02
5.121947967006525854e-02
5.062943361088543398e-02
5.072237161886769541e-02
5.020940859863013556e-02
4.992568823380764964e-02
4.958440383849560540e-02
4.933644758839929312e-02
4.909776021381404704e-02
4.858426907176097848e-02
4.884641547356780716e-02
4.876706613175227356e-02
4.800519368624582561e-02
4.818560301987505345e-02
4.808436814286400074e-02
4.781095718126473354e-02
4.771683782763076059e-02
4.741117508495984456e-02
4.772471511846480829e-02
4.720036047516702749e-02
4.717157401932321747e-02
4.723387483780883134e-02
4.693590894795907770e-02
4.697244710857736982e-02
4.667769033947653801e-02
4.657046697095437032e-02
4.642627608561738367e-02
4.632994705580240069e-02
4.632895630537731124e-02
4.644440832408056746e-02
4.622377008171189156e-02
4.618817198645736727e-02
4.620007874734030628e-02
4.615879953442680178e-02
4.608395711264074573e-02
4.594672530327414267e-02
4.582939407690102274e-02
4.578272333755344786e-02
4.573520914754166528e-02
4.547314977747522052e-02
4.542720170184918332e-02
4.554738312050918975e-02
4.537821909145197535e-02
4.535420893474535059e-02
4.538448699034196981e-02
4.525321561252549502e-02
4.525106390770482906e-02
4.513928739860702255e-02
4.504628966491222575e-02
4.495950790179088080e-02
4.485796052174701593e-02
4.498609628329804100e-02
4.483715765088998328e-02
4.514241697249318092e-02
4.494650528564537312e-02
4.482215524026310349e-02
4.486167693980076115e-02
4.481209843672356169e-02
4.478984777452563182e-02
4.472495039237039949e-02
4.463661838077296468e-02
4.463168930472669049e-02
4.457187073230767932e-02
4.464135144858607379e-02
4.453166225158344815e-02
4.458453850765817239e-02
4.449518673706950866e-02
4.445267929142931312e-02
4.440518569554507272e-02
4.446692111303352651e-02
4.437702580175149902e-02
4.430479855806676581e-02
4.426031665521517472e-02
4.421897296415458478e-02
4.419462909204509293e-02
4.412659386602797024e-02
4.410796038107798328e-02
4.409750111776918058e-02
4.410303035077685341e-02
4.404646105417285573e-02
4.396560031537330437e-02
4.396901675454848585e-02
4.397191281452622613e-02
4.388424244892412396e-02
4.386421839504728304e-02
4.385253179612676883e-02
4.377740243179321922e-02
4.373367470310553229e-02
4.373222081326427757e-02
4.369997911425459181e-02
4.361945112409261471e-02
4.358439252704652406e-02
4.357118339995483952e-02
4.348155674655079100e-02
4.356893028434120907e-02
4.347589328106061385e-02
4.350420067415237957e-02
4.340705493048060970e-02
4.340361536181741586e-02
4.334718262637839159e-02
4.329956796185829848e-02
4.325981167221938650e-02
4.325344021177088272e-02
4.319333853177955568e-02
4.317718496676511281e-02
4.314810462585379203e-02
4.314210646549304640e-02
4.314531512714556843e-02
4.310860228853821696e-02
4.311563706930399142e-02
4.308460731952923339e-02
4.306050731669919945e-02
4.299259115411155352e-02
4.300166740879551863e-02
4.292217827776816791e-02
4.296532108889348361e-02
4.292302214127224208e-02
4.287634924399503361e-02
4.292022302334207867e-02
4.283354526683814251e-02
4.283878155734208160e-02
4.285823061048623511e-02
4.283745251851940605e-02
4.282963570520686991e-02
4.279872379987479519e-02
4.277808148066625932e-02
4.275198853212486966e-02
4.269302707810539860e-02
4.267656106623901602e-02
4.263522350078342849e-02
4.264272299205783268e-02
4.261399676561038186e-02
4.261042539568127979e-02
4.258327314253815277e-02
4.255353329456536271e-02
4.254298235940141143e-02
4.247576716780299133e-02
4.253420046552147671e-02
4.242995109083145394e-02
4.243708202122667417e-02
4.248835924475517084e-02
4.243497326884904108e-02
4.244350719824830503e-02
4.240041299575014050e-02
4.238028213530437016e-02
4.236314018878627186e-02
4.233196396929211208e-02
4.229676539605138619e-02
4.226537179137245664e-02
4.227353482547333702e-02
4.223637877324949025e-02
4.223292961930324996e-02
4.220187102246072269e-02
4.220703697991591563e-02
4.222035895657390292e-02
4.219301887552828756e-02
4.220538349286062640e-02
4.216371503146106037e-02
4.217122219045451453e-02
4.212951246564225483e-02
4.211712644049822596e-02
4.213600559944917501e-02
4.209245670845088161e-02
4.209139058284266932e-02
4.205390544997842511e-02
4.208148069810541125e-02
4.206880607333707278e-02
4.205134716539501993e-02
4.200570492526947697e-02
4.205171396952573498e-02
4.203618305618085638e-02
4.199831364439550463e-02
4.199857767064518743e-02
4.200296066640094028e-02
4.196779710433339028e-02
4.197457852612513501e-02
4.197618708064597415e-02
4.194033873705511201e-02
4.192543370916980427e-02
4.192640677682644978e-02
4.189397525633843655e-02
4.191792296352084279e-02
4.188646633429220917e-02
4.186857846251683390e-02
4.187387067433169519e-02
4.183528104022769117e-02
4.185357712006447517e-02
4.181825542851975996e-02
4.183110443418622953e-02
4.179604604550080788e-02
4.179388840947879241e-02
4.177014891914551664e-02
4.173938302890167068e-02
4.174652302127400405e-02
4.170862708364844740e-02
4.173311171697646760e-02
4.169263603919205058e-02
4.171774186426151221e-02
4.169154458340406516e-02
4.166681201312486676e-02
4.167721764895383069e-02
4.165123626641088067e-02
4.165604843722971184e-02
4.163609488475168013e-02
4.163254127145426392e-02
4.161583601634792628e-02
4.161072174296744780e-02
4.157712855194931056e-02
4.160262175099658372e-02
4.159794555069094152e-02
4.159912058495070925e-02
4.158786627034467137e-02
4.157598624497078205e-02
4.156049909843200635e-02
4.157397713390743876e-02
4.153587122398409021e-02
4.155159694058464803e-02
4.152586723275775160e-02
4.153926591214509439e-02
4.152827835841539639e-02
4.152908194857250768e-02
4.151434392924709810e-02
4.153349537046941570e-02
4.151716796722104003e-02
4.150546825676489082e-02
4.148213449943331799e-02
4.149037421254825331e-02
4.147577798641940983e-02
4.147482194542014694e-02
4.144290415209686551e-02
4.149147795543503547e-02
4.146850299999841477e-02
4.147464434642252756e-02
4.147332015816389272e-02
4.145918368262680592e-02
4.147121267149899565e-02
4.144541164970149544e-02
4.145307707492563304e-02
4.143480300615785816e-02
4.143331136326511288e-02
4.143954909285332139e-02
4.143434220693155423e-02
4.142353038436897422e-02
4.140595505955586841e-02
4.138631100245696026e-02
4.137953727827982375e-02
4.136943591202827536e-02
4.133504545426800597e-02
4.138996961174852551e-02
4.135207155140164376e-02
4.136122647860892426e-02
4.133571316245841093e-02
4.134515988094360911e-02
4.134728537238643864e-02
4.133540388995229908e-02
4.133424596782668548e-02
4.132541881343888834e-02
4.131402940684840430e-02
4.129726361960346648e-02
4.128444324710339730e-02
4.129234468110329348e-02
4.125427931928159209e-02
4.129665582217630082e-02
4.126510833640484321e-02
4.128261790272616527e-02
4.125697754372531501e-02
4.125637960123852699e-02
4.125145130989216896e-02
4.122397954756010230e-02
4.124752018443944568e-02
4.122565856788326655e-02
4.123546001783537363e-02
4.122499173437253750e-02
4.120692772040984719e-02
4.120370126338908368e-02
4.120213462348910893e-02
4.120467862533611081e-02
4.119107390259195423e-02
4.120090451557539835e-02
4.120392184007750508e-02
4.119000735368920363e-02
4.119733888997500343e-02
4.117488506493578726e-02
4.118712428855116070e-02
4.117675091427670103e-02
4.117414485027563742e-02
4.117957839834219397e-02
4.117147547921302247e-02
4.115655466559248188e-02
4.117204730964378612e-02
4.115762256395635171e-02
4.116573395890956583e-02
4.115265347626293618e-02
4.115699397654198205e-02
4.115219437717853451e-02
4.117033800287293183e-02
4.111445872701349757e-02
4.114895447299061343e-02
4.112339285018448004e-02
4.114392933389866835e-02
4.112264108299898413e-02
4.112785655991365447e-02
4.112820525055262133e-02
4.112770392867986374e-02
4.111856537059299654e-02
4.111701734820617099e-02
4.110293210034907108e-02
4.110348820785170165e-02
4.110609974138994260e-02
4.108648833315911575e-02
4.109721262744963494e-02
4.108094037131257426e-02
4.108633610787584128e-02
4.106261582229282781e-02
4.107634306538969493e-02
4.106814054966746730e-02
4.106288356386625371e-02
4.107389547993052503e-02
4.104747860446197188e-02
4.106241238159673290e-02
4.106823826899897584e-02
4.103344317974047528e-02
4.106275618289073615e-02
4.102939951885204578e-02
4.103201215204781149e-02
4.102912143079509577e-02
4.100924948783712942e-02
4.103987826361622793e-02
4.100365171561369537e-02
4.100964506647532259e-02
4.099995733822680427e-02
4.098164518406251233e-02
4.101189883556345672e-02
4.099546072625622622e-02
4.099746432596924894e-02
4.100322419435377397e-02
4.098292434627875958e-02
4.098892193118566785e-02
4.098146348861301386e-02
4.099512653959453551e-02
4.096456590828513600e-02
4.097899565708562619e-02
4.096776620879191699e-02
4.096538960221962622e-02
4.097819914055152862e-02
4.095940449111203779e-02
4.096787537268994916e-02
4.096154417404347658e-02
4.094265440863759792e-02
4.095484261868943127e-02
4.094306354207332549e-02
4.093124209782861289e-02
4.094941242445265805e-02
4.093567597001229047e-02
4.094404312777231991e-02
4.093721570426380602e-02
4.093720867255364049e-02
4.093570980831626183e-02
4.093509840686770235e-02
4.092875976120619735e-02
4.092815393333219809e-02
4.090706729731695412e-02
4.091374521934941499e-02
4.095360283776035282e-02
4.091192528431339404e-02
4.091950912555120806e-02
4.091007131381391854e-02
4.091379168255827176e-02
4.090446350837788347e-02
4.091226041495436144e-02
4.089710699089142698e-02
4.090125956515016509e-02
4.089967387466168780e-02
4.089162591452440848e-02
4.088008653296284350e-02
4.089630215907641420e-02
4.088694313531791164e-02
4.088632100145642850e-02
4.088689764390170123e-02
4.087725902992712240e-02
4.088288719021748036e-02
4.084836160188051041e-02
4.087792695020682487e-02
4.085502051666049794e-02
4.087163282112211277e-02
4.086320761473797442e-02
4.086185541045064817e-02
4.086626186312536380e-02
4.084280593180391467e-02
4.086202376451361640e-02
4.083669719998148789e-02
4.083952502606653934e-02
4.083304507940493933e-02
4.082414663609260086e-02
4.083171969128622514e-02
4.082118041790923357e-02
4.082641498311661427e-02
4.082549404473043153e-02
4.083243604882190458e-02
4.080792807857127474e-02
4.081105952910325102e-02
4.081142078875150958e-02
4.079606644371772811e-02
4.080168596660115748e-02
4.081299239070627222e-02
4.080187415850838883e-02
4.080815813456727809e-02
4.079736126257772072e-02
4.079564094366364829e-02
4.079033927845938934e-02
4.078890753548548853e-02
4.078117001106999068e-02
4.076198793954270705e-02
4.075311962478905120e-02
4.076578531135487127e-02
4.075770759550767508e-02
4.075635793886408370e-02
4.073881442078554349e-02
4.074184216353458898e-02
4.073579630874641505e-02
4.073786893620171684e-02
4.073188541173702881e-02
4.072522738466235331e-02
4.072259299763861251e-02
4.073567407897343146e-02
4.072083243859871138e-02
4.071590063905693863e-02
4.072624635431124768e-02
4.071963272616109519e-02
4.070363817084571983e-02
4.070586115038999503e-02
4.071125617152814707e-02
4.071077794014960755e-02
4.070040261092066486e-02
4.070171359316258897e-02
4.070719107174066570e-02
4.069976663116425114e-02
4.070065204445433987e-02
4.070347377933288685e-02
4.069598915208664375e-02
4.069650180143359608e-02
4.068270328365918009e-02
4.067702083449038081e-02
4.068602041503598110e-02
4.067561870486777892e-02
4.067321176517268988e-02
4.067545167631400616e-02
4.067206786889158987e-02
4.067182102498643342e-02
4.067352218073935766e-02
4.066794112627942354e-02
4.066796451864537754e-02
4.066851332896252724e-02
4.066254476422381109e-02
4.066394699905222926e-02
4.066917809682102369e-02
4.067016866246600526e-02
4.065469527823063756e-02
4.066673625932275271e-02
4.065765780352393471e-02
4.065919760124216131e-02
4.066176044263533629e-02
4.066141010720689120e-02
4.066077876766487770e-02
4.065819472370312687e-02
4.065907048189282280e-02
4.066021673529478936e-02
4.065950763844947830e-02
4.065762219822179752e-02
4.065642455880412454e-02
4.065462997308490894e-02
4.064783204352119539e-02
4.065526886102809045e-02
4.064628779969130246e-02
4.065015625354817530e-02
4.064950968792274688e-02
4.064435408519008475e-02
4.064345703811235444e-02
4.064087573510792584e-02
4.063772218856643442e-02
4.063911439870442760e-02
4.063236884360388324e-02
4.064001801486858551e-02
4.062337221747558402e-02
4.064072923440639751e-02
4.063190958239619455e-02
4.063523590418800790e-02
4.062978383309970992e-02
4.062839297358646767e-02
4.061914239238738344e-02
4.062548494402098281e-02
4.063049677341081661e-02
4.062498647457313261e-02
4.062124125625816984e-02
4.062358361760832343e-02
4.061207568771960097e-02
4.062424932461369126e-02
4.062534347500351001e-02
4.062086704731137504e-02
4.061979175994374219e-02
4.061993045860244622e-02
4.061802550846560500e-02
4.062080655328122181e-02
4.062048847385247435e-02
4.060277611153865346e-02
4.060647753049415748e-02
4.060926093513689966e-02
4.060552363293341849e-02
4.061134194140095244e-02
4.060268319145227817e-02
4.060511082069744038e-02
4.059415490623559386e-02
4.060623805851824863e-02
4.060893431294132494e-02
4.061719581993153416e-02
4.062019808931082582e-02
4.062131622133850761e-02
4.059920748917818234e-02
4.060394853699711426e-02
4.060994863535934141e-02
4.059411790868620862e-02
4.059832228514349134e-02
4.059135753205955072e-02
4.059733006669343641e-02
4.059347417948847014e-02
4.059246122109300831e-02
4.058823126190850422e-02
4.059045712109161236e-02
4.059062493468646587e-02
4.059676762399012234e-02
4.060233229815763539e-02
4.059444369259955498e-02
4.059620172628432971e-02
4.059850980060348419e-02
4.059809546859112495e-02
4.060065696028375415e-02
4.059484224517384554e-02
4.059539420815160005e-02
4.059472044187839579e-02
4.059017908764690763e-02
4.059088211592576378e-02
4.059312679917352618e-02
4.059000046004469786e-02
4.058917439303809382e-02
4.057451001807318991e-02
4.057734603127766126e-02
4.057293028549870118e-02
4.057155618180376122e-02
4.056983423027029495e-02
4.056853308639014194e-02
4.056365269066245643e-02
4.057355636083213868e-02
4.056993169567426477e-02
4.057061438816380455e-02
4.055942049050507980e-02
4.056694603702150348e-02
4.056446690471717659e-02
4.056477269742887748e-02
4.056353846303453747e-02
4.056313147565821647e-02
4.056087946381053272e-02
4.057174135105932195e-02
4.057217108796688787e-02
4.056487353025765852e-02
4.057566222166444914e-02
4.056747222554631105e-02
4.056102487028209747e-02
4.056447170722294465e-02
4.055603781211294945e-02
4.055602696251635331e-02
4.055505401639493412e-02
4.055343906586781483e-02
4.056204157439773084e-02
4.055865323724401617e-02
4.056293330899580357e-02
4.055316176795005501e-02
4.055173957507559462e-02
4.055332639039117143e-02
4.054980305747255681e-02
4.055730824473346985e-02
4.056100895524929195e-02
4.055055064324066677e-02
4.056034052329594158e-02
4.054839457242654516e-02
4.055636673208017767e-02
4.056112725732552438e-02
4.055767531355479460e-02
4.056205801593044946e-02
4.055538175245600868e-02
4.055273835933715515e-02
4.055738087321702351e-02
4.054982786764382841e-02
4.055371174054516609e-02
4.055363989414293574e-02
4.055451264005494744e-02
4.055169550031119396e-02
4.055247638128475079e-02
4.055796024375868392e-02
4.054495567922414279e-02
4.054326651553426947e-02
4.053863204986251495e-02
4.053766272552983968e-02
4.053917633649615354e-02
4.054102304486977004e-02
4.054534602021079431e-02
4.053751867155469535e-02
4.054023221796797249e-02
4.053961001479178955e-02
4.054318433931185239e-02
4.054419949244791183e-02
4.053735797461725104e-02
4.053986565726067776e-02
4.053656551437274241e-02
4.053602357023803476e-02
4.053746091038494537e-02
4.053296384728068830e-02
4.053166539815778596e-02
4.053017758859909364e-02
4.052894078151227791e-02
4.053301772114865226e-02
4.053503040189999213e-02
4.052943906357558274e-02
4.052914810416125002e-02
4.053225375906685524e-02
4.052773905301087359e-02
4.053360211967096255e-02
4.053208848107083678e-02
4.053537381919621735e-02
4.052991656047864877e-02
4.053669908937073546e-02
4.053339389263037329e-02
4.053235634838218276e-02
4.052855086706296656e-02
4.052645595161519232e-02
4.052928808028961188e-02
4.052512022844294987e-02
4.052747165360320175e-02
4.053421343694880996e-02
4.052951775747153790e-02
4.052443181034844771e-02
4.052865362603594312e-02
4.052891462649387683e-02
4.053464468158912704e-02
4.053522180627688876e-02
4.053150429833946022e-02
4.053076350543198536e-02
4.052350136158663213e-02
4.052992064874356981e-02
4.052081083197872635e-02
4.052894823661019191e-02
4.052932350964878055e-02
4.052368349067933528e-02
4.052359873867719675e-02
4.052183071647519341e-02
4.051594522670302900e-02
4.051509819814341079e-02
4.052427710161191077e-02
4.051197129406319125e-02
4.051463581214329729e-02
4.051303757032707897e-02
4.050959473980000197e-02
4.051140887384819395e-02
4.051039509591663340e-02
4.051447515918311232e-02
4.051201462083262039e-02
4.051226313185184863e-02
4.050916290283714666e-02
4.050645859347146160e-02
4.050968383925978439e-02
4.050664453971362933e-02
4.051898478458746539e-02
4.050845463723472262e-02
4.050152817604658201e-02
4.050267379033824916e-02
4.049338855043443236e-02
4.051365172668314890e-02
4.049572311995505713e-02
4.050086940577403427e-02
4.050300205495863809e-02
4.050141967993858838e-02
4.049811328817207873e-02
4.049908658415833640e-02
4.049710551510935647e-02
4.049384608476055969e-02
4.050167115387136307e-02
4.049869210843314027e-02
4.049890871868628422e-02
4.049034718185860054e-02
4.049423233177402298e-02
4.048968692498582794e-02
4.049797043143384123e-02
4.049542185036887620e-02
4.049127684311168429e-02
4.049620410386895603e-02
4.049710877227272882e-02
4.049678387044031852e-02
4.048596362067701654e-02
4.048933178311752562e-02
4.048312375851792488e-02
4.048320836914363896e-02
4.048701325804563572e-02
4.048748266395097578e-02
4.048926898360941801e-02
4.048443048372111358e-02
4.049728839480772752e-02
4.048747416975538582e-02
4.048927911984684380e-02
4.048905797930204414e-02
4.048325518692934277e-02
4.048414761596322992e-02
4.048755913101230453e-02
4.048752019425433391e-02
4.048975432283859893e-02
4.048475521349775147e-02
4.048360836260031514e-02
4.048342891087137324e-02
4.048348543222687196e-02
4.048692211071300978e-02
4.047478185676215562e-02
4.048056601715956798e-02
4.048002798605901398e-02
4.046960976701387963e-02
4.047444568779214047e-02
4.047455995064128814e-02
4.048074582630295515e-02
4.048076913974431312e-02
4.047246087383980090e-02
4.047302754350329268e-02
4.047859338820107566e-02
4.047796652235481629e-02
4.047995066068073994e-02
4.047254104507342493e-02
4.047478955373569331e-02
4.047637462035882927e-02
4.047522921053736678e-02
4.048134406456080359e-02
4.047666373736162615e-02
4.048157021697398189e-02
4.047488999017800210e-02
4.047684956906229953e-02
4.047582274868651714e-02
4.047418806756611365e-02
4.047601108738962256e-02
4.047721080180992359e-02
4.047129504019321422e-02
4.047483231515724977e-02
4.047387136284204961e-02
4.047049752021621150e-02
4.046815306403054452e-02
4.046886778823006320e-02
4.046639512066517452e-02
4.046607043011130750e-02
4.046352884046041515e-02
4.047121146505174710e-02
4.046154240260862317e-02
