8.633604651823041654e-02
7.711557547543448909e-02
6.537715377319536225e-02
6.586226166093799017e-02
5.812241792590729789e-02
6.575161795330095038e-02
7.045618226562896935e-02
5.799412001148003537e-02
5.693659244448855128e-02
6.108927353765779278e-02
5.703677173554830282e-02
5.640677023395145040e-02
5.808581337604371009e-02
5.506175350105595168e-02
7.169215051316465970e-02
6.268547015660791422e-02
6.698016703480567935e-02
6.086863505921323581e-02
5.547395937612440570e-02
6.215797021140287426e-02
6.578431000465030654e-02
6.010235968208908763e-02
5.858609000311757603e-02
5.317879579129720230e-02
5.508769022465451193e-02
5.371870524040613104e-02
5.073837314706428764e-02
5.082164059348256296e-02
4.916865283424507599e-02
4.962552402895577253e-02
4.851205902788144342e-02
4.802753096198106308e-02
4.739263742588806921e-02
4.730669359563566267e-02
4.722267665676590370e-02
4.712883337433961678e-02
4.709341801864027482e-02
4.709080093035474673e-02
4.704786810451777601e-02
4.702234264500326083e-02
4.702007020190642622e-02
4.698559461348302685e-02
4.697139401280396587e-02
4.695224455485342424e-02
4.694256543073557081e-02
4.694529864188631135e-02
4.693286852970441486e-02
4.692389676212763844e-02
4.692267812980620983e-02
4.691686681505087553e-02
4.691636885306305071e-02
4.691206709780845752e-02
4.690822506375410400e-02
4.690522286309590366e-02
4.690317738696290345e-02
4.690127815294833913e-02
4.690039585959648177e-02
4.690104128080493928e-02
4.689951524081000661e-02
4.689956518635365890e-02
4.689860091916110696e-02
4.689877831785197598e-02
4.689746066794337614e-02
4.689689810378591672e-02
4.689595353941942990e-02
4.689533828937485216e-02
4.689483851013505344e-02
4.689420331814976584e-02
4.689368241079146932e-02
4.689294709734077859e-02
4.689281075639983171e-02
4.689223350106941357e-02
4.689100248916156649e-02
4.689059701117506002e-02
4.689062927564204702e-02
4.688957699818722263e-02
4.688953607260677725e-02
4.688887066288133926e-02
4.688853542009322611e-02
4.688779021129589608e-02
4.688768553720310678e-02
4.688728376626431077e-02
4.688707345432673035e-02
4.688689335847529699e-02
4.688671285282294127e-02
4.688648187327510569e-02
4.688617846917537968e-02
4.688581622965220380e-02
4.688551158198165508e-02
4.688511740061811206e-02
4.688485721809643875e-02
4.688482827123121449e-02
4.688479394881392426e-02
4.688481452940734123e-02
4.688445642709201944e-02
4.688431676130248860e-02
4.688413071992371395e-02
4.688389872807338654e-02
4.688370991871484289e-02
4.688359246193963409e-02
4.688333431991167227e-02
4.688312232943623453e-02
4.688401865791470835e-02
4.688311889529316739e-02
4.688329286823331166e-02
4.688301641244988632e-02
4.688289711252402459e-02
4.688277096398829613e-02
4.688269383131595663e-02
4.688260284217308366e-02
4.688239405010534433e-02
4.688227262480155338e-02
4.688214294459103898e-02
4.688206528590802696e-02
4.688188888385147468e-02
4.688169560372865835e-02
4.688151660200199494e-02
4.688141132491798618e-02
4.688200379103060061e-02
4.688156950215202623e-02
4.688149971506035130e-02
4.688132009351385354e-02
4.688126547609998418e-02
4.688117570450197474e-02
4.688107888147323432e-02
4.688098945854286825e-02
4.688090149724789130e-02
4.688080233594392465e-02
4.688070555133021927e-02
4.688063051631419925e-02
4.688063976707659147e-02
4.688056613089561231e-02
4.688062970179781436e-02
4.688043764248890632e-02
4.688041118675061181e-02
4.688035109259342664e-02
4.688027290081783066e-02
4.688019242953800347e-02
4.688013043767274429e-02
4.688000562989083631e-02
4.688002665910406819e-02
4.687993775444565525e-02
4.687996598973502571e-02
4.687993574563285859e-02
4.687997303684334621e-02
4.687982620247368309e-02
4.687975017725051069e-02
4.687967543129943626e-02
4.687960882099253407e-02
4.687952242101741523e-02
4.687944213339365063e-02
4.687940524972132594e-02
4.687974469782774795e-02
4.687944128474632460e-02
4.687941776573158192e-02
4.687935407476351984e-02
4.687932288770497308e-02
4.687934653872099372e-02
4.687922987346452436e-02
4.687916506908433589e-02
4.687911586816831400e-02
4.687905310378407547e-02
4.687904712481175129e-02
4.687912319117377297e-02
4.687905456256873105e-02
4.687896908130197854e-02
4.687888544305474081e-02
4.687886906705295009e-02
4.687882191005984106e-02
4.687876616856194445e-02
4.687871608550242541e-02
4.687890698763143987e-02
4.687881734615362977e-02
4.687873322188528674e-02
4.687868632840343913e-02
4.687863935678738408e-02
4.687859569913259417e-02
4.687854777620335811e-02
4.687850455255429538e-02
4.687848472884106887e-02
4.687865907296270146e-02
4.687856011109368948e-02
4.687856483755210163e-02
4.687858285352940191e-02
4.687847094765900530e-02
4.687845209716314659e-02
4.687842018085967843e-02
4.687842509768604116e-02
4.687845481148755072e-02
4.687838795467920427e-02
4.687836451054060855e-02
4.687831814945966902e-02
4.687829511994002357e-02
4.687836390010000076e-02
4.687824795383929710e-02
4.687825277452477291e-02
4.687822022326459254e-02
4.687814418515198756e-02
4.687817122637102929e-02
4.687813295722151330e-02
4.687811152185634295e-02
4.687814645921192097e-02
4.687808301456945076e-02
4.687808613798252061e-02
4.687805592714189284e-02
4.687806168473252627e-02
4.687806998264611863e-02
4.687806447846307178e-02
4.687809702900812281e-02
4.687812591805192580e-02
4.687818869490916612e-02
4.687800275579941806e-02
4.687801874930655477e-02
4.687798142191122036e-02
4.687797364649106541e-02
4.687796518491813696e-02
4.687795487466346611e-02
4.687793725860284894e-02
4.687793732301965416e-02
4.687794839208848235e-02
4.687803247318429734e-02
4.687793111479136160e-02
4.687791207506207536e-02
4.687785737092483446e-02
4.687783760498762803e-02
4.687782007025169395e-02
4.687780330363353065e-02
4.687781623674231596e-02
4.687780994171766163e-02
4.687780970241330059e-02
4.687780898765234183e-02
4.687781526598797793e-02
4.687781150340614850e-02
4.687777074341806238e-02
4.687776827755442410e-02
4.687774315318078699e-02
4.687772513468396046e-02
4.687770455976895956e-02
4.687769191491469173e-02
4.687767743386924563e-02
4.687770146248532860e-02
4.687768052921621048e-02
4.687764212768699701e-02
4.687763070373642676e-02
4.687761487639974939e-02
4.687759947297347879e-02
4.687757028402915471e-02
4.687754549952345695e-02
4.687752454340420039e-02
4.687748723950325991e-02
4.687756718535929928e-02
4.687749093551198815e-02
4.687763982041649735e-02
4.687743194871992619e-02
4.687747647400793138e-02
4.687740003031903163e-02
4.687739798972752336e-02
4.687739415823885536e-02
4.687737235668171937e-02
4.687734663174189520e-02
4.687732808946690199e-02
4.687732389326376009e-02
4.687731814057193025e-02
4.687728437531984288e-02
4.687726862089246910e-02
4.687729117273727042e-02
4.687727121058320179e-02
4.687724407299708601e-02
4.687723485015839880e-02
4.687720167236375524e-02
4.687719536756328881e-02
4.687718048731653181e-02
4.687717582764997643e-02
4.687717745190676799e-02
4.687724078711130726e-02
4.687716350254954312e-02
4.687716837878221771e-02
4.687715295072147209e-02
4.687714887067619823e-02
4.687714197738647448e-02
4.687711889866138376e-02
4.687711957957641645e-02
4.687714420783348213e-02
4.687716536038170206e-02
4.687713485032415223e-02
4.687710505906259734e-02
4.687709392706183170e-02
4.687706982387562088e-02
4.687707861922836561e-02
4.687705327577559172e-02
4.687712250364547972e-02
4.687705008354629832e-02
4.687705580610061068e-02
4.687703244843207523e-02
4.687702110215005713e-02
4.687700857933994880e-02
4.687699732349884241e-02
4.687698000475936516e-02
4.687698020092009171e-02
4.687700154181653756e-02
4.687699802115461584e-02
4.687701027814059757e-02
4.687698915330576477e-02
4.687698883660556398e-02
4.687700512491896343e-02
4.687696594286937940e-02
4.687696922776488084e-02
4.687694838232310535e-02
4.687694446606139459e-02
4.687693892181994670e-02
4.687693085445644725e-02
4.687692189745314153e-02
4.687691661184955477e-02
4.687700632937088357e-02
4.687693512964164616e-02
4.687690563269557992e-02
4.687688692002847657e-02
4.687690984716960663e-02
4.687690524539082915e-02
4.687690650026637290e-02
4.687687739801771336e-02
4.687686317490970950e-02
4.687684973390097293e-02
4.687683906450381549e-02
4.687682754330967788e-02
4.687681456865737395e-02
4.687679938581104655e-02
4.687680344590181708e-02
4.687682670350871300e-02
4.687681486197326636e-02
4.687676894625514290e-02
4.687675212670802671e-02
4.687676037419283293e-02
4.687674954646446623e-02
4.687674142492471302e-02
4.687673599035371841e-02
4.687673254402775769e-02
4.687671963843989542e-02
4.687671511785748008e-02
4.687670281246612142e-02
4.687668941570406755e-02
4.687667760268665607e-02
4.687668150263108596e-02
4.687670755484719259e-02
4.687670255882910725e-02
4.687666992166002883e-02
4.687667006829251970e-02
4.687665597138336582e-02
4.687664889969896803e-02
4.687664271681615813e-02
4.687663600448594564e-02
4.687662805603883681e-02
4.687662119038620012e-02
4.687662342998574760e-02
4.687665220780555531e-02
4.687663667505386628e-02
4.687662856809196588e-02
4.687663071275420534e-02
4.687661337894723917e-02
4.687661085488223356e-02
4.687660515800054495e-02
4.687660057382109918e-02
4.687659599804811644e-02
4.687658973814844143e-02
4.687659796894212694e-02
4.687660255913392998e-02
4.687658881686530138e-02
4.687658601354036114e-02
4.687657345461030550e-02
4.687656580778086501e-02
4.687655653145048756e-02
4.687654973675212111e-02
4.687654259538861362e-02
4.687653372242754635e-02
4.687652363681493045e-02
4.687651669438754054e-02
4.687651438035978640e-02
4.687656141856419434e-02
4.687656956478650216e-02
4.687651551051815607e-02
4.687651511029478774e-02
4.687650309144886229e-02
4.687651144717028956e-02
4.687650773408828797e-02
4.687650509662279891e-02
4.687649508423696182e-02
4.687649070032032933e-02
4.687648658175256472e-02
4.687648265998632657e-02
4.687647591098553085e-02
4.687647193723346040e-02
4.687647371306989663e-02
4.687649521674672887e-02
4.687646882435410334e-02
4.687646792448514621e-02
4.687646262625693588e-02
4.687645546205855551e-02
4.687645325338254954e-02
4.687644901478604104e-02
4.687644391228550089e-02
4.687643932580796979e-02
4.687643774828199883e-02
4.687644171522621639e-02
4.687645252619977027e-02
4.687645436278878308e-02
4.687642692914679304e-02
4.687643763522168772e-02
4.687642547119425657e-02
4.687642354064522343e-02
4.687642159422573951e-02
4.687642114870858856e-02
4.687642307300245170e-02
4.687642383629697651e-02
4.687642550792404939e-02
4.687643107541251269e-02
4.687643981826369877e-02
4.687655158606977845e-02
4.687643126854282305e-02
4.687645611111224131e-02
4.687641262336504633e-02
4.687640973173017034e-02
4.687641026375487935e-02
4.687640151713565184e-02
4.687641377745926236e-02
4.687639835270194372e-02
4.687640210644923588e-02
4.687640285940277568e-02
4.687639993167252300e-02
4.687639890903769896e-02
4.687639771440621494e-02
4.687639874312879429e-02
4.687640398731419966e-02
4.687642529140586406e-02
4.687638633055290355e-02
4.687639039484459841e-02
4.687638496757542961e-02
4.687639111175036233e-02
4.687638228591331502e-02
4.687638089833382621e-02
4.687637885041574110e-02
4.687637615512471601e-02
4.687637585715201394e-02
4.687637496600741832e-02
4.687637437479567210e-02
4.687637314883816297e-02
4.687637509257013002e-02
4.687638651936880396e-02
4.687643204644931227e-02
4.687639755699476302e-02
4.687639099265147186e-02
4.687636591157795518e-02
4.687636301470347183e-02
4.687635474133593910e-02
4.687635151813616258e-02
4.687634737070366792e-02
4.687634278462183418e-02
4.687633755236413763e-02
4.687633398472209473e-02
4.687635107679548330e-02
4.687638819721862138e-02
4.687635150996161820e-02
4.687634533354725908e-02
4.687632863795344884e-02
4.687632485253734327e-02
4.687632096748454297e-02
4.687633566386368439e-02
4.687633275791069226e-02
4.687633061830724646e-02
4.687632177487073559e-02
4.687632388112935450e-02
4.687631871098250219e-02
4.687631661258074428e-02
4.687631459596890843e-02
4.687631228403562472e-02
4.687630725175345042e-02
4.687630963627573838e-02
4.687630855241147615e-02
4.687632728982008001e-02
4.687630886734363289e-02
4.687631174403421308e-02
4.687629674152940518e-02
4.687630194451886112e-02
4.687629704378018514e-02
4.687630014494290759e-02
4.687629201450075472e-02
4.687628618104310724e-02
4.687628590274225265e-02
4.687629906615004699e-02
4.687629001130667189e-02
4.687629230583045120e-02
4.687627671921017203e-02
4.687627574063335523e-02
4.687627412922864417e-02
4.687627166845608623e-02
4.687626961576332740e-02
4.687626751280159904e-02
4.687627615561927585e-02
4.687630936463418191e-02
4.687627270975799204e-02
4.687626138015121152e-02
4.687625644216243670e-02
4.687626237910786503e-02
4.687625465904403377e-02
4.687624891189579035e-02
4.687625933291065389e-02
4.687624635914064419e-02
4.687624761463162620e-02
4.687624351105093568e-02
4.687624094604835728e-02
4.687623826229454088e-02
4.687623873627239784e-02
4.687625274486396237e-02
4.687625074870024194e-02
4.687622758155382541e-02
4.687622513044544664e-02
4.687622073389182548e-02
4.687621443437998969e-02
4.687621937458197330e-02
4.687624998514539759e-02
4.687621292631023728e-02
4.687622122768419358e-02
4.687621330027562372e-02
4.687621121771425731e-02
4.687621800594919674e-02
4.687621057318033108e-02
4.687622602036230213e-02
4.687622085551104018e-02
4.687621108514308105e-02
4.687620421837229018e-02
4.687620262860583975e-02
4.687620102585408205e-02
4.687620660880260914e-02
4.687619734852821463e-02
4.687620103060111815e-02
4.687620006817190543e-02
4.687620098951428976e-02
4.687620078303922355e-02
4.687620866048956142e-02
4.687621525630318586e-02
4.687623926782016892e-02
4.687619743246054099e-02
4.687619544713809289e-02
4.687619049779486596e-02
4.687618415157777246e-02
4.687619586993775622e-02
4.687618218515070961e-02
4.687618757546643117e-02
4.687617893685449427e-02
4.687618165739951964e-02
4.687617946560173471e-02
4.687617885422434155e-02
4.687617935353624588e-02
4.687617722801056680e-02
4.687618505015841985e-02
4.687619035877642337e-02
4.687618459586614938e-02
4.687622145163349019e-02
4.687618403475525553e-02
4.687618982661393569e-02
4.687618216541548227e-02
4.687617840115537032e-02
4.687617703639723743e-02
4.687617635329067306e-02
4.687617621285532221e-02
4.687617665438680720e-02
4.687621465260568415e-02
4.687630335407309140e-02
4.687617658154311084e-02
4.687620232836594431e-02
4.687617676657489241e-02
4.687617220926736106e-02
4.687616941761943434e-02
4.687617162637048446e-02
4.687616875499383412e-02
4.687616432140039036e-02
4.687616178036937975e-02
4.687615838744658286e-02
4.687615940046885310e-02
4.687615647263327495e-02
4.687616226644424067e-02
4.687615682149867680e-02
4.687616148337678257e-02
4.687618202949905832e-02
4.687616532963809202e-02
4.687617629982540612e-02
4.687615767165227015e-02
4.687615791908765484e-02
4.687615697679069215e-02
4.687615481555275354e-02
4.687615422536712401e-02
4.687615312228522041e-02
4.687615251916162767e-02
4.687614947274543198e-02
4.687615460482588009e-02
4.687616006444846051e-02
4.687619418142083272e-02
4.687616434805579047e-02
4.687615678323087121e-02
4.687615593918848661e-02
4.687614365088180884e-02
4.687614205111264448e-02
4.687614022430482141e-02
4.687613797216705347e-02
4.687613621137832337e-02
4.687613391375462096e-02
4.687613177731570629e-02
4.687614662893131029e-02
4.687615263037971797e-02
4.687613865898680732e-02
4.687613994189321343e-02
4.687613934836636076e-02
4.687612895002506164e-02
4.687612843597525891e-02
4.687612721571639968e-02
4.687612510726508336e-02
4.687612420275846098e-02
4.687612091788914692e-02
4.687613252314015017e-02
4.687613074298461330e-02
4.687612378395846630e-02
4.687611580663375577e-02
4.687611199539286344e-02
4.687611204661731173e-02
4.687612426526897164e-02
4.687611365684928727e-02
4.687611206336853714e-02
4.687610367035308090e-02
4.687610001173578289e-02
4.687609684126003290e-02
4.687609344665030070e-02
4.687609000804025122e-02
4.687608649792299187e-02
4.687609290559036773e-02
4.687613268724365873e-02
4.687608378612852233e-02
4.687609097822253990e-02
4.687609392245955381e-02
4.687608822082505594e-02
4.687608606692623969e-02
4.687608344194001825e-02
4.687608209262528192e-02
4.687608231673043302e-02
4.687608264386112361e-02
4.687608259197406646e-02
4.687608274289030430e-02
4.687608226290556485e-02
4.687608139661728068e-02
4.687608293752441868e-02
4.687615699614416237e-02
4.687609007876990946e-02
4.687610076619091320e-02
4.687608098411434610e-02
4.687607306677552682e-02
4.687607138608148455e-02
4.687607057597888843e-02
4.687607576645628354e-02
4.687608087568596177e-02
4.687606833281639934e-02
4.687606911272249738e-02
4.687606465024724695e-02
4.687606340685304684e-02
4.687606399638343663e-02
4.687607124158417460e-02
4.687606767687649278e-02
4.687606964839152734e-02
4.687606510285549644e-02
4.687606637701407369e-02
4.687606257105316615e-02
4.687605923653530987e-02
4.687605703551236958e-02
4.687605567816557905e-02
4.687605400823596086e-02
4.687605726186108712e-02
4.687605965288751952e-02
4.687614505303328710e-02
4.687605687840087215e-02
4.687608158217177606e-02
4.687604481265017498e-02
4.687604054897110545e-02
4.687603670974584830e-02
4.687603796333946610e-02
4.687604651674513040e-02
4.687604688723193136e-02
4.687603535111202480e-02
4.687604071812209033e-02
4.687604106806184806e-02
4.687603404948364333e-02
4.687603236383348221e-02
4.687602872360874251e-02
4.687602668957755597e-02
4.687602449883001426e-02
4.687602291398905441e-02
4.687602101943398603e-02
4.687602767715173813e-02
4.687603384995030209e-02
4.687603355907942609e-02
4.687602513758519496e-02
4.687603417692214752e-02
4.687602390678914654e-02
4.687602364997667248e-02
4.687601973902721930e-02
4.687601813429291553e-02
4.687601636787618736e-02
4.687601456240670511e-02
4.687601348818634661e-02
4.687601573319084142e-02
4.687603435893790416e-02
4.687601333967044565e-02
4.687601656551083906e-02
4.687600976687979204e-02
4.687601673160390892e-02
4.687600922074287857e-02
4.687600930991469433e-02
4.687600419468530150e-02
4.687600174769189498e-02
4.687599970090342710e-02
4.687599834747780553e-02
4.687599520059119312e-02
4.687599238682361308e-02
4.687598957595943278e-02
4.687599250420636937e-02
4.687599456643640194e-02
4.687602807780152925e-02
4.687600095839043052e-02
4.687599912410223696e-02
4.687599101242712063e-02
4.687598592246025597e-02
4.687598208007285466e-02
4.687598074530577308e-02
4.687597757786196584e-02
4.687597893926014059e-02
4.687597711965420938e-02
4.687597574271566703e-02
4.687597310338521839e-02
4.687597554404600297e-02
4.687597250077150945e-02
4.687596800387837381e-02
4.687596405514879438e-02
4.687596736915149165e-02
4.687596034544330714e-02
4.687595818401500691e-02
4.687595427250272617e-02
4.687594974117473279e-02
4.687594533325874224e-02
4.687594018315479477e-02
4.687593690609294372e-02
4.687609050752699485e-02
4.687600890458496622e-02
4.687599252333855826e-02
4.687595439599771818e-02
4.687595247259411513e-02
4.687593686862076559e-02
4.687593302577592463e-02
4.687592826760996617e-02
4.687592608912401204e-02
4.687592413065013591e-02
4.687592682562163188e-02
4.687593215548910980e-02
4.687592271145024636e-02
4.687592154700403330e-02
4.687591911266279776e-02
4.687591697586266509e-02
4.687591450477766181e-02
4.687591267662657296e-02
4.687590908336380230e-02
4.687590690237938146e-02
4.687590334744673459e-02
4.687591721401132561e-02
4.687593878412744247e-02
4.687593417095137910e-02
4.687591342873001499e-02
4.687591187489215799e-02
4.687590548157304776e-02
4.687590311672792942e-02
4.687590029668196184e-02
4.687590076681368706e-02
4.687589901010323634e-02
4.687589642028318349e-02
4.687589525955096481e-02
4.687589264504210540e-02
4.687589007835574889e-02
4.687588761421591227e-02
4.687588538695224016e-02
4.687588326514118692e-02
4.687589902111115314e-02
4.687591374173582376e-02
4.687608412903461474e-02
4.687588118860894909e-02
4.687595231347019276e-02
4.687587648759614090e-02
4.687587286786787377e-02
4.687587179753509303e-02
4.687589757567049015e-02
4.687587606311714727e-02
4.687587858420305675e-02
4.687586946241110303e-02
4.687586823956080978e-02
4.687586792282953663e-02
4.687586690398702627e-02
4.687586483370190932e-02
4.687586358835207911e-02
4.687586208843019797e-02
4.687586082703186496e-02
4.687589483228053050e-02
4.687587503921935433e-02
4.687587638418204417e-02
4.687589588146441610e-02
4.687586432436136735e-02
4.687586933749092466e-02
4.687586152883380097e-02
4.687586183020320263e-02
4.687586227069483191e-02
4.687585987911838115e-02
4.687586132430474756e-02
4.687585742507897890e-02
4.687585745061970122e-02
4.687585655443002319e-02
4.687585599065077074e-02
4.687585548327469209e-02
4.687585586592268178e-02
4.687586519347411440e-02
4.687589288435249635e-02
4.687585743516005377e-02
4.687586425318376188e-02
4.687585191630495168e-02
4.687585150912007559e-02
4.687585108180417071e-02
4.687584979686234415e-02
4.687584921059287368e-02
4.687584851556710758e-02
4.687586750722648465e-02
4.687584964746343424e-02
4.687585154851937191e-02
4.687584534744339976e-02
4.687584663763675469e-02
4.687588659755070886e-02
4.687584253169434917e-02
4.687585269188562082e-02
4.687583977459146289e-02
4.687583901891150678e-02
4.687583673018382024e-02
4.687583550644468244e-02
4.687583382459232367e-02
4.687583212068611310e-02
4.687583017403445379e-02
4.687582815749905679e-02
4.687583359667019806e-02
4.687587490203940638e-02
4.687585386992074860e-02
4.687583051014401064e-02
4.687583771804678529e-02
4.687582807763568393e-02
4.687585690029609509e-02
4.687582981107366736e-02
4.687582906458438031e-02
4.687582530985728163e-02
4.687582486455219716e-02
4.687582467912365658e-02
4.687582474520281262e-02
4.687582520418388798e-02
4.687589537659673372e-02
4.687583544842517658e-02
4.687582467619913484e-02
4.687582609135024919e-02
4.687584883246030676e-02
4.687582409715133208e-02
4.687582092910857340e-02
4.687582095595932419e-02
4.687582160671346226e-02
4.687584164905649053e-02
4.687582372731063235e-02
4.687581931152375730e-02
4.687581956403141098e-02
4.687581839110874921e-02
4.687581757254821735e-02
4.687584095403270201e-02
4.687582024224314775e-02
4.687581673130413601e-02
4.687581736666403265e-02
4.687581613820267917e-02
4.687581609935484450e-02
4.687584066506035596e-02
4.687581994154285669e-02
4.687582351114480406e-02
4.687581557161304979e-02
4.687581357811899246e-02
4.687581301852656451e-02
4.687581216369652443e-02
4.687581582625247739e-02
4.687581116401776105e-02
4.687581274088575140e-02
4.687580851353800870e-02
4.687580781563807641e-02
4.687580714822618677e-02
4.687580631593486757e-02
4.687588654733994276e-02
4.687581317908579709e-02
4.687583491507112121e-02
4.687580585535842254e-02
4.687580273471500525e-02
4.687580810756404592e-02
4.687581572299949484e-02
4.687580422952326853e-02
4.687580117411005443e-02
4.687579985923039094e-02
4.687579833629223341e-02
4.687579699691937773e-02
4.687579537861730206e-02
4.687579355652590762e-02
4.687579155055399821e-02
4.687578899083819778e-02
4.687578840138631464e-02
4.687579449440534840e-02
4.687592522931273431e-02
4.687580900813005658e-02
4.687579100325837272e-02
4.687580928414614156e-02
4.687578793383499753e-02
4.687579111295972489e-02
4.687578632230134795e-02
4.687578166033998933e-02
4.687578200361596642e-02
4.687577936545542917e-02
4.687577830894659042e-02
4.687577700330973485e-02
4.687577579248126264e-02
4.687577433152958356e-02
4.687577312706824734e-02
4.687577487432900702e-02
4.687584433833799635e-02
4.687578010918125315e-02
4.687580113231138573e-02
4.687577806261333108e-02
4.687577422244091491e-02
4.687577273857581467e-02
4.687577173171986883e-02
4.687577207425499409e-02
4.687578229973591443e-02
4.687577780673658073e-02
4.687577610035813941e-02
4.687577181882249949e-02
4.687577023043619506e-02
4.687576789626494295e-02
4.687576726268984084e-02
4.687576605899996390e-02
4.687576498352538645e-02
4.687576376504018483e-02
4.687576275892299527e-02
4.687576166579162512e-02
4.687576062512823633e-02
4.687576479189823481e-02
4.687579231012199005e-02
4.687583698918219161e-02
4.687576442461438564e-02
4.687578790622552033e-02
4.687576015382146494e-02
4.687575985240519105e-02
4.687576423191979619e-02
4.687575967063641047e-02
4.687575995907530130e-02
4.687575920383129507e-02
4.687575845048440326e-02
4.687576157487972905e-02
4.687575723783916209e-02
4.687575492851345227e-02
4.687575335863725795e-02
4.687575088114848132e-02
4.687574912584555054e-02
4.687574868700102732e-02
4.687574684671156483e-02
4.687575013357795500e-02
4.687575214911145899e-02
4.687578458873308679e-02
4.687574854917943984e-02
4.687576024956819493e-02
4.687574540454554628e-02
4.687574804522640082e-02
4.687574478301552439e-02
4.687574480002135169e-02
4.687574351405667666e-02
4.687574386671456567e-02
4.687574419120535407e-02
4.687574695002928032e-02
4.687574457529410099e-02
4.687574977942422783e-02
4.687573867906306285e-02
4.687573633733569528e-02
4.687573533529618142e-02
4.687573405283023548e-02
4.687573437398698251e-02
4.687573227768754985e-02
4.687573305471857965e-02
4.687580914412203120e-02
4.687573906952102049e-02
4.687576425833190480e-02
4.687573691021794386e-02
4.687573451238925826e-02
4.687573160446744519e-02
4.687573350890718304e-02
4.687572745767023402e-02
4.687572772345744571e-02
4.687572649106441780e-02
4.687572666816738204e-02
4.687572617134935782e-02
4.687572591423612434e-02
4.687572570981944631e-02
4.687573097749824641e-02
4.687573247884500166e-02
4.687572675721385362e-02
4.687572656185453462e-02
4.687572432828489288e-02
4.687572869556982241e-02
4.687573982971286052e-02
4.687572638275007419e-02
4.687572729174840913e-02
4.687572470420296039e-02
4.687572432803004119e-02
4.687572259044981565e-02
4.687572055607525101e-02
4.687571940314917696e-02
4.687571810180100190e-02
4.687571663421231244e-02
4.687571466604826403e-02
4.687571290612612546e-02
4.687571741284730920e-02
4.687572279728205449e-02
4.687571864603644334e-02
4.687574194675578343e-02
4.687571421327006715e-02
4.687571938672711880e-02
4.687570897857082364e-02
4.687570910088043746e-02
4.687570727386384389e-02
4.687570520985507444e-02
4.687570439087902774e-02
4.687570232433850570e-02
4.687570287016994131e-02
4.687570375817475682e-02
4.687570753359131259e-02
4.687570357358793183e-02
4.687570197073254175e-02
4.687569669363324948e-02
4.687569849256861126e-02
4.687569650704769691e-02
4.687569452692857269e-02
4.687569293591789532e-02
4.687569175573971791e-02
4.687569005234642344e-02
4.687568898939649398e-02
4.687568754008492738e-02
4.687568600970506288e-02
4.687568402590981675e-02
