7.706718797003785093e-02
6.537947345242763053e-02
6.586232032929015268e-02
5.812241968393935115e-02
6.575910268356691124e-02
7.084950041216950267e-02
5.812548924679415696e-02
5.693638004242433659e-02
6.111356228756904818e-02
5.703677173523887672e-02
5.640673940720880575e-02
5.808552003567346578e-02
5.505829282295372773e-02
7.159612624331963826e-02
6.255353296176126288e-02
6.690678251511961161e-02
6.074638751771046369e-02
5.551277743561736783e-02
6.236954964495755593e-02
6.570792772209335664e-02
5.996766702710511904e-02
5.794920993136366827e-02
5.288307101644539043e-02
5.462572826394178349e-02
5.354479629081345532e-02
5.069301707122404743e-02
5.043941059447516750e-02
4.908825874869949396e-02
4.920919831782308990e-02
4.840246570823013295e-02
4.776832447841315721e-02
4.737584718414847990e-02
4.724017672159541020e-02
4.723012317655119613e-02
4.708246019346501443e-02
4.709469988623262576e-02
4.711134852128812112e-02
4.704521793114972705e-02
4.700591028004257738e-02
4.705015141430735764e-02
4.697368173861021096e-02
4.699350485509586062e-02
4.695874147400435489e-02
4.696797126974423808e-02
4.693785396420009637e-02
4.694820431857213427e-02
4.693487793734101021e-02
4.694340818535909510e-02
4.692157134138442987e-02
4.693300825048286884e-02
4.692215520417690466e-02
4.692345938550666895e-02
4.692030968651098033e-02
4.691594139569835176e-02
4.691979605239597617e-02
4.691339924363871483e-02
4.692251199301476078e-02
4.691774384227810624e-02
4.691554341199123679e-02
4.691775038473116471e-02
4.691633815356135995e-02
4.691596509073267529e-02
4.691554366177756730e-02
4.691470717479967467e-02
4.691335759259122884e-02
4.691547173726502706e-02
4.691176087387417815e-02
4.691287167312863798e-02
4.691077563015068341e-02
4.691120981348111119e-02
4.691152674345953899e-02
4.690905393857642408e-02
4.691003046308312580e-02
4.691088045059788048e-02
4.690749470148587730e-02
4.691003061871990010e-02
4.690808766558453996e-02
4.690841325989632965e-02
4.690646634395302661e-02
4.690934376153129554e-02
4.690479407421427327e-02
4.690827045477276996e-02
4.690505228800615628e-02
4.690701032616046567e-02
4.690627079099900926e-02
4.690590880459263173e-02
4.690567682962373808e-02
4.690493835780972648e-02
4.690465327381750094e-02
4.690393556103840400e-02
4.690412212056711827e-02
4.690395192988945638e-02
4.690412160844543987e-02
4.690348069793756625e-02
4.690354188794491896e-02
4.690319559790397802e-02
4.690341248477149227e-02
4.690155524686577537e-02
4.690322975580295956e-02
4.690148744517442375e-02
4.690183109697409342e-02
4.690573417941404366e-02
4.690060411754114200e-02
4.690343676943704854e-02
4.690111659384294668e-02
4.690139309657688493e-02
4.690086290061287744e-02
4.690139963465077971e-02
4.690060852846350548e-02
4.690036007714567384e-02
4.690032447999824966e-02
4.690036576694502080e-02
4.689826342959098338e-02
4.689968255352770093e-02
4.689907029696165075e-02
4.689850292658444275e-02
4.689771929232473824e-02
4.690050057860276761e-02
4.689614614042048740e-02
4.689863913895219588e-02
4.689790909642953948e-02
4.689712803820141745e-02
4.689742706714859766e-02
4.689708841142026935e-02
4.689675376211759061e-02
4.689687937147155733e-02
4.689635687298177036e-02
4.689614129444465845e-02
4.689587259241289469e-02
4.689723244810166392e-02
4.689385436509089372e-02
4.689738166466068947e-02
4.689491128599661274e-02
4.689620632627870822e-02
4.689526420934268802e-02
4.689511712415388861e-02
4.689486730720799496e-02
4.689475735939410694e-02
4.689433505499096544e-02
4.689439832209259251e-02
4.689448387130121937e-02
4.689480800979393960e-02
4.689208232679381583e-02
4.689535209962051449e-02
4.689331840571320242e-02
4.689385913700332142e-02
4.689341989850309700e-02
4.689311754763460238e-02
4.689302449439444742e-02
4.689256448753773704e-02
4.689358126985517655e-02
4.689205193912178438e-02
4.689262516934759872e-02
4.689306128033466498e-02
4.689272505326851082e-02
4.689152610564027712e-02
4.689315565298764199e-02
4.689183490466330290e-02
4.689228204199109851e-02
4.689162751924787903e-02
4.689193116983703807e-02
4.689140081053036480e-02
4.689253141264952685e-02
4.689054417958455484e-02
4.689193992631114638e-02
4.689101097177865440e-02
4.689134842123771768e-02
4.689099475234873721e-02
4.689096767000427990e-02
4.688980968025661944e-02
4.689198072527323014e-02
4.689088409811146413e-02
4.689020130590797891e-02
4.689053502244058813e-02
4.688998225599205066e-02
4.689009922946447972e-02
4.688971059302845384e-02
4.688970021903669794e-02
4.688906229052244856e-02
4.689138749649213178e-02
4.688884560412042574e-02
4.689057303777560692e-02
4.688899283413509866e-02
4.688967758158730376e-02
4.688926376784004896e-02
4.688921951223719298e-02
4.688979020548066784e-02
4.688930622961990508e-02
4.688945987017714701e-02
4.688956695676609054e-02
4.688938131622946703e-02
4.688903057023927068e-02
4.688931553191581780e-02
4.688883168213787284e-02
4.688967061777051665e-02
4.688849200038773535e-02
4.688945322761631923e-02
4.688836037721923200e-02
4.688926169536129784e-02
4.688822232007341939e-02
4.688909944583823097e-02
4.688880087414800529e-02
4.688896050554192813e-02
4.688876293408775209e-02
4.688905706313729882e-02
4.688869761273684739e-02
4.688875441929500620e-02
4.688819035374273969e-02
4.688987687310265662e-02
4.688759968260364230e-02
4.688886354416219038e-02
4.688819115458187775e-02
4.688829525470470522e-02
4.688846336721201602e-02
4.688846373079932212e-02
4.688847729591964775e-02
4.688825215668781382e-02
4.688834011371910415e-02
4.688854762962982314e-02
4.688745717358452220e-02
4.688860672930315887e-02
4.688767547230048016e-02
4.688822689656428622e-02
4.688794582296995639e-02
4.688810256833166740e-02
4.688783540126660598e-02
4.688830529767747113e-02
4.688764025590895501e-02
4.688822663525855916e-02
4.688763339856356904e-02
4.688843449100028871e-02
4.688727833089886832e-02
4.688810513180539929e-02
4.688750293643990236e-02
4.688758323293752694e-02
4.688759746144013918e-02
4.688763093257221348e-02
4.688751307907573079e-02
4.688742456959769239e-02
4.688742319166600003e-02
4.688750609671969022e-02
4.688739212717916299e-02
4.688709189047954307e-02
4.688726314597692346e-02
4.688691293694423334e-02
4.688699523831940663e-02
4.688672375490792604e-02
4.688671704738436169e-02
4.688627650341992831e-02
4.688699894605342922e-02
4.688614261496074770e-02
4.688584465581645960e-02
4.688652150065824448e-02
4.688579887679974328e-02
4.688658445088595556e-02
4.688600768582218414e-02
4.688662572423996783e-02
4.688645255359850245e-02
4.688631448073267427e-02
4.688639514860440394e-02
4.688588800306697085e-02
4.688621853928440220e-02
4.688632248063411001e-02
4.688605063092412401e-02
4.688615692575823918e-02
4.688613468405967988e-02
4.688583237525571767e-02
4.688616732132940002e-02
4.688592769893967782e-02
4.688568891141426526e-02
4.688593689481909688e-02
4.688526868895530331e-02
4.688605213904643854e-02
4.688510832580203985e-02
4.688580386640733844e-02
4.688539516194052681e-02
4.688557815436441428e-02
4.688557725882912947e-02
4.688549712286081000e-02
4.688552421804531578e-02
4.688531914702363801e-02
4.688573857747706936e-02
4.688478407015760074e-02
4.688582192095311352e-02
4.688477818119648338e-02
4.688541898901372323e-02
4.688530739668296532e-02
4.688512290632086688e-02
4.688543936571082371e-02
4.688466754999198738e-02
4.688544175267217451e-02
4.688499716513338383e-02
4.688528263235471755e-02
4.688514342696792347e-02
4.688507330912265736e-02
4.688504215891039356e-02
4.688487033706541240e-02
4.688474230715776458e-02
4.688534312162240258e-02
4.688440546931114949e-02
4.688528736421855581e-02
4.688459727482442024e-02
4.688486899052007190e-02
4.688443291519220346e-02
4.688486154597703431e-02
4.688460071941060597e-02
4.688473684328832436e-02
4.688466956202601288e-02
4.688466040225237885e-02
4.688457390476124392e-02
4.688474223128930030e-02
4.688440668280045853e-02
4.688508332680797752e-02
4.688451652358890248e-02
4.688473994435916892e-02
4.688462703155710232e-02
4.688445325209120856e-02
4.688476305071518496e-02
4.688445079867455817e-02
4.688437105674789218e-02
4.688450320133728116e-02
4.688440295318994921e-02
4.688441952754761333e-02
4.688432635152606220e-02
4.688435018302314350e-02
4.688420827868651497e-02
4.688415982470826165e-02
4.688371083166344155e-02
4.688449915212158925e-02
4.688384517469902646e-02
4.688428585408836030e-02
4.688366049887381093e-02
4.688431330970946331e-02
4.688389942129965460e-02
4.688399421533478301e-02
4.688400319511477898e-02
4.688389250419293386e-02
4.688396040998026731e-02
4.688397653971574514e-02
4.688392664102143670e-02
4.688395466860543342e-02
4.688353862743550871e-02
4.688405728683731760e-02
4.688340020457358592e-02
4.688385004079434482e-02
4.688372989306505839e-02
4.688380380954750015e-02
4.688385482282077937e-02
4.688373382225474034e-02
4.688381900599199875e-02
4.688370911639849065e-02
4.688381187671169376e-02
4.688354757411797302e-02
4.688410508003591770e-02
4.688331879083191406e-02
4.688398116535108517e-02
4.688349361377230906e-02
4.688373445742512885e-02
4.688357938293376270e-02
4.688372396426912503e-02
4.688364604395343915e-02
4.688373288387505389e-02
4.688367531862615289e-02
4.688384335787788154e-02
4.688352789553145578e-02
4.688370268099308069e-02
4.688375321695111009e-02
4.688350788125039692e-02
4.688378286652331722e-02
4.688351928810739061e-02
4.688365332292561416e-02
4.688353888222572541e-02
4.688364618215665885e-02
4.688352824823961706e-02
4.688372335481867659e-02
4.688335217349183515e-02
4.688433863969279636e-02
4.688365339939829651e-02
4.688379413921374417e-02
4.688367811203336677e-02
4.688384560242007948e-02
4.688349567599502804e-02
4.688397747873865318e-02
4.688355836690677458e-02
4.688370149058352504e-02
4.688369483839224805e-02
4.688368724355137379e-02
4.688369046687772268e-02
4.688370794914983875e-02
4.688372073330967366e-02
4.688344668382420088e-02
4.688367701427061801e-02
4.688344942250476099e-02
4.688369404852753275e-02
4.688342036687282582e-02
4.688363117804908442e-02
4.688344358840952630e-02
4.688351381638873605e-02
4.688343538440008923e-02
4.688344612081406237e-02
4.688347651361314539e-02
4.688325197393312938e-02
4.688345038517614805e-02
4.688342618157459452e-02
4.688298839492494735e-02
4.688363867308120714e-02
4.688315310397982855e-02
4.688351452443181855e-02
4.688321290184037371e-02
4.688326702436264315e-02
4.688315834863172882e-02
4.688317719471055828e-02
4.688314318682652859e-02
4.688317919643002207e-02
4.688309424254647612e-02
4.688367400743952834e-02
4.688321517500632085e-02
4.688319565550370938e-02
4.688314300747034591e-02
4.688289346784110800e-02
4.688312577355433636e-02
4.688289479567574192e-02
4.688309607113683858e-02
4.688283381610924838e-02
4.688303815080952647e-02
4.688312922592083321e-02
4.688301852171676554e-02
4.688315481126045792e-02
4.688306001376350840e-02
4.688303594509201505e-02
4.688317775922707514e-02
4.688278247529675119e-02
4.688305614284395129e-02
4.688272500318498015e-02
4.688330823069933317e-02
4.688267182044066755e-02
4.688318855288949039e-02
4.688280784448735361e-02
4.688307037723350723e-02
4.688296923975486530e-02
4.688294841634065707e-02
4.688294693260373902e-02
4.688290487641689347e-02
4.688293714278551211e-02
4.688264888656741569e-02
4.688322190146029106e-02
4.688267364734945153e-02
4.688281666821169508e-02
4.688307829219727496e-02
4.688286985763812781e-02
4.688300566182617563e-02
4.688290577566464612e-02
4.688292892319310956e-02
4.688291203381791949e-02
4.688291585239014181e-02
4.688291165489642809e-02
4.688277171207391736e-02
4.688314463519605013e-02
4.688243614350813548e-02
4.688288567369262860e-02
4.688272731809468158e-02
4.688287829468357898e-02
4.688275939680564691e-02
4.688285534340716487e-02
4.688265269352050874e-02
4.688271072062378392e-02
4.688292480792916050e-02
4.688265680062742718e-02
4.688305353723874747e-02
4.688263489886379531e-02
4.688292231434652846e-02
4.688274072358357414e-02
4.688272887046636417e-02
4.688276650016821173e-02
4.688270499302225891e-02
4.688287734853001376e-02
4.688255165484467996e-02
4.688270284498587126e-02
4.688258935162455121e-02
4.688268379222828436e-02
4.688276399040978981e-02
4.688260664400380195e-02
4.688270936836457653e-02
4.688265086198268455e-02
4.688250006664097802e-02
4.688263370358900645e-02
4.688231834083002314e-02
4.688292607780199933e-02
4.688236558825141509e-02
4.688270418564781383e-02
4.688245551662340721e-02
4.688256046649111330e-02
4.688245989727464480e-02
4.688246824836225790e-02
4.688238587404295471e-02
4.688245599358409343e-02
4.688241696176703721e-02
4.688237820843536852e-02
4.688238577737498247e-02
4.688228718498980985e-02
4.688247015625232605e-02
4.688217510682152894e-02
4.688242637892280074e-02
4.688206007077761611e-02
4.688232698253843450e-02
4.688211699210641237e-02
4.688214354072694351e-02
4.688209530712174333e-02
4.688204029478312829e-02
4.688206833448344685e-02
4.688216550820371864e-02
4.688192035161559135e-02
4.688214595934434015e-02
4.688197013266342389e-02
4.688215791968126933e-02
4.688191078101488357e-02
4.688225229495592006e-02
4.688167443849279581e-02
4.688209077882952991e-02
4.688179888558395569e-02
4.688207170615544400e-02
4.688184218127673664e-02
4.688213650028667800e-02
4.688177142359030436e-02
4.688220770501356355e-02
4.688187553132842911e-02
4.688202084291608757e-02
4.688202025340913043e-02
4.688188170270877336e-02
4.688208050445086261e-02
4.688181022712050589e-02
4.688196990036960776e-02
4.688184904408415621e-02
4.688192634550571170e-02
4.688188618933484403e-02
4.688189601446800248e-02
4.688197318357966575e-02
4.688193688839738249e-02
4.688197888090804566e-02
4.688193916122325444e-02
4.688181181217000726e-02
4.688191312596175220e-02
4.688189291573942319e-02
4.688174869916990339e-02
4.688195764797709053e-02
4.688180205127509548e-02
4.688183604734116189e-02
4.688178348161356479e-02
4.688185194816234247e-02
4.688176793403482645e-02
4.688190115758678056e-02
4.688175938461145581e-02
4.688204102522192801e-02
4.688149123175390509e-02
4.688198409741470979e-02
4.688151453260721441e-02
4.688191781070953634e-02
4.688170192931845337e-02
4.688184717055522699e-02
4.688176056194826719e-02
4.688174841539852200e-02
4.688175644642205570e-02
4.688169212415728426e-02
4.688182334065220391e-02
4.688156309848678926e-02
4.688179231599410440e-02
4.688178936558458354e-02
4.688168383794465155e-02
4.688182117455631098e-02
4.688170479713547889e-02
4.688176542936610403e-02
4.688136525930806237e-02
4.688188091688120368e-02
4.688150084313003757e-02
4.688174878895604025e-02
4.688169182283404013e-02
4.688165625313479856e-02
4.688168439199037058e-02
4.688162138597309209e-02
4.688164949348431337e-02
4.688159596091306253e-02
4.688180717837154426e-02
4.688129016986015973e-02
4.688199931063570525e-02
4.688145727464435725e-02
4.688177267830964667e-02
4.688152919149515818e-02
4.688166219191796519e-02
4.688160831661954131e-02
4.688161167761579345e-02
4.688161468971194928e-02
4.688160449870461266e-02
4.688166997160718441e-02
4.688153635996020197e-02
4.688176019434726893e-02
4.688193867467773529e-02
4.688158901199629414e-02
4.688179033230178983e-02
4.688152598000475818e-02
4.688168385899806057e-02
4.688161121664660702e-02
4.688160912744740449e-02
4.688157901624908502e-02
4.688161515323935324e-02
4.688156758595061341e-02
4.688185097012721042e-02
4.688147965955156982e-02
4.688177027835464805e-02
4.688173534978560403e-02
4.688137825865245495e-02
4.688171684325889016e-02
4.688148566994565503e-02
4.688166615327193226e-02
4.688157440459088388e-02
4.688156178558601506e-02
4.688149211016039153e-02
4.688165677289764938e-02
4.688139452382873718e-02
4.688165538520795705e-02
4.688146342182821641e-02
4.688152674080611065e-02
4.688169814274035369e-02
4.688125471018884938e-02
4.688164499425463705e-02
4.688132617265447499e-02
4.688162409802522357e-02
4.688155842432646658e-02
4.688156357658854884e-02
4.688155981736098071e-02
4.688155433791000443e-02
4.688156100996675180e-02
4.688152462513349439e-02
4.688173549473759888e-02
4.688147775068411682e-02
4.688184572905433611e-02
4.688126846278414805e-02
4.688165441570283504e-02
4.688135909751759561e-02
4.688151366305177287e-02
4.688147817782672283e-02
4.688151770690467124e-02
4.688148236380967893e-02
4.688151234228692121e-02
4.688148604302966316e-02
4.688145761076727147e-02
4.688154757768667191e-02
4.688130566350960649e-02
4.688223284904460136e-02
4.688108779142066002e-02
4.688185475284519649e-02
4.688128573974670310e-02
4.688154848957769294e-02
4.688132149196915649e-02
4.688147627527628619e-02
4.688152004106791587e-02
4.688152682939644711e-02
4.688128467664382654e-02
4.688148056775074540e-02
4.688138727624550917e-02
4.688145383794271870e-02
4.688136259915264004e-02
4.688157373420552554e-02
4.688131787931254513e-02
4.688157047930675836e-02
4.688140140310410875e-02
4.688151006132405818e-02
4.688136591910167794e-02
4.688149918010721395e-02
4.688144030186017913e-02
4.688142437779223293e-02
4.688139056407503863e-02
4.688135274000009012e-02
4.688136117371846656e-02
4.688213536310663343e-02
4.688122672536267077e-02
4.688185339828093018e-02
4.688131825042250733e-02
4.688128115214430097e-02
4.688125665143873938e-02
4.688140875304823429e-02
4.688098983121923025e-02
4.688132579217101775e-02
4.688124824896864468e-02
4.688135760678920072e-02
4.688116249573564404e-02
4.688130475698433497e-02
4.688133565051320895e-02
4.688122348409796275e-02
4.688125656200167052e-02
4.688123779348665754e-02
4.688121739448173481e-02
4.688119814448239026e-02
4.688139099273157945e-02
4.688087599533408145e-02
4.688138973059199910e-02
4.688097671741611044e-02
4.688148010512554337e-02
4.688108213275923863e-02
4.688127694385062910e-02
4.688113085457051160e-02
4.688113289415309082e-02
4.688112561679631807e-02
4.688109844598910281e-02
4.688110807188071438e-02
4.688098836966739236e-02
4.688147740700201321e-02
4.688094773079613115e-02
4.688137028747995511e-02
4.688106090284465538e-02
4.688112935579495655e-02
4.688116224977094404e-02
4.688107708345269631e-02
4.688110391362884655e-02
4.688109987035386783e-02
4.688106049037914225e-02
4.688109119991171192e-02
4.688103733608155188e-02
4.688103833805621484e-02
4.688100318312794085e-02
4.688098309089393928e-02
4.688088856340935640e-02
4.688160125424767344e-02
4.688067896392640599e-02
4.688129906103654515e-02
4.688086028627329316e-02
4.688107775051627429e-02
4.688092626483807146e-02
4.688101806685533723e-02
4.688095326856857314e-02
4.688106004849321162e-02
4.688092119103256378e-02
4.688105165390080847e-02
4.688085914672506654e-02
4.688114110941192514e-02
4.688078339586245619e-02
4.688099481048538936e-02
4.688088840691343601e-02
4.688104216917791944e-02
4.688091986074265083e-02
4.688096305240858214e-02
4.688087882221531749e-02
4.688087450986670734e-02
4.688083226730676428e-02
4.688080629330364235e-02
4.688078033264578282e-02
4.688088271002787549e-02
4.688056675934897805e-02
4.688093048363475845e-02
4.688071779870459782e-02
4.688088259191536267e-02
4.688082258304455269e-02
4.688079462510835044e-02
4.688086849754598273e-02
4.688074073436623856e-02
4.688089026662273923e-02
4.688063742711399973e-02
4.688110884322847782e-02
4.688069467076884378e-02
4.688086956962566471e-02
4.688075690422003478e-02
4.688082436943882131e-02
4.688077546639220217e-02
4.688081254788312863e-02
4.688075604522727591e-02
4.688080194604955786e-02
4.688072907460328481e-02
4.688100981591650923e-02
4.688045703113708634e-02
4.688099913800488489e-02
4.688071171774237794e-02
4.688079118835516285e-02
4.688082647765807326e-02
4.688066290618807253e-02
4.688082156436400305e-02
4.688060185161432164e-02
4.688081214091633503e-02
4.688063216010168038e-02
4.688072583433874896e-02
4.688064672202393868e-02
4.688062255126641820e-02
4.688058526384388663e-02
4.688063480950294126e-02
4.688050439102391109e-02
4.688079565768077384e-02
4.688038616522434421e-02
4.688049954805185993e-02
4.688050437105522467e-02
4.688049941615184124e-02
4.688056346460188484e-02
4.688048682409718532e-02
4.688058277004070185e-02
4.688029987582262303e-02
4.688057098152263735e-02
4.688037215300536881e-02
4.688055569747041906e-02
4.688042354639587045e-02
4.688056827224119927e-02
4.688047673165759988e-02
4.688051047600176602e-02
4.688049159627349916e-02
4.688049175533630375e-02
4.688046499082937357e-02
4.688047888985048817e-02
4.688058058207437984e-02
4.688065359351977629e-02
4.687996588118495400e-02
4.688056266549494450e-02
4.688016803219601653e-02
4.688050953398087417e-02
4.688030149094835758e-02
4.688056668852479125e-02
4.688032060351372127e-02
4.688053924783542464e-02
4.688040324945631082e-02
4.688047624276078101e-02
4.688041346918322971e-02
4.688039719726342508e-02
4.688039407720208385e-02
4.688033766665391372e-02
4.688046047591593046e-02
4.688019999635097829e-02
4.688029478939605144e-02
4.688037434548537885e-02
4.688040534699996348e-02
4.688028815740842570e-02
4.688040795961535140e-02
4.688032660798994306e-02
4.688032767808626711e-02
4.688030473171849594e-02
4.688055187965761011e-02
4.688021922855954704e-02
4.688046065347253877e-02
4.688029688655766247e-02
4.688031886175127866e-02
4.688078899230711805e-02
4.688016248857054813e-02
4.688059758289229995e-02
4.688019702291030405e-02
4.688037427794499584e-02
4.688029646859938337e-02
4.688026285101700580e-02
4.688029605603121625e-02
4.688024669570413361e-02
4.688028274550726238e-02
4.688022379266457151e-02
4.688034899790683580e-02
4.687969489597625800e-02
4.688050023037237252e-02
4.688022518589866905e-02
4.688038672285881753e-02
4.688027784615327043e-02
4.687976792419595862e-02
4.688020843466046694e-02
4.688026474468289656e-02
4.688021379114597209e-02
4.688021762842577156e-02
4.688021002013258165e-02
4.688020564208092433e-02
4.688019992655183960e-02
4.687957187662654401e-02
4.688021343491391435e-02
4.688008723689288809e-02
4.688030709452737504e-02
4.687970043722082536e-02
4.688015286073059229e-02
4.688012025645225955e-02
4.688014527179486246e-02
4.688016108165561635e-02
4.687970951369398176e-02
4.688017980200419321e-02
4.688004827666637786e-02
4.688016564433172828e-02
4.688012717840456256e-02
4.688013117255131201e-02
4.687966589102411652e-02
4.688011379475790635e-02
4.688001755538080684e-02
4.688012674276558628e-02
4.688008812137153120e-02
4.688009941750503201e-02
4.687961728904314201e-02
4.688007056589786614e-02
4.687977978746139807e-02
4.688002724993737408e-02
4.687999908118167108e-02
4.688003348267621995e-02
4.687999256766376549e-02
4.688010788357541841e-02
4.687996687366273452e-02
4.688006260157506072e-02
4.687998642681084210e-02
4.687999074623865059e-02
4.687996922467913691e-02
4.687997245915894590e-02
4.687922113253045059e-02
4.688007951573408549e-02
4.687948773785838991e-02
4.687990833898566384e-02
4.687987812013395816e-02
4.688007486536836799e-02
4.687958808874682914e-02
4.687996785916311027e-02
4.687987285982949531e-02
4.687991308245681443e-02
4.687989254750504070e-02
4.687989004612562460e-02
4.687988435765641504e-02
4.687987334332249789e-02
4.687986132025103586e-02
4.687982054885436040e-02
4.687991149281400816e-02
4.687958990135393522e-02
4.688084930182490756e-02
4.687962873513894235e-02
4.687999870437865174e-02
4.687938578137699347e-02
4.687988632319190635e-02
4.687951336325896917e-02
4.687988067736949260e-02
4.687973025761121154e-02
4.687986097223580811e-02
4.687980059578666231e-02
4.687978870578425605e-02
4.687977104184417459e-02
4.687976340079431925e-02
4.687974950265777485e-02
4.687973469814306349e-02
4.687982279239295141e-02
4.687913024263960782e-02
4.687978508791967175e-02
4.687943856074749949e-02
4.687961934384616419e-02
4.687980652303422313e-02
4.687974916341446086e-02
4.687974874073531917e-02
4.687976522186570322e-02
4.687944268680217103e-02
4.687980454626049232e-02
4.687958430482321026e-02
4.687969923324162430e-02
4.687975700319747807e-02
4.687971475086284701e-02
4.687972087620347061e-02
4.687971710626567812e-02
4.687971424004740151e-02
4.687970765488588126e-02
4.687969910062021739e-02
4.687969758864805186e-02
4.687969057669663653e-02
4.687963487020905401e-02
4.688014040406333904e-02
4.687903736294630336e-02
4.687986243415504656e-02
4.687926864519752906e-02
4.687965282840489412e-02
4.687976704661197397e-02
4.687947444390563184e-02
4.687974636318120725e-02
4.687956107285627672e-02
4.687971343350172404e-02
4.687970103162176355e-02
4.687960594065744557e-02
4.687976682536770107e-02
4.687961214838821944e-02
4.687969460413807243e-02
4.687964387247615244e-02
4.687962769047328976e-02
4.687969077326593903e-02
4.687960812681261219e-02
4.687961836572805685e-02
4.687948313043199811e-02
4.688009007910725473e-02
4.687949079432519872e-02
4.687984255765006991e-02
4.687957417177727321e-02
4.687967526416590008e-02
4.687953407053360028e-02
4.687963661384284692e-02
4.687955774677864118e-02
4.687958029778604985e-02
4.687951489209245259e-02
4.687970851848804327e-02
4.687952740952831127e-02
4.687959411350474392e-02
4.687959661658670091e-02
4.687952991629119881e-02
4.687957248945283373e-02
4.687952527200266173e-02
4.687957778464014319e-02
4.687951678479508610e-02
4.687963302930614473e-02
4.687917392817958495e-02
4.687951597803527437e-02
4.687974655703323196e-02
4.687936782665851065e-02
4.687962842283559944e-02
4.687944724893038095e-02
4.687964215269502244e-02
4.687945008360537569e-02
4.687957780173189481e-02
4.687949755682346842e-02
4.687951465272811175e-02
4.687947487030822563e-02
4.687953384583871258e-02
4.687945663033313975e-02
4.687963280352583362e-02
4.687940775162206114e-02
4.687954703296325076e-02
4.687950019767666426e-02
4.687947480389990929e-02
4.687954246671273417e-02
4.687925280010060702e-02
4.687955825630350098e-02
4.687934153140273924e-02
4.687953966459692395e-02
4.687939072239684368e-02
4.687954032135460691e-02
4.687945790509919636e-02
4.687945828984040747e-02
4.687943698620641864e-02
4.687947338562186567e-02
4.687941649103184033e-02
4.687944221308994186e-02
4.687938249423089648e-02
4.687964134108139891e-02
4.687933852210089680e-02
4.687929729899717457e-02
4.687954565640951865e-02
4.687924309737171585e-02
4.687945220865459561e-02
4.687936030939118121e-02
4.687943038130920614e-02
4.687936966886036699e-02
4.687941404648186122e-02
4.687935041760603327e-02
4.687942628364587250e-02
4.687919785121395094e-02
4.687954000740315180e-02
4.687920652138408140e-02
4.687945016122839481e-02
4.687932240815632229e-02
4.687940639409218790e-02
4.687925579472347615e-02
4.687935615705061954e-02
4.687927207588763606e-02
4.687933757210117208e-02
4.687927787095719223e-02
4.687931910671292585e-02
4.687926013461657382e-02
4.687929962264885536e-02
4.687923633475076651e-02
4.687931952244561717e-02
