6.791666666666667140e+01
2.583333333333333215e+01
1.791666666666666785e+01
1.416666666666666607e+01
1.291666666666666607e+01
1.041666666666666607e+01
1.083333333333333393e+01
1.208333333333333393e+01
1.500000000000000000e+01
1.416666666666666607e+01
1.083333333333333393e+01
1.208333333333333393e+01
1.125000000000000000e+01
9.166666666666666075e+00
1.416666666666666607e+01
1.291666666666666607e+01
1.166666666666666607e+01
1.250000000000000000e+01
1.333333333333333393e+01
1.125000000000000000e+01
1.291666666666666607e+01
