2.014128338255277040e+00
2.035563440062362339e+00
1.926003826772091809e+00
2.183693778559283150e+00
1.716275575731313952e+00
1.568276359810585552e+00
1.838376900863811336e+00
1.716275575731313729e+00
1.707825127659933218e+00
1.638653467083625248e+00
1.638653467083625248e+00
1.611949015828239906e+00
1.702734728475212567e+00
1.168649109331257208e+00
1.410936122133366055e+00
1.611949015828239684e+00
1.761207498238595237e+00
1.443375672974064328e+00
1.551582227085437582e+00
1.801812359203304403e+00
1.500385752867377409e+00
