1.103183524572810548e+01
1.114924013354971066e+01
1.054915741764347104e+01
1.196058341200610364e+01
9.400428477232066982e+00
8.589803386703460220e+00
1.006920497799547931e+01
9.400428477232065205e+00
9.354143466934853990e+00
8.975274678557507713e+00
8.975274678557507713e+00
8.829008375173790668e+00
9.326262202333079898e+00
6.400954789890506369e+00
7.728015412913086912e+00
8.829008375173788892e+00
9.646530752325187308e+00
7.905694150420948141e+00
8.498365855987973561e+00
9.868932735272508694e+00
8.217951218048341389e+00
