2.039583333333332860e+01
2.010416666666667140e+01
2.093750000000000000e+01
2.572916666666667140e+01
3.270833333333332860e+01
3.529166666666667140e+01
3.593750000000000000e+01
3.614583333333333570e+01
3.652083333333333570e+01
3.716666666666666430e+01
3.708333333333333570e+01
3.725000000000000000e+01
3.702083333333333570e+01
3.729166666666666430e+01
3.727083333333333570e+01
3.735416666666666430e+01
3.731250000000000000e+01
3.741666666666666430e+01
3.729166666666666430e+01
3.739583333333333570e+01
3.743750000000000000e+01
3.743750000000000000e+01
3.743750000000000000e+01
3.745833333333333570e+01
3.745833333333333570e+01
3.745833333333333570e+01
3.747916666666666430e+01
3.747916666666666430e+01
3.747916666666666430e+01
3.745833333333333570e+01
3.747916666666666430e+01
3.747916666666666430e+01
3.747916666666666430e+01
3.747916666666666430e+01
3.747916666666666430e+01
3.747916666666666430e+01
3.750000000000000000e+01
3.750000000000000000e+01
3.750000000000000000e+01
3.750000000000000000e+01
3.750000000000000000e+01
3.750000000000000000e+01
3.750000000000000000e+01
3.750000000000000000e+01
3.750000000000000000e+01
3.750000000000000000e+01
3.750000000000000000e+01
3.750000000000000000e+01
3.750000000000000000e+01
3.750000000000000000e+01
3.750000000000000000e+01
3.750000000000000000e+01
3.750000000000000000e+01
3.750000000000000000e+01
3.750000000000000000e+01
3.750000000000000000e+01
3.750000000000000000e+01
3.750000000000000000e+01
3.750000000000000000e+01
3.750000000000000000e+01
3.750000000000000000e+01
3.750000000000000000e+01
3.750000000000000000e+01
3.750000000000000000e+01
3.750000000000000000e+01
3.750000000000000000e+01
3.750000000000000000e+01
3.750000000000000000e+01
3.750000000000000000e+01
3.750000000000000000e+01
3.750000000000000000e+01
3.750000000000000000e+01
3.750000000000000000e+01
3.750000000000000000e+01
3.750000000000000000e+01
3.750000000000000000e+01
3.750000000000000000e+01
3.750000000000000000e+01
3.750000000000000000e+01
3.750000000000000000e+01
3.750000000000000000e+01
3.750000000000000000e+01
3.750000000000000000e+01
3.750000000000000000e+01
3.750000000000000000e+01
3.750000000000000000e+01
3.750000000000000000e+01
3.750000000000000000e+01
3.750000000000000000e+01
3.750000000000000000e+01
3.750000000000000000e+01
3.750000000000000000e+01
3.750000000000000000e+01
3.750000000000000000e+01
3.750000000000000000e+01
3.750000000000000000e+01
3.750000000000000000e+01
3.750000000000000000e+01
3.750000000000000000e+01
3.750000000000000000e+01
3.750000000000000000e+01
3.750000000000000000e+01
3.750000000000000000e+01
3.750000000000000000e+01
3.750000000000000000e+01
3.750000000000000000e+01
3.750000000000000000e+01
3.750000000000000000e+01
3.750000000000000000e+01
3.750000000000000000e+01
3.750000000000000000e+01
3.750000000000000000e+01
3.750000000000000000e+01
3.750000000000000000e+01
3.750000000000000000e+01
3.750000000000000000e+01
3.750000000000000000e+01
3.750000000000000000e+01
3.750000000000000000e+01
3.750000000000000000e+01
3.750000000000000000e+01
3.750000000000000000e+01
3.750000000000000000e+01
3.750000000000000000e+01
3.750000000000000000e+01
3.750000000000000000e+01
3.750000000000000000e+01
3.750000000000000000e+01
3.750000000000000000e+01
3.750000000000000000e+01
3.750000000000000000e+01
3.750000000000000000e+01
3.750000000000000000e+01
3.750000000000000000e+01
3.750000000000000000e+01
3.750000000000000000e+01
3.750000000000000000e+01
3.750000000000000000e+01
3.750000000000000000e+01
3.750000000000000000e+01
3.750000000000000000e+01
3.750000000000000000e+01
3.750000000000000000e+01
3.750000000000000000e+01
3.750000000000000000e+01
3.750000000000000000e+01
3.750000000000000000e+01
3.750000000000000000e+01
3.750000000000000000e+01
3.750000000000000000e+01
3.750000000000000000e+01
3.750000000000000000e+01
3.750000000000000000e+01
3.750000000000000000e+01
3.750000000000000000e+01
3.750000000000000000e+01
3.750000000000000000e+01
3.750000000000000000e+01
3.750000000000000000e+01
3.750000000000000000e+01
3.750000000000000000e+01
3.750000000000000000e+01
3.750000000000000000e+01
3.750000000000000000e+01
3.750000000000000000e+01
3.750000000000000000e+01
3.750000000000000000e+01
3.750000000000000000e+01
3.750000000000000000e+01
3.750000000000000000e+01
3.750000000000000000e+01
3.750000000000000000e+01
3.750000000000000000e+01
3.750000000000000000e+01
3.750000000000000000e+01
3.750000000000000000e+01
3.750000000000000000e+01
3.750000000000000000e+01
3.750000000000000000e+01
3.750000000000000000e+01
3.750000000000000000e+01
3.750000000000000000e+01
3.750000000000000000e+01
3.750000000000000000e+01
3.750000000000000000e+01
3.750000000000000000e+01
3.750000000000000000e+01
3.750000000000000000e+01
3.750000000000000000e+01
3.750000000000000000e+01
3.750000000000000000e+01
3.750000000000000000e+01
3.750000000000000000e+01
3.750000000000000000e+01
3.750000000000000000e+01
3.750000000000000000e+01
3.750000000000000000e+01
3.750000000000000000e+01
3.750000000000000000e+01
3.750000000000000000e+01
3.750000000000000000e+01
3.750000000000000000e+01
3.750000000000000000e+01
3.750000000000000000e+01
3.750000000000000000e+01
3.750000000000000000e+01
3.750000000000000000e+01
3.750000000000000000e+01
3.750000000000000000e+01
3.750000000000000000e+01
3.750000000000000000e+01
3.750000000000000000e+01
3.750000000000000000e+01
3.750000000000000000e+01
3.750000000000000000e+01
3.750000000000000000e+01
3.750000000000000000e+01
3.750000000000000000e+01
3.750000000000000000e+01
3.750000000000000000e+01
3.750000000000000000e+01
3.750000000000000000e+01
3.750000000000000000e+01
3.750000000000000000e+01
3.750000000000000000e+01
3.750000000000000000e+01
3.750000000000000000e+01
3.750000000000000000e+01
3.750000000000000000e+01
3.750000000000000000e+01
3.750000000000000000e+01
3.750000000000000000e+01
3.750000000000000000e+01
3.750000000000000000e+01
3.750000000000000000e+01
3.750000000000000000e+01
3.750000000000000000e+01
3.750000000000000000e+01
3.750000000000000000e+01
3.750000000000000000e+01
3.750000000000000000e+01
3.750000000000000000e+01
3.750000000000000000e+01
3.750000000000000000e+01
3.750000000000000000e+01
3.750000000000000000e+01
3.750000000000000000e+01
3.750000000000000000e+01
3.750000000000000000e+01
3.750000000000000000e+01
3.750000000000000000e+01
3.750000000000000000e+01
3.750000000000000000e+01
3.750000000000000000e+01
3.750000000000000000e+01
3.750000000000000000e+01
3.750000000000000000e+01
3.750000000000000000e+01
3.750000000000000000e+01
3.750000000000000000e+01
3.750000000000000000e+01
3.750000000000000000e+01
3.750000000000000000e+01
3.750000000000000000e+01
3.750000000000000000e+01
3.750000000000000000e+01
3.750000000000000000e+01
3.750000000000000000e+01
3.750000000000000000e+01
3.750000000000000000e+01
3.750000000000000000e+01
3.750000000000000000e+01
3.750000000000000000e+01
3.750000000000000000e+01
3.750000000000000000e+01
3.750000000000000000e+01
3.750000000000000000e+01
3.750000000000000000e+01
3.750000000000000000e+01
3.750000000000000000e+01
3.750000000000000000e+01
3.750000000000000000e+01
3.750000000000000000e+01
3.750000000000000000e+01
3.750000000000000000e+01
3.750000000000000000e+01
3.750000000000000000e+01
3.750000000000000000e+01
3.750000000000000000e+01
3.750000000000000000e+01
3.750000000000000000e+01
3.750000000000000000e+01
3.750000000000000000e+01
3.750000000000000000e+01
3.750000000000000000e+01
3.750000000000000000e+01
3.750000000000000000e+01
3.750000000000000000e+01
3.750000000000000000e+01
3.750000000000000000e+01
3.750000000000000000e+01
3.750000000000000000e+01
3.750000000000000000e+01
3.750000000000000000e+01
3.750000000000000000e+01
3.750000000000000000e+01
3.750000000000000000e+01
3.750000000000000000e+01
3.750000000000000000e+01
3.750000000000000000e+01
3.750000000000000000e+01
3.750000000000000000e+01
3.750000000000000000e+01
3.750000000000000000e+01
3.750000000000000000e+01
3.750000000000000000e+01
3.750000000000000000e+01
3.750000000000000000e+01
3.750000000000000000e+01
3.750000000000000000e+01
3.750000000000000000e+01
3.750000000000000000e+01
3.750000000000000000e+01
3.750000000000000000e+01
3.750000000000000000e+01
3.750000000000000000e+01
3.750000000000000000e+01
3.750000000000000000e+01
3.750000000000000000e+01
3.750000000000000000e+01
3.750000000000000000e+01
3.750000000000000000e+01
3.750000000000000000e+01
3.750000000000000000e+01
3.750000000000000000e+01
3.750000000000000000e+01
3.750000000000000000e+01
3.750000000000000000e+01
3.750000000000000000e+01
3.750000000000000000e+01
3.750000000000000000e+01
3.750000000000000000e+01
3.750000000000000000e+01
3.750000000000000000e+01
3.750000000000000000e+01
3.750000000000000000e+01
3.750000000000000000e+01
3.750000000000000000e+01
3.750000000000000000e+01
3.750000000000000000e+01
3.750000000000000000e+01
3.750000000000000000e+01
3.750000000000000000e+01
3.750000000000000000e+01
3.750000000000000000e+01
3.750000000000000000e+01
3.750000000000000000e+01
3.750000000000000000e+01
3.750000000000000000e+01
3.750000000000000000e+01
3.750000000000000000e+01
3.750000000000000000e+01
3.750000000000000000e+01
3.750000000000000000e+01
3.750000000000000000e+01
3.750000000000000000e+01
3.750000000000000000e+01
3.750000000000000000e+01
3.750000000000000000e+01
3.750000000000000000e+01
3.750000000000000000e+01
3.750000000000000000e+01
3.750000000000000000e+01
3.750000000000000000e+01
3.750000000000000000e+01
3.750000000000000000e+01
3.750000000000000000e+01
3.750000000000000000e+01
3.750000000000000000e+01
3.750000000000000000e+01
3.750000000000000000e+01
3.750000000000000000e+01
3.750000000000000000e+01
3.750000000000000000e+01
3.750000000000000000e+01
3.750000000000000000e+01
3.750000000000000000e+01
3.750000000000000000e+01
3.750000000000000000e+01
3.750000000000000000e+01
3.750000000000000000e+01
3.750000000000000000e+01
3.750000000000000000e+01
3.750000000000000000e+01
3.750000000000000000e+01
3.750000000000000000e+01
3.750000000000000000e+01
3.750000000000000000e+01
3.750000000000000000e+01
3.750000000000000000e+01
3.750000000000000000e+01
3.750000000000000000e+01
3.750000000000000000e+01
3.750000000000000000e+01
3.750000000000000000e+01
3.750000000000000000e+01
3.750000000000000000e+01
3.750000000000000000e+01
3.750000000000000000e+01
3.750000000000000000e+01
3.750000000000000000e+01
3.750000000000000000e+01
3.750000000000000000e+01
3.750000000000000000e+01
3.750000000000000000e+01
3.750000000000000000e+01
3.750000000000000000e+01
3.750000000000000000e+01
3.750000000000000000e+01
3.750000000000000000e+01
3.750000000000000000e+01
3.750000000000000000e+01
3.750000000000000000e+01
3.750000000000000000e+01
3.750000000000000000e+01
3.750000000000000000e+01
3.750000000000000000e+01
3.750000000000000000e+01
3.750000000000000000e+01
3.750000000000000000e+01
3.750000000000000000e+01
3.750000000000000000e+01
3.750000000000000000e+01
3.750000000000000000e+01
3.750000000000000000e+01
3.750000000000000000e+01
3.750000000000000000e+01
3.750000000000000000e+01
3.750000000000000000e+01
3.750000000000000000e+01
3.750000000000000000e+01
3.750000000000000000e+01
3.750000000000000000e+01
3.750000000000000000e+01
3.750000000000000000e+01
3.750000000000000000e+01
3.750000000000000000e+01
3.750000000000000000e+01
3.750000000000000000e+01
3.750000000000000000e+01
3.750000000000000000e+01
3.750000000000000000e+01
3.750000000000000000e+01
3.750000000000000000e+01
3.750000000000000000e+01
3.750000000000000000e+01
3.750000000000000000e+01
3.750000000000000000e+01
3.750000000000000000e+01
3.750000000000000000e+01
3.750000000000000000e+01
3.750000000000000000e+01
3.750000000000000000e+01
3.750000000000000000e+01
3.750000000000000000e+01
3.750000000000000000e+01
3.750000000000000000e+01
3.750000000000000000e+01
3.750000000000000000e+01
3.750000000000000000e+01
3.750000000000000000e+01
3.750000000000000000e+01
3.750000000000000000e+01
3.750000000000000000e+01
3.750000000000000000e+01
3.750000000000000000e+01
3.750000000000000000e+01
3.750000000000000000e+01
3.750000000000000000e+01
3.750000000000000000e+01
3.750000000000000000e+01
3.750000000000000000e+01
3.750000000000000000e+01
3.750000000000000000e+01
3.750000000000000000e+01
3.750000000000000000e+01
3.750000000000000000e+01
3.750000000000000000e+01
3.750000000000000000e+01
3.750000000000000000e+01
3.750000000000000000e+01
3.750000000000000000e+01
3.750000000000000000e+01
3.750000000000000000e+01
3.750000000000000000e+01
3.750000000000000000e+01
3.750000000000000000e+01
