7.246836282525455364e-02
6.402772424717673161e-02
5.791025235328250281e-02
5.641348850152591576e-02
5.618520425012119013e-02
4.848451211611842782e-02
4.744206256772436070e-02
4.527912300694229841e-02
4.474226745093387581e-02
4.337652568693150384e-02
4.186071221409579796e-02
4.283690916443676222e-02
4.120976988114638528e-02
4.116360203316021815e-02
4.081694298338944815e-02
4.102327078309528363e-02
4.054869901575298280e-02
4.032653279665484453e-02
4.012455151402433834e-02
4.006797545120627940e-02
3.996474847394353852e-02
3.986900610719992799e-02
3.987211285133780009e-02
3.979783109625621013e-02
3.970392211973890889e-02
3.967531972120551947e-02
3.965718215695952092e-02
3.959533349461948765e-02
3.954121983233296889e-02
3.953902960942792810e-02
3.954069567359116272e-02
3.949292572069761087e-02
3.948803208086219818e-02
3.944622449086897936e-02
3.943089102672575619e-02
3.940776147864618467e-02
3.939810451700733601e-02
3.937587782934558189e-02
3.935918594498833550e-02
3.935281097857182275e-02
3.934173155093885488e-02
3.933214570236950175e-02
3.933119447520641576e-02
3.933846411749380295e-02
3.930174235834323765e-02
3.930135770361724290e-02
3.928866490545377538e-02
3.928167043321909718e-02
3.929564555304897872e-02
3.927020399174512011e-02
3.926644370504983605e-02
3.925485482634225726e-02
3.925183170026252250e-02
3.924794930831931178e-02
3.924068402104291531e-02
3.923262391402179694e-02
3.926690485025050720e-02
3.923975782429298814e-02
3.922792249236019269e-02
3.923438829061304256e-02
3.922717956004589251e-02
3.921137767890265496e-02
3.921223259168950953e-02
3.920576572803215892e-02
3.920351903096563895e-02
3.919978961281180008e-02
3.919663713727645354e-02
3.919265357030123076e-02
3.919972138382107896e-02
3.918474653382616330e-02
3.918213964422687101e-02
3.917806798990353806e-02
3.917488581159003780e-02
3.917319058499421636e-02
3.917188888195789753e-02
3.917011341111849287e-02
3.918346932319638487e-02
3.916620456622739443e-02
3.916743533522385606e-02
3.916154205582362408e-02
3.915999937880457193e-02
3.915714630535758328e-02
3.915505443716120471e-02
3.915414272578299215e-02
3.915289373766934339e-02
3.914949328473037865e-02
3.914905629341881854e-02
3.914750339669859081e-02
3.914656801443232997e-02
3.914436544704687215e-02
3.914254948623716035e-02
3.914079809935901849e-02
3.913916324365271371e-02
3.913766903407154413e-02
3.913621638896897653e-02
3.913598350168057127e-02
3.913313273916873419e-02
3.913146546831817313e-02
3.913084877493721442e-02
3.913023811139849928e-02
3.912918610606529873e-02
3.912858091070842148e-02
3.912719142749990914e-02
3.912714735495712026e-02
3.912564432322511443e-02
3.912429291947818605e-02
3.912240772224412355e-02
3.912105877793533443e-02
3.912073148810336215e-02
3.911931905993012298e-02
3.911894018760731645e-02
3.911791718009105523e-02
3.911764609581268315e-02
3.911627518114536850e-02
3.911527606313366934e-02
3.911409843822247212e-02
3.911317742609251441e-02
3.911258650305933504e-02
3.911122999526440297e-02
3.911033117265617226e-02
3.910981489888497309e-02
3.911004517110731188e-02
3.910912933669365849e-02
3.910863089146230515e-02
3.910812651263848028e-02
3.910747855025021452e-02
3.910679747663543815e-02
3.910680026948387678e-02
3.910551062705353714e-02
3.910478892948115320e-02
3.910476702682016970e-02
3.910358117237265618e-02
3.910272567192405596e-02
3.910203512824690641e-02
3.910123719080371707e-02
3.910045426959646991e-02
3.910478777748815915e-02
3.910008350291921397e-02
3.909975650075177972e-02
3.910050990396517906e-02
3.909933064313881462e-02
3.909874819037859051e-02
3.909833613816919573e-02
3.909775964493059086e-02
3.909725131730395348e-02
3.909747332989169100e-02
3.909656632391013409e-02
3.909709433528949646e-02
3.909616825469607038e-02
3.909602387915979416e-02
3.909617075918494361e-02
3.909576428041455082e-02
3.909535367000403078e-02
3.909614220870286788e-02
3.909554797197203890e-02
3.909565658829744494e-02
3.909521083946643910e-02
3.909725443868347639e-02
3.909418958762201496e-02
3.909752123762793435e-02
3.909418724028843051e-02
3.909319752951231214e-02
3.909447277241179936e-02
3.909299404837734970e-02
3.909258215756945820e-02
3.909296783107551326e-02
3.909231917131002210e-02
3.909180989657933675e-02
3.909164997063137303e-02
3.909133679378684612e-02
3.909118418370510772e-02
3.909116142816528028e-02
3.909095806831743708e-02
3.909073276929562329e-02
3.909058878920049912e-02
3.909047312567541510e-02
3.909020646604952076e-02
3.908994870073993766e-02
3.908970486345606649e-02
3.908983607954411715e-02
3.908938212703536724e-02
3.908948381937080857e-02
3.908950737460453739e-02
3.908898617727379898e-02
3.908882116988372096e-02
3.908865175385201063e-02
3.908871769972660504e-02
3.908846848918884342e-02
3.908822806072383138e-02
3.908812227885259671e-02
3.908794967928831687e-02
3.908776728019170560e-02
3.908771733148017069e-02
3.908755781279339703e-02
3.908737756643705652e-02
3.908721811697121740e-02
3.908713406441011867e-02
3.908736787243460853e-02
3.908692826618653804e-02
3.908688357143459691e-02
3.908674051936993771e-02
3.908655342715189329e-02
3.908639037578969661e-02
3.908622710518568771e-02
3.908600880162172581e-02
3.908594895687737131e-02
3.908573987301955377e-02
3.908554201541977746e-02
3.908523284119239105e-02
3.908505547872054287e-02
3.908545833859228269e-02
3.908528917374344547e-02
3.908502239815293128e-02
3.908470230064083062e-02
3.908456771990383161e-02
3.908435578794917931e-02
3.908417069214342038e-02
3.908404400702489290e-02
3.908394714934321917e-02
3.908374468616140907e-02
3.908500381023451153e-02
3.908369139181580576e-02
3.908379833608687653e-02
3.908340304406031362e-02
3.908321515846811811e-02
3.908318731907279436e-02
3.908314282117079236e-02
3.908313673037075442e-02
3.908300212237809240e-02
3.908289476090782977e-02
3.908285993463395114e-02
3.908273040094279588e-02
3.908254727059111422e-02
3.908234823851796519e-02
3.908224110851359762e-02
3.908197487706560613e-02
3.908176838194199476e-02
3.908167617115414910e-02
3.908231661665597517e-02
3.908178507272691560e-02
3.908173702465756599e-02
3.908156145573172396e-02
3.908139064810290525e-02
3.908141662989463028e-02
3.908112904833208751e-02
3.908122656563300240e-02
3.908103414853836277e-02
3.908097106219286104e-02
3.908085462657775316e-02
3.908071700383455860e-02
3.908074312078835960e-02
3.908065924377307487e-02
3.908040664099137612e-02
3.908035984051230760e-02
3.908018984497393933e-02
3.908008234680771659e-02
3.907989779777139294e-02
3.907982766836062133e-02
3.907978463327365509e-02
3.907972191732886347e-02
3.907964288641552902e-02
3.907956061020766841e-02
3.907944645481942897e-02
3.907932015884080929e-02
3.907928171232686460e-02
3.907943164202276609e-02
3.907906487566645271e-02
3.907905999021792087e-02
3.907909679708616857e-02
3.907884430550637861e-02
3.907879220850498520e-02
3.907866011633465836e-02
3.907856947930179320e-02
3.907845457386118632e-02
3.907832268408929083e-02
3.907824994938947916e-02
3.907840480705093017e-02
3.907828850673145116e-02
3.907820874103622166e-02
3.907811209562743471e-02
3.907805166180526590e-02
3.907795887270956031e-02
3.907788673170976834e-02
3.907785194528614475e-02
3.907784587116811675e-02
3.907792370241633395e-02
3.907779066130864787e-02
3.907797513699527020e-02
3.907769064989798785e-02
3.907765358637545206e-02
3.907761009901089544e-02
3.907755303911535083e-02
3.907749512237478073e-02
3.907745066466511430e-02
3.907738355623637666e-02
3.907757237775580372e-02
3.907739940046121851e-02
3.907748596349261416e-02
3.907751477472255763e-02
3.907726193601620407e-02
3.907717825536382444e-02
3.907708442845889141e-02
3.907700951767348330e-02
3.907693105458677485e-02
3.907686532497771370e-02
3.907674758412895549e-02
3.907673352680054307e-02
3.907664615813685044e-02
3.907666546161168292e-02
3.907656798176397522e-02
3.907667808806319226e-02
3.907648489982813722e-02
3.907641407157406988e-02
3.907634419249161190e-02
3.907629363557200974e-02
3.907633146506169636e-02
3.907621826293283113e-02
3.907616248436356771e-02
3.907612919166707222e-02
3.907611226938206839e-02
3.907603231233705565e-02
3.907598055676489435e-02
3.907595756742885534e-02
3.907593781581137488e-02
3.907586752058246626e-02
3.907575575382755267e-02
3.907571325696360121e-02
3.907558434906289319e-02
3.907560051869252149e-02
3.907566585837859985e-02
3.907560676532918081e-02
3.907577896925564648e-02
3.907552858787947253e-02
3.907547084486751032e-02
3.907543230179175847e-02
3.907540221972038985e-02
3.907534292055854508e-02
3.907531617470325763e-02
3.907531865046481867e-02
3.907533599104966171e-02
3.907531012661528969e-02
3.907532862812204688e-02
3.907516924600646507e-02
3.907513221532418757e-02
3.907509422428628865e-02
3.907505349153211210e-02
3.907522981380664312e-02
3.907504566317148570e-02
3.907504806728876595e-02
3.907501152050845555e-02
3.907500363647182368e-02
3.907492085316827124e-02
3.907497064387191466e-02
3.907493647326642366e-02
3.907489460635387574e-02
3.907485228081830630e-02
3.907482921528955544e-02
3.907482988514978522e-02
3.907480886300760542e-02
3.907476769468748445e-02
3.907471698813575617e-02
3.907472922973412310e-02
3.907466074348502766e-02
3.907463262466352727e-02
3.907463165235016550e-02
3.907460189254537142e-02
3.907456450358440941e-02
3.907489297536624606e-02
3.907462939268238622e-02
3.907477236098902407e-02
3.907454380721172432e-02
3.907452344395700300e-02
3.907448661785611899e-02
3.907446735292828544e-02
3.907441727923505193e-02
3.907440829652122916e-02
3.907438700284096567e-02
3.907433914357952287e-02
3.907433934962359356e-02
3.907428488430066821e-02
3.907431899157039201e-02
3.907425972845381124e-02
3.907435373426139391e-02
3.907421047938970660e-02
3.907429283539187032e-02
3.907417596097501750e-02
3.907414937556247247e-02
3.907409400164128105e-02
3.907405995099726831e-02
3.907402696125409497e-02
3.907398690660864038e-02
3.907394953395212228e-02
3.907393169216892559e-02
3.907401886890951581e-02
3.907425764205185031e-02
3.907390687662191248e-02
3.907404473597434619e-02
3.907392404340123693e-02
3.907389739145168683e-02
3.907383604494912149e-02
3.907382678853327240e-02
3.907379139164700310e-02
3.907376731846485401e-02
3.907384123390664210e-02
3.907372136327284112e-02
3.907370757069472678e-02
3.907363849517687254e-02
3.907363118623550374e-02
3.907358836329743318e-02
3.907358812583073410e-02
3.907355760116412030e-02
3.907377301179792289e-02
3.907376948684235934e-02
3.907366123147757581e-02
3.907357136162016575e-02
3.907350821770057270e-02
3.907350410470819546e-02
3.907348576198474421e-02
3.907347799430103963e-02
3.907350757171922095e-02
3.907344944883094778e-02
3.907344763935423348e-02
3.907341821639800233e-02
3.907343080131760182e-02
3.907341203761389992e-02
3.907341665700651140e-02
3.907336059712182563e-02
3.907334744736223192e-02
3.907330454836317746e-02
3.907330945024867913e-02
3.907337398836039505e-02
3.907324059479779649e-02
3.907324097646341227e-02
3.907322613792035826e-02
3.907322997543041798e-02
3.907325474303763313e-02
3.907322493509939737e-02
3.907316980509022847e-02
3.907314438938438300e-02
3.907311936868391317e-02
3.907310770702507319e-02
3.907310445053696624e-02
3.907365006334308222e-02
3.907308625224931858e-02
3.907322832679396146e-02
3.907302741770623394e-02
3.907300932877721261e-02
3.907304357449563337e-02
3.907311083928843159e-02
3.907313161410175262e-02
3.907304693830521147e-02
3.907297097700669630e-02
3.907294738548552915e-02
3.907293651093277087e-02
3.907292518107007701e-02
3.907291158566203459e-02
3.907290800705390948e-02
3.907288160911986247e-02
3.907289233553934427e-02
3.907286804991347978e-02
3.907284944998033055e-02
3.907285128907628940e-02
3.907294060216667114e-02
3.907284906924854417e-02
3.907286908503268541e-02
3.907282568256673777e-02
3.907278464390340211e-02
3.907277038311202794e-02
3.907276928538527122e-02
3.907277783482088901e-02
3.907277525757359149e-02
3.907277395032766887e-02
3.907280959154564581e-02
3.907284226885657241e-02
3.907282746292287112e-02
3.907278441371130756e-02
3.907275358821407640e-02
3.907274490848992171e-02
3.907271613495247320e-02
3.907270525955416213e-02
3.907269212682216303e-02
3.907267941096307512e-02
3.907265663132319239e-02
3.907267032449870947e-02
3.907272533919166346e-02
3.907268015662288679e-02
3.907269991998010839e-02
3.907266315489744957e-02
3.907266112862238516e-02
3.907261037278222937e-02
3.907259868627497440e-02
3.907258244884067450e-02
3.907258342036827592e-02
3.907255231649058719e-02
3.907255805600163417e-02
3.907253475911802443e-02
3.907250879133227633e-02
