6.311381263565631061e-02
5.792399013830126786e-02
5.466109016992928143e-02
5.646962475944029142e-02
4.903688527933858926e-02
4.604585207702383692e-02
4.660693997748191486e-02
4.352147989135626838e-02
4.390392571561307911e-02
4.200646504324884178e-02
4.205579435941127903e-02
4.170154850256975465e-02
4.139276959283432616e-02
4.097496352396039904e-02
4.151397166507212605e-02
4.060036998012923198e-02
4.064204806169915973e-02
4.050016161008000715e-02
4.015377637128538652e-02
4.026639690561197721e-02
4.023282146462271031e-02
4.020467579459612723e-02
4.000103270730738514e-02
4.006350473007408430e-02
3.977164845028206830e-02
4.005906598364075005e-02
3.989560276099961278e-02
3.978120563992666725e-02
3.979133758225896628e-02
3.982855965383060026e-02
3.963230440926091697e-02
3.981660897459766285e-02
3.964241909702614225e-02
3.966913967552872233e-02
3.961736837100946623e-02
3.962318749077567426e-02
3.958192644700960633e-02
3.958855190959997133e-02
3.953781196063878983e-02
3.958551905076301142e-02
3.951095275134892948e-02
3.954099724794021831e-02
3.951375811844697050e-02
3.948278362421078075e-02
3.942452732074772787e-02
3.951039741421289581e-02
3.944090002420612417e-02
3.947575748639207266e-02
3.946122632736605990e-02
3.943154156483289624e-02
3.944148939438113510e-02
3.938902283862735776e-02
3.942586775988950881e-02
3.939392934038413868e-02
3.939724414245196482e-02
3.937311426244271412e-02
3.944922558538080382e-02
3.936904147875376625e-02
3.933664960071014266e-02
3.942305696055140030e-02
3.934718399351374435e-02
3.937999476373534730e-02
3.934897612806214501e-02
3.933754961953342399e-02
3.935492792027181497e-02
3.933084146800066433e-02
3.933303365761589565e-02
3.936701250174863553e-02
3.932502041874215426e-02
3.933380987309829935e-02
3.931166380647863057e-02
3.931161718701406405e-02
3.929577537943376719e-02
3.930588909472522430e-02
3.929956520178878865e-02
3.929346549794600352e-02
3.931081374811318946e-02
3.927702309883562143e-02
3.928526362166233354e-02
3.926762883354737582e-02
3.926608455285925114e-02
3.925966702105569694e-02
3.926638024125159165e-02
3.925535157558623922e-02
3.925289267587227238e-02
3.924567805541012006e-02
3.925049136946470729e-02
3.925856216340990745e-02
3.924088165820797947e-02
3.924968819125827790e-02
3.924295006714526718e-02
3.924818581996950689e-02
3.924022293605217843e-02
3.923977381678588755e-02
3.924056685758078866e-02
3.923544150909139688e-02
3.923987616139364837e-02
3.923374580255608451e-02
3.922816239442769581e-02
3.922995197857494926e-02
3.922967553597705992e-02
3.921850517512538020e-02
3.921342860780792361e-02
3.921732547178643363e-02
3.921206461163382478e-02
3.921270946342349933e-02
3.921604978657272644e-02
3.919836742492649462e-02
3.921289946507414137e-02
3.919861080473114462e-02
3.921095102643464697e-02
3.919943508279483818e-02
3.919805058610655035e-02
3.919824158623882310e-02
3.919651444236499360e-02
3.918932311716930017e-02
3.919587299744018566e-02
3.918304236944485097e-02
3.918475436808260826e-02
3.917742242067296515e-02
3.918574035184305138e-02
3.917682680637715048e-02
3.917940586357770288e-02
3.917717817556678334e-02
3.917550874346760470e-02
3.917305830626106183e-02
3.917405316270663324e-02
3.916975240914399858e-02
3.917129279291074045e-02
3.916701005806027397e-02
3.916890088767975564e-02
3.916393068795577526e-02
3.916911031130495408e-02
3.916367922813852875e-02
3.915911671085719331e-02
3.917158569033855897e-02
3.916179378423849389e-02
3.916147435844782865e-02
3.915767069870676464e-02
3.915952715984018923e-02
3.916110098059116806e-02
3.916031193613830202e-02
3.915857712507028743e-02
3.915843145119419361e-02
3.915582072769844407e-02
3.915315734081886712e-02
3.916888922692284697e-02
3.915224978394842015e-02
3.915888176190696762e-02
3.915680443969689339e-02
3.915615149623724589e-02
3.915260091679352572e-02
3.915647118343341948e-02
3.915054232279842339e-02
3.915694075928896623e-02
3.914896571295674310e-02
3.915515548546741331e-02
3.915218739207070725e-02
3.915465516427484027e-02
3.915032887966172354e-02
3.915172231088730193e-02
3.915209598484864495e-02
3.914950933976622111e-02
3.915250464293390520e-02
3.914657165370998698e-02
3.915260260572352852e-02
3.914850876071027108e-02
3.915171660983683688e-02
3.915107367144363137e-02
3.915244945300018486e-02
3.914393670274363135e-02
3.914960546117104284e-02
3.914833463406289932e-02
3.914672006717311720e-02
3.914741343855026451e-02
3.914568056164224180e-02
3.914569185800748086e-02
3.914537172667378884e-02
3.913743148295181773e-02
3.914501846997184287e-02
3.913603632868355164e-02
3.914782434017616969e-02
3.914495666189737183e-02
3.914516102970471562e-02
3.914875586280300301e-02
3.914281894521383365e-02
3.914304924806923797e-02
3.914388499875299382e-02
3.914440462248690994e-02
3.914494260299374029e-02
3.914540347031095213e-02
3.914562144625703677e-02
3.914353826369858930e-02
3.914728968367993389e-02
3.914071858014880195e-02
3.914470855645988540e-02
3.913788610844094046e-02
3.914355988477208337e-02
3.914292520605872072e-02
3.914471507640433778e-02
3.914440509268625468e-02
3.914546551149575282e-02
3.914608121012914249e-02
3.914785521491441489e-02
3.914190785867391331e-02
3.914814392307127550e-02
3.914256857997294725e-02
3.914449393449073028e-02
3.914273158060285751e-02
3.914499573281902262e-02
3.914088136014498565e-02
3.914267507500614890e-02
3.914235987761493368e-02
3.914278125757580246e-02
3.914281411925483317e-02
3.914246907948532028e-02
3.914296371627130899e-02
3.914137381858997372e-02
3.914137714236516630e-02
3.913854411286157853e-02
3.914057333747415768e-02
3.914489445167711190e-02
3.914010856473703476e-02
3.914097928216920402e-02
3.914102467291990378e-02
3.913893417557200854e-02
3.914190949383958978e-02
3.913867442729236645e-02
3.914232311719798019e-02
3.913743945086301662e-02
3.913890828812485040e-02
3.914019555014542490e-02
3.913622316750224595e-02
3.913763049111212977e-02
3.913528800796062940e-02
3.913608154033048486e-02
3.913589716751651043e-02
3.913127042908293163e-02
3.913419964153751901e-02
3.913133394760036354e-02
3.913422557695421522e-02
3.913691692338098355e-02
3.912972016856613305e-02
3.913599284045508192e-02
3.913101946030519973e-02
3.913407543806794037e-02
3.913231836185817464e-02
3.913217316845174487e-02
3.913239461368645672e-02
3.913009387124732202e-02
3.913091680205748463e-02
3.913516638635347600e-02
3.912995052983390259e-02
3.912858038822952106e-02
3.913058667713102678e-02
3.912917848093230150e-02
3.912889592559203045e-02
3.912975554267560802e-02
3.912727502938594809e-02
3.913063655199362084e-02
3.912436571049127121e-02
3.912808891208766071e-02
3.912583776849497957e-02
3.912684579292659282e-02
3.912714618219965967e-02
3.912663395189173304e-02
3.912615083466694510e-02
3.912654961930141922e-02
3.912491273895557509e-02
3.912659458795243045e-02
3.912550750424907686e-02
3.912416292553468067e-02
3.912367139938619648e-02
3.912317316353879082e-02
3.912438371266577924e-02
3.912203023880142516e-02
3.912555726879169554e-02
3.912271025502979394e-02
3.912305020623108726e-02
3.912269960188329704e-02
3.912234481579034140e-02
3.912198174505741866e-02
3.912190727870731854e-02
3.912247587844795010e-02
3.912154243527943970e-02
3.912147381242307709e-02
3.912275432446390977e-02
3.911888117525128689e-02
3.912266499125334474e-02
3.912017088606117854e-02
3.911932257251573425e-02
3.911928022233444879e-02
3.911912540830566470e-02
3.911781764516111815e-02
3.911949006677022805e-02
3.911756539304900998e-02
3.911951565944894044e-02
3.911658403847976390e-02
3.911884102789833090e-02
3.911796012521506077e-02
3.911800696227307750e-02
3.911784533906795258e-02
3.911888566589192401e-02
3.911830149582853910e-02
3.911722313390197242e-02
3.912061034827710171e-02
3.911575724930901887e-02
3.911888189496309787e-02
3.911682749955920635e-02
3.911914323732205295e-02
3.911813221518878336e-02
3.911756827124688446e-02
3.911869750432983572e-02
3.911718581877986906e-02
3.911799387562420877e-02
3.911693154858463667e-02
3.911729400910537308e-02
3.911667844554586604e-02
3.911895163868075315e-02
3.911715346361403778e-02
3.911632296142661391e-02
3.912132870459627404e-02
3.911560983310490014e-02
3.911928587197600199e-02
3.911690496777735920e-02
3.911844029439218162e-02
3.911776637679118679e-02
3.911935381667794309e-02
3.911808777170889401e-02
3.911857700676932975e-02
3.911850760115972991e-02
3.911732497561022648e-02
3.911784849305196404e-02
3.911770939987155304e-02
3.911784500314879898e-02
3.911814130745552842e-02
3.911838751341169262e-02
3.912013787230513018e-02
3.911593178132240223e-02
3.911805312366042203e-02
3.911772285803948729e-02
3.911768466227589364e-02
3.911769194699810798e-02
3.911765791644299106e-02
3.911730132223339984e-02
3.911907381640009063e-02
3.911747397634379037e-02
3.911898975288603808e-02
3.911541517577831611e-02
3.911796127724580935e-02
3.911602561122905219e-02
3.911742049808147881e-02
3.911706765706329803e-02
3.911625544555466516e-02
3.911674444297699033e-02
3.911563675972584003e-02
3.911521553405596097e-02
3.911656152633233990e-02
3.911476241713578161e-02
3.911629619294920701e-02
3.911627294690565859e-02
3.911580749439675514e-02
3.911574584873879490e-02
3.911529039761807436e-02
3.911442399482043669e-02
3.911466393290857768e-02
3.911473279795472241e-02
3.911497732066267219e-02
3.911276976917355680e-02
3.911581785838826736e-02
3.911354099121861633e-02
3.911455372274141862e-02
3.911440556153750886e-02
3.911415510882079033e-02
3.911439142585225459e-02
3.911421645147875048e-02
3.911361397677108609e-02
3.911495957841825549e-02
3.911292042564908783e-02
3.911437339023673271e-02
3.911341491742655746e-02
3.911392059370290969e-02
3.911514328920757261e-02
3.911355415716889772e-02
3.911481051341786364e-02
3.911225381395245365e-02
3.911338576284223434e-02
3.911330641097832128e-02
3.911321286587291640e-02
3.911339185051657119e-02
3.911352587769646033e-02
3.911390553288485866e-02
3.911382311408916068e-02
3.911473094336790496e-02
3.911313951789049947e-02
3.911506265478542632e-02
3.911203759072497815e-02
3.911427883770653147e-02
3.911538608630477087e-02
3.911329671629285715e-02
3.911397138766654902e-02
3.911404040378652774e-02
3.911515543484479079e-02
3.911438306688008043e-02
3.911340432291872393e-02
3.911407598574830058e-02
3.911371431777176805e-02
3.911422905506824893e-02
3.911400759647552100e-02
3.911464571130947310e-02
3.911462469106594120e-02
3.911533887153552380e-02
3.911667395800459690e-02
3.911414290371729302e-02
3.911484593407607568e-02
3.911474756094350524e-02
3.911415268881816842e-02
3.911639583724597913e-02
3.911269604971876618e-02
3.911518103398373830e-02
3.911390706076316864e-02
3.911458297706283532e-02
3.911535491053386854e-02
3.911489653831849017e-02
3.911520960357268983e-02
3.911466506217461253e-02
3.911481655432597765e-02
3.911509136372238321e-02
3.911350848933291963e-02
3.911528457120323765e-02
3.911362910655242359e-02
3.911402757142630471e-02
3.911364996955565138e-02
3.911506370887801731e-02
3.911356699135906667e-02
3.911529116791524069e-02
3.911455617710593580e-02
3.911415078639565723e-02
3.911441919208370060e-02
3.911449279337893270e-02
3.911420000860649226e-02
3.911368587917699036e-02
3.911383233559935502e-02
3.911393015371150694e-02
3.911444768035829411e-02
3.911432613529573082e-02
3.911549929689524252e-02
3.911303575297420815e-02
3.911491208130649100e-02
3.911477846560666022e-02
3.911466863763781582e-02
3.911498590148817373e-02
3.911404278176203175e-02
3.911433089094915050e-02
3.911437951369233640e-02
3.911494984818354032e-02
3.911497239756018401e-02
3.911553195876207867e-02
3.911518381984576548e-02
3.911538144734598432e-02
3.911566365881266605e-02
3.911323857937681198e-02
3.911636630015447036e-02
3.911396749811734547e-02
3.911576142781562210e-02
3.911549207919920446e-02
3.911614296294906729e-02
3.911511921648959389e-02
3.911658482198100001e-02
3.911547795218503487e-02
3.911685020927318374e-02
3.911621790773135710e-02
3.911704635418403186e-02
3.911576984407525576e-02
3.911676632562648831e-02
3.911606488414634542e-02
3.911572929441842900e-02
3.911629318790350862e-02
3.911633018270001261e-02
3.911663481957569632e-02
3.911673758330751899e-02
3.911723614445176272e-02
3.911711820908243820e-02
3.911648536104269519e-02
3.911751673528861967e-02
3.911509422551723292e-02
3.911669896127521057e-02
3.911946319277284645e-02
3.911570438534480582e-02
3.911700753417075155e-02
3.911689641491717523e-02
3.911711963479656134e-02
3.911475078046266346e-02
3.911631498145797664e-02
3.911528221254358811e-02
3.911602367763565569e-02
3.911503960997789187e-02
