2.300000000000000000e+01
1.975000000000000000e+01
1.968750000000000000e+01
2.568750000000000000e+01
3.343750000000000000e+01
3.575000000000000000e+01
3.506250000000000000e+01
3.637500000000000000e+01
3.662500000000000000e+01
3.718750000000000000e+01
3.681250000000000000e+01
3.725000000000000000e+01
3.743750000000000000e+01
3.731250000000000000e+01
3.731250000000000000e+01
3.731250000000000000e+01
3.731250000000000000e+01
3.737500000000000000e+01
3.737500000000000000e+01
3.737500000000000000e+01
3.743750000000000000e+01
3.743750000000000000e+01
3.743750000000000000e+01
3.743750000000000000e+01
3.743750000000000000e+01
3.743750000000000000e+01
3.737500000000000000e+01
3.743750000000000000e+01
3.743750000000000000e+01
3.737500000000000000e+01
3.750000000000000000e+01
3.743750000000000000e+01
3.743750000000000000e+01
3.743750000000000000e+01
3.750000000000000000e+01
3.743750000000000000e+01
3.743750000000000000e+01
3.750000000000000000e+01
3.750000000000000000e+01
3.743750000000000000e+01
3.743750000000000000e+01
3.743750000000000000e+01
3.750000000000000000e+01
3.743750000000000000e+01
3.743750000000000000e+01
3.750000000000000000e+01
3.750000000000000000e+01
3.750000000000000000e+01
3.743750000000000000e+01
3.750000000000000000e+01
3.750000000000000000e+01
3.750000000000000000e+01
3.743750000000000000e+01
3.750000000000000000e+01
3.750000000000000000e+01
3.750000000000000000e+01
3.750000000000000000e+01
3.750000000000000000e+01
3.743750000000000000e+01
3.743750000000000000e+01
3.750000000000000000e+01
3.743750000000000000e+01
3.743750000000000000e+01
3.743750000000000000e+01
3.743750000000000000e+01
3.743750000000000000e+01
3.743750000000000000e+01
3.743750000000000000e+01
3.743750000000000000e+01
3.743750000000000000e+01
3.743750000000000000e+01
3.743750000000000000e+01
3.743750000000000000e+01
3.743750000000000000e+01
3.743750000000000000e+01
3.743750000000000000e+01
3.743750000000000000e+01
3.743750000000000000e+01
3.743750000000000000e+01
3.743750000000000000e+01
3.743750000000000000e+01
3.743750000000000000e+01
3.743750000000000000e+01
3.743750000000000000e+01
3.743750000000000000e+01
3.743750000000000000e+01
3.743750000000000000e+01
3.743750000000000000e+01
3.743750000000000000e+01
3.743750000000000000e+01
3.743750000000000000e+01
3.743750000000000000e+01
3.743750000000000000e+01
3.743750000000000000e+01
3.743750000000000000e+01
3.743750000000000000e+01
3.743750000000000000e+01
3.743750000000000000e+01
3.743750000000000000e+01
3.743750000000000000e+01
3.743750000000000000e+01
3.743750000000000000e+01
3.743750000000000000e+01
3.743750000000000000e+01
3.743750000000000000e+01
3.750000000000000000e+01
3.750000000000000000e+01
3.750000000000000000e+01
3.743750000000000000e+01
3.750000000000000000e+01
3.750000000000000000e+01
3.750000000000000000e+01
3.750000000000000000e+01
3.750000000000000000e+01
3.750000000000000000e+01
3.750000000000000000e+01
3.750000000000000000e+01
3.750000000000000000e+01
3.750000000000000000e+01
3.750000000000000000e+01
3.750000000000000000e+01
3.750000000000000000e+01
3.750000000000000000e+01
3.750000000000000000e+01
3.750000000000000000e+01
3.750000000000000000e+01
3.750000000000000000e+01
3.750000000000000000e+01
3.750000000000000000e+01
3.750000000000000000e+01
3.750000000000000000e+01
3.750000000000000000e+01
3.750000000000000000e+01
3.750000000000000000e+01
3.750000000000000000e+01
3.750000000000000000e+01
3.750000000000000000e+01
3.750000000000000000e+01
3.750000000000000000e+01
3.750000000000000000e+01
3.750000000000000000e+01
3.750000000000000000e+01
3.750000000000000000e+01
3.750000000000000000e+01
3.750000000000000000e+01
3.750000000000000000e+01
3.750000000000000000e+01
3.750000000000000000e+01
3.750000000000000000e+01
3.750000000000000000e+01
3.750000000000000000e+01
3.750000000000000000e+01
3.750000000000000000e+01
3.750000000000000000e+01
3.750000000000000000e+01
3.750000000000000000e+01
3.750000000000000000e+01
3.750000000000000000e+01
3.750000000000000000e+01
3.750000000000000000e+01
3.750000000000000000e+01
3.750000000000000000e+01
3.750000000000000000e+01
3.750000000000000000e+01
3.750000000000000000e+01
3.750000000000000000e+01
3.750000000000000000e+01
3.750000000000000000e+01
3.750000000000000000e+01
3.750000000000000000e+01
3.750000000000000000e+01
3.750000000000000000e+01
3.750000000000000000e+01
3.750000000000000000e+01
3.750000000000000000e+01
3.750000000000000000e+01
3.750000000000000000e+01
3.750000000000000000e+01
3.750000000000000000e+01
3.750000000000000000e+01
3.750000000000000000e+01
3.750000000000000000e+01
3.750000000000000000e+01
3.750000000000000000e+01
3.750000000000000000e+01
3.750000000000000000e+01
3.750000000000000000e+01
3.750000000000000000e+01
3.750000000000000000e+01
3.750000000000000000e+01
3.750000000000000000e+01
3.750000000000000000e+01
3.750000000000000000e+01
3.750000000000000000e+01
3.750000000000000000e+01
3.750000000000000000e+01
3.750000000000000000e+01
3.750000000000000000e+01
3.750000000000000000e+01
3.750000000000000000e+01
3.750000000000000000e+01
3.750000000000000000e+01
3.750000000000000000e+01
3.750000000000000000e+01
3.750000000000000000e+01
3.750000000000000000e+01
3.750000000000000000e+01
3.750000000000000000e+01
3.750000000000000000e+01
3.750000000000000000e+01
3.750000000000000000e+01
3.750000000000000000e+01
3.750000000000000000e+01
3.750000000000000000e+01
3.750000000000000000e+01
3.750000000000000000e+01
3.750000000000000000e+01
3.750000000000000000e+01
3.750000000000000000e+01
3.750000000000000000e+01
3.750000000000000000e+01
3.750000000000000000e+01
3.750000000000000000e+01
3.750000000000000000e+01
3.750000000000000000e+01
3.750000000000000000e+01
3.750000000000000000e+01
3.750000000000000000e+01
3.750000000000000000e+01
3.750000000000000000e+01
3.750000000000000000e+01
3.750000000000000000e+01
3.750000000000000000e+01
3.750000000000000000e+01
3.750000000000000000e+01
3.750000000000000000e+01
3.750000000000000000e+01
3.750000000000000000e+01
3.750000000000000000e+01
3.750000000000000000e+01
3.750000000000000000e+01
3.750000000000000000e+01
3.750000000000000000e+01
3.750000000000000000e+01
3.750000000000000000e+01
3.750000000000000000e+01
3.750000000000000000e+01
3.750000000000000000e+01
3.750000000000000000e+01
3.750000000000000000e+01
3.750000000000000000e+01
3.750000000000000000e+01
3.750000000000000000e+01
3.750000000000000000e+01
3.750000000000000000e+01
3.750000000000000000e+01
3.750000000000000000e+01
3.750000000000000000e+01
3.750000000000000000e+01
3.750000000000000000e+01
3.750000000000000000e+01
3.750000000000000000e+01
3.750000000000000000e+01
3.750000000000000000e+01
3.750000000000000000e+01
3.750000000000000000e+01
3.750000000000000000e+01
3.750000000000000000e+01
3.750000000000000000e+01
3.750000000000000000e+01
3.750000000000000000e+01
3.750000000000000000e+01
3.750000000000000000e+01
3.750000000000000000e+01
3.750000000000000000e+01
3.750000000000000000e+01
3.750000000000000000e+01
3.750000000000000000e+01
3.750000000000000000e+01
3.750000000000000000e+01
3.750000000000000000e+01
3.750000000000000000e+01
3.750000000000000000e+01
3.750000000000000000e+01
3.750000000000000000e+01
3.750000000000000000e+01
3.750000000000000000e+01
3.750000000000000000e+01
3.750000000000000000e+01
3.750000000000000000e+01
3.750000000000000000e+01
3.750000000000000000e+01
3.750000000000000000e+01
3.750000000000000000e+01
3.750000000000000000e+01
3.750000000000000000e+01
3.750000000000000000e+01
3.750000000000000000e+01
3.750000000000000000e+01
3.750000000000000000e+01
3.750000000000000000e+01
3.750000000000000000e+01
3.750000000000000000e+01
3.750000000000000000e+01
3.750000000000000000e+01
3.750000000000000000e+01
3.750000000000000000e+01
3.750000000000000000e+01
3.750000000000000000e+01
3.750000000000000000e+01
3.750000000000000000e+01
3.750000000000000000e+01
3.750000000000000000e+01
3.750000000000000000e+01
3.750000000000000000e+01
3.750000000000000000e+01
3.750000000000000000e+01
3.750000000000000000e+01
3.750000000000000000e+01
3.750000000000000000e+01
3.750000000000000000e+01
3.750000000000000000e+01
3.750000000000000000e+01
3.750000000000000000e+01
3.750000000000000000e+01
3.750000000000000000e+01
3.750000000000000000e+01
3.750000000000000000e+01
3.750000000000000000e+01
3.750000000000000000e+01
3.750000000000000000e+01
3.750000000000000000e+01
3.750000000000000000e+01
3.750000000000000000e+01
3.750000000000000000e+01
3.750000000000000000e+01
3.750000000000000000e+01
3.750000000000000000e+01
3.750000000000000000e+01
3.750000000000000000e+01
3.750000000000000000e+01
3.750000000000000000e+01
3.750000000000000000e+01
3.750000000000000000e+01
3.750000000000000000e+01
3.750000000000000000e+01
3.750000000000000000e+01
3.750000000000000000e+01
3.750000000000000000e+01
3.750000000000000000e+01
3.750000000000000000e+01
3.750000000000000000e+01
3.750000000000000000e+01
3.750000000000000000e+01
3.750000000000000000e+01
3.750000000000000000e+01
3.750000000000000000e+01
3.750000000000000000e+01
3.750000000000000000e+01
3.750000000000000000e+01
3.750000000000000000e+01
3.750000000000000000e+01
3.750000000000000000e+01
3.750000000000000000e+01
3.750000000000000000e+01
3.750000000000000000e+01
3.750000000000000000e+01
3.750000000000000000e+01
3.750000000000000000e+01
3.750000000000000000e+01
3.750000000000000000e+01
3.750000000000000000e+01
3.750000000000000000e+01
3.750000000000000000e+01
3.750000000000000000e+01
3.750000000000000000e+01
3.750000000000000000e+01
3.750000000000000000e+01
3.750000000000000000e+01
3.750000000000000000e+01
3.750000000000000000e+01
3.750000000000000000e+01
3.750000000000000000e+01
3.750000000000000000e+01
3.750000000000000000e+01
3.750000000000000000e+01
3.750000000000000000e+01
3.750000000000000000e+01
3.750000000000000000e+01
3.750000000000000000e+01
3.750000000000000000e+01
3.750000000000000000e+01
3.750000000000000000e+01
3.750000000000000000e+01
3.750000000000000000e+01
3.750000000000000000e+01
3.750000000000000000e+01
3.750000000000000000e+01
3.750000000000000000e+01
3.750000000000000000e+01
3.750000000000000000e+01
3.750000000000000000e+01
3.750000000000000000e+01
3.750000000000000000e+01
3.750000000000000000e+01
3.750000000000000000e+01
3.750000000000000000e+01
3.750000000000000000e+01
3.750000000000000000e+01
3.750000000000000000e+01
3.750000000000000000e+01
3.750000000000000000e+01
3.750000000000000000e+01
3.750000000000000000e+01
3.750000000000000000e+01
3.750000000000000000e+01
3.750000000000000000e+01
3.750000000000000000e+01
3.750000000000000000e+01
3.750000000000000000e+01
3.750000000000000000e+01
3.750000000000000000e+01
3.750000000000000000e+01
3.750000000000000000e+01
3.750000000000000000e+01
3.750000000000000000e+01
3.750000000000000000e+01
3.750000000000000000e+01
3.750000000000000000e+01
3.750000000000000000e+01
3.750000000000000000e+01
3.750000000000000000e+01
3.750000000000000000e+01
3.750000000000000000e+01
3.750000000000000000e+01
3.750000000000000000e+01
3.750000000000000000e+01
3.750000000000000000e+01
3.750000000000000000e+01
3.750000000000000000e+01
3.750000000000000000e+01
3.750000000000000000e+01
3.750000000000000000e+01
3.750000000000000000e+01
3.750000000000000000e+01
3.750000000000000000e+01
3.750000000000000000e+01
3.750000000000000000e+01
3.750000000000000000e+01
3.750000000000000000e+01
3.750000000000000000e+01
3.750000000000000000e+01
3.750000000000000000e+01
3.750000000000000000e+01
3.750000000000000000e+01
3.750000000000000000e+01
3.750000000000000000e+01
3.750000000000000000e+01
3.750000000000000000e+01
3.750000000000000000e+01
3.750000000000000000e+01
3.750000000000000000e+01
3.750000000000000000e+01
3.750000000000000000e+01
3.750000000000000000e+01
3.750000000000000000e+01
3.750000000000000000e+01
3.750000000000000000e+01
3.750000000000000000e+01
3.750000000000000000e+01
3.750000000000000000e+01
3.750000000000000000e+01
3.750000000000000000e+01
3.750000000000000000e+01
3.750000000000000000e+01
3.750000000000000000e+01
3.750000000000000000e+01
3.750000000000000000e+01
3.750000000000000000e+01
3.750000000000000000e+01
3.750000000000000000e+01
3.750000000000000000e+01
3.750000000000000000e+01
3.750000000000000000e+01
3.750000000000000000e+01
3.750000000000000000e+01
3.750000000000000000e+01
3.750000000000000000e+01
3.750000000000000000e+01
3.750000000000000000e+01
3.750000000000000000e+01
3.750000000000000000e+01
3.750000000000000000e+01
3.750000000000000000e+01
3.750000000000000000e+01
3.750000000000000000e+01
3.750000000000000000e+01
