1.000000000000000000e+02
5.666666666666666430e+01
2.166666666666666785e+01
2.458333333333333215e+01
1.750000000000000000e+01
1.375000000000000000e+01
1.083333333333333393e+01
1.416666666666666607e+01
1.625000000000000000e+01
1.750000000000000000e+01
1.750000000000000000e+01
1.375000000000000000e+01
1.416666666666666607e+01
1.166666666666666607e+01
1.208333333333333393e+01
9.166666666666666075e+00
1.041666666666666607e+01
1.291666666666666607e+01
1.458333333333333393e+01
1.458333333333333393e+01
1.333333333333333393e+01
