1.000000000000000000e+02
1.000000000000000000e+02
1.000000000000000000e+02
1.000000000000000000e+02
8.750000000000000000e+01
8.750000000000000000e+01
8.750000000000000000e+01
8.750000000000000000e+01
8.750000000000000000e+01
8.750000000000000000e+01
8.500000000000000000e+01
8.000000000000000000e+01
8.000000000000000000e+01
7.166666666666667140e+01
6.916666666666667140e+01
6.750000000000000000e+01
6.500000000000000000e+01
6.250000000000000000e+01
6.250000000000000000e+01
6.250000000000000000e+01
6.250000000000000000e+01
6.250000000000000000e+01
