0.000000000000000000e+00
3.619648028724872013e+00
2.942347261525635194e+00
1.814614028953285274e+00
1.918477405536889835e+00
2.308649196199178188e+00
2.102687874197284756e+00
1.930505594877117259e+00
1.682219103182195807e+00
2.472066162365221142e+00
2.738612787525830594e+00
2.454446079170523376e+00
2.261800331758030858e+00
1.761207498238595237e+00
2.081943981172582170e+00
1.659707694032183767e+00
1.568276359810585552e+00
1.500385752867377409e+00
1.775932201742280725e+00
1.961728734975768607e+00
2.035563440062362339e+00
