0.000000000000000000e+00
1.982562875561719906e+01
1.611589967151142844e+01
9.939050368230470056e+00
1.050793351076540993e+01
1.264499242124459855e+01
1.151689580090437737e+01
1.057381461704126835e+01
9.213893494789992644e+00
1.354006400772660079e+01
1.500000000000000000e+01
1.344355483741806445e+01
1.238839062276541902e+01
9.646530752325187308e+00
1.140327681950334160e+01
9.090593428863094516e+00
8.589803386703460220e+00
8.217951218048341389e+00
9.727181274940626565e+00
1.074483079852302225e+01
1.114924013354971066e+01
