6.973968061852795941e+00
1.258916634959387437e+00
4.389736062627345170e+00
1.770897813308806690e+00
8.892949755443578796e-01
1.037543081272934709e+00
4.217427950763462108e-01
3.405734301212932635e-01
2.831347304953600319e-01
2.453743508121108974e-01
1.431907960183097794e-01
1.108027046778124886e-01
1.259637523761026334e-01
9.397315940306141813e-02
9.138392845475837301e-02
7.906375853932492981e-02
7.477324227923941302e-02
6.984044491034892277e-02
6.529314400586014311e-02
6.290846251448466153e-02
6.178032984275835110e-02
5.918929636134892536e-02
5.887392892145106027e-02
5.758803742924126917e-02
5.575552170518106171e-02
5.439852123247518323e-02
5.338372783389808141e-02
5.311482323517677934e-02
5.214012234374007515e-02
5.121163752097585009e-02
5.020890313121714049e-02
4.938952511620577079e-02
4.897748214723370713e-02
4.844986925967149916e-02
4.803110087791032795e-02
4.753963053060969446e-02
4.726002515935222997e-02
4.697011606159023911e-02
4.653037238421667970e-02
4.617040884622860414e-02
4.594553622240158536e-02
4.568190375777866213e-02
4.542232541669707913e-02
4.515005206050576314e-02
4.490982012416906699e-02
4.480351452349465302e-02
4.458864156681729973e-02
4.443209278151531022e-02
4.430462702701890021e-02
4.418131668719155192e-02
4.402275447719743162e-02
4.391133794012493097e-02
4.377721067167163888e-02
4.366990399965378633e-02
4.355966261590520777e-02
4.346753463710928411e-02
4.338944179357737130e-02
4.327203298387497649e-02
4.317837208502588869e-02
4.307192768204537447e-02
4.296696928619248707e-02
4.289069224924214191e-02
4.288203386589027610e-02
4.279760016640853093e-02
4.274115914664362165e-02
4.267801253618091345e-02
4.260997304178714556e-02
4.254163222532404004e-02
4.247914105315465233e-02
4.242521898514590994e-02
4.237502379623650506e-02
4.232384014421321922e-02
4.226955642110188927e-02
4.221793263924342871e-02
4.216977653274135013e-02
4.214045396127841236e-02
4.211897913918512953e-02
4.208268243957678095e-02
4.204804604911321214e-02
4.200842755325812083e-02
4.198091005825112243e-02
4.193098167283641070e-02
4.187877179168135455e-02
4.182788610057982387e-02
4.179457903676463137e-02
4.177652517236758040e-02
4.177746065189516522e-02
4.174738172854153273e-02
4.172846814544668714e-02
4.169984443573002131e-02
4.166924561297084828e-02
4.163567169586585709e-02
4.159547851114076683e-02
4.155536786407381528e-02
4.151672977844252099e-02
4.150538070879176283e-02
4.147700810585944198e-02
4.147017757302970398e-02
4.144390576750669325e-02
4.143052362009625594e-02
4.140909961901496905e-02
4.139032249564363053e-02
4.136647702858226722e-02
4.133828017642064701e-02
4.130832028704613246e-02
4.128460095000714009e-02
4.126598611162795444e-02
4.124440573897510121e-02
4.123531651221818556e-02
4.121880876418205358e-02
4.120527607206719151e-02
4.118357998588081242e-02
4.115977306677515851e-02
4.113826134541688495e-02
4.111926304626894318e-02
4.109595897554867844e-02
4.108886727815837248e-02
4.106659042163841172e-02
4.106656506978283161e-02
4.105661666535205534e-02
4.104438600646911905e-02
4.103515902301904661e-02
4.102019940596062647e-02
4.100267324524137919e-02
4.098953424298484860e-02
4.097970533432143680e-02
4.096376193560394285e-02
4.094527696101235570e-02
4.092597244841918169e-02
4.090509470852414509e-02
4.088947297280567938e-02
4.087649383690183241e-02
4.088011572105370445e-02
4.086225839261403009e-02
4.085658637716042818e-02
4.084335490513504169e-02
4.082944757995821128e-02
4.081275974529987444e-02
4.079542854706938448e-02
4.078392224462167037e-02
4.077261446608013151e-02
4.075906144855816898e-02
4.074750450822409165e-02
4.073678221017783263e-02
4.073158362246850905e-02
4.072679076934346970e-02
4.072248102404341097e-02
4.071440262829374018e-02
4.070599032700566305e-02
4.069529348954539077e-02
4.068534919273271433e-02
4.067411586766373627e-02
4.066313513297063059e-02
4.064991920698402678e-02
4.063621202411161343e-02
4.062775553391362315e-02
4.061732918570740841e-02
4.060778736393224481e-02
4.060926553455553034e-02
4.060933799591859988e-02
4.059713780156493090e-02
4.059159719401137650e-02
4.058312237730452021e-02
4.057537790757419216e-02
4.056656565986872798e-02
4.055912329640413289e-02
4.055266468477020797e-02
4.054353342212895644e-02
4.053328407177727438e-02
4.052100149472824542e-02
4.050726592329349784e-02
4.050867310818245109e-02
4.050573604439203917e-02
4.049957746451331858e-02
4.049160995303587030e-02
4.048668871702256616e-02
4.048192868794813631e-02
4.047567474801039289e-02
4.046821827372680536e-02
4.046018813861627234e-02
4.045258210979996855e-02
4.044399300371383232e-02
4.043637698094815908e-02
4.042585536909084482e-02
4.041723832648178721e-02
4.040679219465059813e-02
4.040402561307335910e-02
4.040744534999431148e-02
4.039691856579710055e-02
4.039207921033816096e-02
4.038497418010824486e-02
4.037742150045207923e-02
4.036872652213085305e-02
4.036194587179281479e-02
4.035366830018714823e-02
4.034667194530159456e-02
4.034588784962078734e-02
4.033691368749520861e-02
4.033058603047832286e-02
4.032429882293592227e-02
4.031676892601804979e-02
4.031268180607288504e-02
4.030835464804768953e-02
4.030738378017888895e-02
4.030288831091335261e-02
4.029693104860368469e-02
4.029044668117627570e-02
4.028222561116425599e-02
4.027296215160940801e-02
4.026317759869288415e-02
4.025147837373826282e-02
4.024254705787189135e-02
4.023679186201203906e-02
4.022671503365646273e-02
4.021569232887060863e-02
4.020129210278486354e-02
4.018584576994339852e-02
4.018560873151193202e-02
4.019523024795484956e-02
4.018553147971463263e-02
4.018186827064611916e-02
4.017485419249502976e-02
4.016773276777316909e-02
4.015979562422695298e-02
4.015160413545097728e-02
4.014214647200626401e-02
4.013293975947729297e-02
4.013110270317515188e-02
4.012794300574620138e-02
4.012433693985831967e-02
4.011794787001086993e-02
4.011079880192112285e-02
4.010368625449706181e-02
4.009557816463615865e-02
4.008717704228659251e-02
4.007747796358548248e-02
4.007447870014416158e-02
4.007516818612276432e-02
4.006905925332711338e-02
4.006749037128062157e-02
4.006555577519147621e-02
4.006027145696264974e-02
4.005501531999643150e-02
4.004953051214388965e-02
4.004464750537160139e-02
4.003891922622068722e-02
4.003542167698013327e-02
4.003593516701155208e-02
4.003174590200679617e-02
4.002660397062140357e-02
4.002103955648051575e-02
4.001515652871175804e-02
4.001171488133222626e-02
4.000459147452811032e-02
3.999809605794081568e-02
3.999141690055666581e-02
3.998572617628094739e-02
3.998199006333863492e-02
3.997880498921592418e-02
3.997629988032105897e-02
3.997447425460168291e-02
3.997182435183226079e-02
3.996954104374734335e-02
3.996563426061919971e-02
3.996095899567387449e-02
3.995554855645847003e-02
3.994959029979602144e-02
3.994421551597040349e-02
3.993834068525083797e-02
3.993121842256183718e-02
3.992774186839134765e-02
3.992954101620280194e-02
3.992589930837237705e-02
3.992439377401774125e-02
3.992084772210935384e-02
3.991689131697007120e-02
3.991221990064634795e-02
3.990732453187817441e-02
3.990129301294888242e-02
3.989514356386297811e-02
3.988828465459080125e-02
3.988484194810813788e-02
3.988717280698664963e-02
3.988181909753020504e-02
3.987982357618418544e-02
3.987866158615209489e-02
3.987613226095433616e-02
3.987406745306981692e-02
3.987063711586538717e-02
3.986693729252464152e-02
3.986272403034064188e-02
3.985766938936678022e-02
3.985188848708916265e-02
3.984593558327759188e-02
3.983916667144837137e-02
3.983344686698860743e-02
3.982889408882955146e-02
3.983206863499687278e-02
3.983012351563455788e-02
3.982518795582219023e-02
3.982279663143397513e-02
3.982144872590220180e-02
3.981930125757766198e-02
3.981709212205767484e-02
3.981381170848535128e-02
3.981018304275100311e-02
3.980608288442876591e-02
3.980197080474336124e-02
3.979734671459461692e-02
3.979202605234243018e-02
3.978927936611170724e-02
3.978996659274634112e-02
3.978814334828349730e-02
3.978606210218261358e-02
3.978376315811389674e-02
3.978189059091429697e-02
3.977987749544969337e-02
3.977792060025614473e-02
3.977515830735818547e-02
3.977197768981309556e-02
3.976829904316710185e-02
3.976412917309466583e-02
3.975970952615830167e-02
3.975504507419342498e-02
3.975130107055147022e-02
3.974782044432792483e-02
3.975536245840945171e-02
3.974573091915525186e-02
3.974643880650148564e-02
3.974353841923405212e-02
3.974192668943124507e-02
3.973983882475217583e-02
3.973730622618189268e-02
3.973426430642892915e-02
3.973113426201959480e-02
3.972803228073809589e-02
3.972549474298219668e-02
3.972279357847333797e-02
3.972020685739945794e-02
3.971870829319980312e-02
3.971892246089296641e-02
3.971603241580420190e-02
3.971483164213882033e-02
3.971308610554691310e-02
3.971116906356234044e-02
3.970952282827319713e-02
3.970742135938506306e-02
3.970478777283389937e-02
3.970193088113065788e-02
3.969874568958305788e-02
3.969701265119975758e-02
3.969478279150681632e-02
3.969225137858401614e-02
3.969158658797605765e-02
3.968949340401507070e-02
3.968773906394475193e-02
3.968594537158141172e-02
3.968385451393872249e-02
3.968163263965095167e-02
3.967925354928904941e-02
3.967641708289636193e-02
3.967308628103909801e-02
3.967021957950980782e-02
3.966743761993341000e-02
3.966596195211413711e-02
3.966493586301465812e-02
3.966366178058639697e-02
3.966228914467814781e-02
3.966023961218798077e-02
3.965815558789743261e-02
3.965569169548674444e-02
3.965278892729028060e-02
3.964961954182211895e-02
3.964579944303996129e-02
3.964159529771164869e-02
3.963835488221210956e-02
3.963792574108512129e-02
3.963753482856578053e-02
3.963563112914268716e-02
3.963414871025519592e-02
3.963225868140871078e-02
3.963020216175986571e-02
3.962823919256738825e-02
3.962615287082075360e-02
3.962387136365506241e-02
3.962124830673798698e-02
3.961877097058410374e-02
3.961727374687624981e-02
3.961565249910274644e-02
3.961463145425398596e-02
3.961363334954826065e-02
3.961280130961472579e-02
3.961122653817228390e-02
3.960917006333349033e-02
3.960699011701709210e-02
3.960477707267441583e-02
3.960313243324774246e-02
3.960126263530966417e-02
3.959910189481635062e-02
3.959692248286407479e-02
3.959418460094060038e-02
3.959110909509455656e-02
3.958921017245992102e-02
3.958994148977459937e-02
3.958810239495035715e-02
3.958695790104865136e-02
3.958558535602995504e-02
3.958429816867509859e-02
3.958251501060366245e-02
