8.028125000000002842e+00
1.265416666666666856e+01
7.335416666666660035e+00
1.289479166666666288e+01
1.250000000000000000e+01
1.486145833333333144e+01
1.018645833333333428e+01
9.069791666666660035e+00
1.279062500000000568e+01
1.256354166666666572e+01
1.251874999999999716e+01
1.308854166666667140e+01
2.628229166666666572e+01
1.167187500000000000e+01
2.575624999999999432e+01
1.822916666666667140e+01
2.422916666666667140e+01
2.460937500000000000e+01
2.504166666666667140e+01
2.312604166666666572e+01
2.585416666666667140e+01
2.546770833333333428e+01
2.807708333333333428e+01
2.926666666666666572e+01
3.082187500000000568e+01
3.198958333333332860e+01
3.279895833333333144e+01
3.195624999999999716e+01
3.413020833333332860e+01
3.501562500000000000e+01
3.567812499999999432e+01
3.465208333333333712e+01
3.590520833333333428e+01
3.555312499999999432e+01
3.570729166666666288e+01
3.628541666666666998e+01
3.604375000000000284e+01
3.637604166666666572e+01
3.637812499999999716e+01
3.653229166666666572e+01
3.627812500000000284e+01
3.662291666666666856e+01
3.658749999999999858e+01
3.657916666666666572e+01
3.651145833333333002e+01
3.659687499999999716e+01
3.656250000000000000e+01
3.663645833333333002e+01
3.659895833333333570e+01
3.652395833333333286e+01
3.660833333333333428e+01
3.654583333333333428e+01
3.666250000000000142e+01
3.664374999999999716e+01
3.662916666666666998e+01
3.663750000000000284e+01
3.672500000000000142e+01
3.672500000000000142e+01
3.679479166666666856e+01
3.683124999999999716e+01
3.678541666666666998e+01
3.690416666666666856e+01
3.681666666666666998e+01
3.693854166666666572e+01
3.688333333333333286e+01
3.691354166666666714e+01
3.697708333333333286e+01
3.699583333333333002e+01
3.696875000000000000e+01
3.697291666666666998e+01
3.700729166666666714e+01
3.699687500000000284e+01
3.703020833333333428e+01
3.703854166666666714e+01
3.706562499999999716e+01
3.701770833333333144e+01
3.707916666666666572e+01
3.704479166666666856e+01
3.706354166666666572e+01
3.705833333333333002e+01
3.710625000000000284e+01
3.712500000000000000e+01
3.713125000000000142e+01
3.710937500000000000e+01
3.715729166666666572e+01
3.717291666666666572e+01
3.714479166666666998e+01
3.715416666666666856e+01
3.716145833333333570e+01
3.717083333333333428e+01
3.720729166666666998e+01
3.721145833333333286e+01
3.721875000000000000e+01
3.720312500000000000e+01
3.725833333333333286e+01
3.717708333333333570e+01
3.728541666666666998e+01
3.722916666666666430e+01
3.726250000000000284e+01
3.726666666666666572e+01
3.727604166666666430e+01
3.728125000000000000e+01
3.729687500000000000e+01
3.730104166666666998e+01
3.731458333333333144e+01
3.724895833333333428e+01
3.732812500000000000e+01
3.727187500000000142e+01
3.728229166666666572e+01
3.731770833333333570e+01
3.730104166666666998e+01
3.729895833333333144e+01
3.731354166666666572e+01
3.729999999999999716e+01
3.730937500000000284e+01
3.730104166666666998e+01
3.732395833333333002e+01
3.728333333333333144e+01
3.729479166666666856e+01
3.729583333333333428e+01
3.728437499999999716e+01
3.731979166666666714e+01
3.731145833333333428e+01
3.733541666666666714e+01
3.733229166666666998e+01
3.733854166666666430e+01
3.733437500000000142e+01
3.731041666666666856e+01
3.734062500000000284e+01
3.732916666666666572e+01
3.737083333333333002e+01
3.733958333333333002e+01
3.736666666666666714e+01
3.733437500000000142e+01
3.734166666666666856e+01
3.735208333333333286e+01
3.734583333333333144e+01
3.736249999999999716e+01
3.735208333333333286e+01
3.736041666666666572e+01
3.735625000000000284e+01
3.736458333333333570e+01
3.735520833333333002e+01
3.737291666666666856e+01
3.734687499999999716e+01
3.737500000000000000e+01
3.736666666666666714e+01
3.738437499999999858e+01
3.738020833333333570e+01
3.738125000000000142e+01
3.737604166666666572e+01
3.738437499999999858e+01
3.737708333333333144e+01
3.737916666666666998e+01
3.738854166666666856e+01
3.739166666666666572e+01
3.740625000000000000e+01
3.736874999999999858e+01
3.739479166666666998e+01
3.738437499999999858e+01
3.738750000000000284e+01
3.737916666666666998e+01
3.736770833333333286e+01
3.739166666666666572e+01
3.736874999999999858e+01
3.739687500000000142e+01
3.738125000000000142e+01
3.738541666666666430e+01
3.739895833333333286e+01
3.740208333333333002e+01
3.739999999999999858e+01
3.741458333333333286e+01
3.738750000000000284e+01
3.740937499999999716e+01
3.740937499999999716e+01
3.742395833333333144e+01
3.741250000000000142e+01
3.739895833333333286e+01
3.739583333333333570e+01
3.741250000000000142e+01
3.740937499999999716e+01
3.742812500000000142e+01
3.743645833333333428e+01
3.743229166666666430e+01
3.742604166666666998e+01
3.740416666666666856e+01
3.745000000000000284e+01
3.741250000000000142e+01
3.743645833333333428e+01
3.744270833333333570e+01
3.744270833333333570e+01
3.744375000000000142e+01
3.743645833333333428e+01
3.745833333333333570e+01
3.748229166666666856e+01
3.744270833333333570e+01
3.746354166666666430e+01
3.746145833333333286e+01
3.746770833333333428e+01
3.747708333333333286e+01
3.748333333333333428e+01
3.746979166666666572e+01
3.750000000000000000e+01
3.746145833333333286e+01
3.747604166666666714e+01
3.748854166666666998e+01
3.749374999999999858e+01
3.749166666666666714e+01
3.748645833333333144e+01
3.748645833333333144e+01
3.750104166666666572e+01
3.749895833333333428e+01
3.751770833333333144e+01
3.750937499999999858e+01
3.751041666666666430e+01
3.754999999999999716e+01
3.753020833333333428e+01
3.753854166666666714e+01
3.754166666666666430e+01
3.753020833333333428e+01
3.752708333333333002e+01
3.751874999999999716e+01
3.753333333333333144e+01
3.752499999999999858e+01
3.752916666666666856e+01
3.753437499999999716e+01
3.754062499999999858e+01
3.756354166666666572e+01
3.755520833333333286e+01
3.756562499999999716e+01
3.755729166666666430e+01
3.755520833333333286e+01
3.757395833333333002e+01
3.758333333333333570e+01
3.758541666666666714e+01
3.757291666666666430e+01
3.758020833333333144e+01
3.758437500000000142e+01
3.758645833333333286e+01
3.758333333333333570e+01
3.757604166666666856e+01
3.758437500000000142e+01
3.760625000000000284e+01
3.760208333333333286e+01
3.759687499999999716e+01
3.759791666666666998e+01
3.760416666666666430e+01
3.759791666666666998e+01
3.760416666666666430e+01
3.759791666666666998e+01
3.758541666666666714e+01
3.760625000000000284e+01
3.761458333333333570e+01
3.761458333333333570e+01
3.763645833333333002e+01
3.761979166666666430e+01
3.763541666666666430e+01
3.762604166666666572e+01
3.763541666666666430e+01
3.763020833333333570e+01
3.763125000000000142e+01
3.764062500000000000e+01
3.764687500000000142e+01
3.764270833333333144e+01
3.765416666666666856e+01
3.765104166666666430e+01
3.765729166666666572e+01
3.765937499999999716e+01
3.765312500000000284e+01
3.766354166666666714e+01
3.765729166666666572e+01
3.766145833333333570e+01
3.766041666666666998e+01
3.766250000000000142e+01
3.766770833333333002e+01
3.767708333333333570e+01
3.767916666666666714e+01
3.768020833333333286e+01
3.768958333333333144e+01
3.770208333333333428e+01
3.770833333333333570e+01
3.768645833333333428e+01
3.769479166666666714e+01
3.769791666666666430e+01
3.771249999999999858e+01
3.770624999999999716e+01
3.771145833333333286e+01
3.771666666666666856e+01
3.771770833333333428e+01
3.773437500000000000e+01
3.773749999999999716e+01
3.773437500000000000e+01
3.775208333333333144e+01
3.774687500000000284e+01
3.775208333333333144e+01
3.774270833333333286e+01
3.773333333333333428e+01
3.775520833333333570e+01
3.774895833333333428e+01
3.775104166666666572e+01
3.774687500000000284e+01
3.775208333333333144e+01
3.775208333333333144e+01
3.774895833333333428e+01
3.775729166666666714e+01
3.776458333333333428e+01
3.776250000000000284e+01
3.776354166666666856e+01
3.777083333333333570e+01
3.776666666666666572e+01
3.777604166666666430e+01
3.778437499999999716e+01
3.776874999999999716e+01
3.778750000000000142e+01
3.777395833333333286e+01
3.778958333333333286e+01
3.778437499999999716e+01
3.777187500000000142e+01
3.777708333333333002e+01
3.778645833333333570e+01
3.777916666666666856e+01
3.779375000000000284e+01
3.779375000000000284e+01
3.778645833333333570e+01
3.780833333333333002e+01
3.781458333333333144e+01
3.779999999999999716e+01
3.780416666666666714e+01
3.781458333333333144e+01
3.781145833333333428e+01
3.781458333333333144e+01
3.781875000000000142e+01
3.781458333333333144e+01
3.782083333333333286e+01
3.781562499999999716e+01
3.781562499999999716e+01
3.781875000000000142e+01
3.781770833333333570e+01
3.781979166666666714e+01
3.782291666666666430e+01
3.781770833333333570e+01
3.782708333333333428e+01
3.782812500000000000e+01
3.782395833333333002e+01
3.782291666666666430e+01
3.781979166666666714e+01
3.782916666666666572e+01
3.782604166666666856e+01
3.784791666666666998e+01
3.783854166666666430e+01
3.783333333333333570e+01
3.783229166666666998e+01
3.785208333333333286e+01
3.782916666666666572e+01
3.785312499999999858e+01
3.783229166666666998e+01
3.787500000000000000e+01
3.783749999999999858e+01
3.785625000000000284e+01
3.785937500000000000e+01
3.786041666666666572e+01
3.786979166666666430e+01
3.787604166666666572e+01
3.787395833333333428e+01
3.785729166666666856e+01
3.786145833333333144e+01
3.788541666666666430e+01
3.786562500000000142e+01
3.785833333333333428e+01
3.787604166666666572e+01
3.786979166666666430e+01
3.787916666666666998e+01
3.786249999999999716e+01
3.787604166666666572e+01
3.787604166666666572e+01
3.785833333333333428e+01
3.788958333333333428e+01
3.787083333333333002e+01
3.787916666666666998e+01
3.787916666666666998e+01
3.789062500000000000e+01
3.789791666666666714e+01
3.789270833333333144e+01
3.789999999999999858e+01
3.789166666666666572e+01
3.790104166666666430e+01
3.789583333333333570e+01
3.791666666666666430e+01
3.791250000000000142e+01
3.789791666666666714e+01
3.791041666666666998e+01
3.790625000000000000e+01
3.791145833333333570e+01
3.790208333333333002e+01
3.791666666666666430e+01
3.791354166666666714e+01
3.790729166666666572e+01
3.792604166666666998e+01
3.792083333333333428e+01
3.792916666666666714e+01
3.793645833333333428e+01
3.793854166666666572e+01
3.795937500000000142e+01
3.794791666666666430e+01
3.794791666666666430e+01
3.794479166666666714e+01
3.795416666666666572e+01
3.794895833333333002e+01
3.796145833333333286e+01
