6.778125000000002842e+00
1.265000000000000568e+01
8.040625000000005684e+00
1.245624999999999716e+01
1.250000000000000000e+01
1.464687499999999432e+01
1.196250000000000568e+01
7.087500000000005684e+00
1.293437500000000284e+01
1.249375000000000568e+01
9.943749999999994316e+00
1.243125000000000568e+01
2.392187500000000000e+01
6.662499999999994316e+00
2.415000000000000568e+01
1.738124999999999432e+01
1.998437500000000000e+01
2.083124999999999716e+01
2.071250000000000568e+01
1.854687500000000000e+01
2.050624999999999432e+01
2.423125000000000284e+01
2.250312499999999716e+01
2.450937500000000568e+01
2.610312500000000568e+01
2.862187500000000284e+01
3.165312500000000284e+01
3.229062500000000568e+01
3.429687500000000000e+01
3.490312500000000284e+01
3.535937500000000000e+01
3.354062500000000568e+01
3.577500000000000568e+01
3.478749999999999432e+01
3.557812500000000000e+01
3.583437499999999432e+01
3.554375000000000284e+01
3.589062500000000000e+01
3.617499999999999716e+01
3.627187500000000142e+01
3.599375000000000568e+01
3.668437500000000284e+01
3.654999999999999716e+01
3.645312500000000000e+01
3.676250000000000284e+01
3.653750000000000142e+01
3.679375000000000284e+01
3.669687499999999858e+01
3.675625000000000142e+01
3.674062500000000142e+01
3.678437499999999716e+01
3.683124999999999716e+01
3.694375000000000142e+01
3.689062500000000000e+01
3.682500000000000284e+01
3.686562500000000142e+01
3.696875000000000000e+01
3.705624999999999858e+01
3.707500000000000284e+01
3.710937500000000000e+01
3.677499999999999858e+01
3.710937500000000000e+01
3.713750000000000284e+01
3.712187500000000284e+01
3.713125000000000142e+01
3.715625000000000000e+01
3.718124999999999858e+01
3.717499999999999716e+01
3.719375000000000142e+01
3.717812500000000142e+01
3.717499999999999716e+01
3.721249999999999858e+01
3.721875000000000000e+01
3.725312499999999716e+01
3.726250000000000284e+01
3.724062500000000142e+01
3.723125000000000284e+01
3.724374999999999858e+01
3.727187500000000142e+01
3.728437499999999716e+01
3.729687500000000000e+01
3.728437499999999716e+01
3.728125000000000000e+01
3.733749999999999858e+01
3.733124999999999716e+01
3.734375000000000000e+01
3.734375000000000000e+01
3.733437500000000142e+01
3.732500000000000284e+01
3.734687499999999716e+01
3.736249999999999716e+01
3.735937500000000000e+01
3.739687500000000142e+01
3.735937500000000000e+01
3.737187500000000284e+01
3.739062500000000000e+01
3.739374999999999716e+01
3.744062499999999716e+01
3.739374999999999716e+01
3.738437499999999858e+01
3.743750000000000000e+01
3.742499999999999716e+01
3.741250000000000142e+01
3.739999999999999858e+01
3.739687500000000142e+01
3.739062500000000000e+01
3.739687500000000142e+01
3.737187500000000284e+01
3.742499999999999716e+01
3.738437499999999858e+01
3.743437500000000284e+01
3.741875000000000284e+01
3.743124999999999858e+01
3.741562499999999858e+01
3.742499999999999716e+01
3.741875000000000284e+01
3.737812499999999716e+01
3.744687499999999858e+01
3.737812499999999716e+01
3.739062500000000000e+01
3.740937499999999716e+01
3.741875000000000284e+01
3.741562499999999858e+01
3.744062499999999716e+01
3.741562499999999858e+01
3.739999999999999858e+01
3.739999999999999858e+01
3.742812500000000142e+01
3.742812500000000142e+01
3.742812500000000142e+01
3.742499999999999716e+01
3.746249999999999858e+01
3.743124999999999858e+01
3.742812500000000142e+01
3.742812500000000142e+01
3.745624999999999716e+01
3.744687499999999858e+01
3.743750000000000000e+01
3.745000000000000284e+01
3.747500000000000142e+01
3.746875000000000000e+01
3.747500000000000142e+01
3.746875000000000000e+01
3.744687499999999858e+01
3.751562500000000000e+01
3.745937500000000142e+01
3.752187500000000142e+01
3.749687500000000284e+01
3.749062500000000142e+01
3.747187499999999716e+01
3.747500000000000142e+01
3.746249999999999858e+01
3.751874999999999716e+01
3.747812499999999858e+01
3.748749999999999716e+01
3.751562500000000000e+01
3.751562500000000000e+01
3.750000000000000000e+01
3.752499999999999858e+01
3.747812499999999858e+01
3.751562500000000000e+01
3.752187500000000142e+01
3.751874999999999716e+01
3.749374999999999858e+01
3.750937499999999858e+01
3.747187499999999716e+01
3.749062500000000142e+01
3.750000000000000000e+01
3.750937499999999858e+01
3.752187500000000142e+01
3.747500000000000142e+01
3.750312499999999716e+01
3.749374999999999858e+01
3.753125000000000000e+01
3.751562500000000000e+01
3.753750000000000142e+01
3.752499999999999858e+01
3.751562500000000000e+01
3.749687500000000284e+01
3.750625000000000142e+01
3.750312499999999716e+01
3.749374999999999858e+01
3.751250000000000284e+01
3.752812500000000284e+01
3.751250000000000284e+01
3.753437499999999716e+01
3.752187500000000142e+01
3.750937499999999858e+01
3.755312500000000142e+01
3.752499999999999858e+01
3.752499999999999858e+01
3.750312499999999716e+01
3.751562500000000000e+01
3.754062499999999858e+01
3.751562500000000000e+01
3.754687500000000000e+01
3.750937499999999858e+01
3.756250000000000000e+01
3.753750000000000142e+01
3.754062499999999858e+01
3.754062499999999858e+01
3.754999999999999716e+01
3.756562499999999716e+01
3.755937500000000284e+01
3.755624999999999858e+01
3.753750000000000142e+01
3.754687500000000000e+01
3.756250000000000000e+01
3.754999999999999716e+01
3.755312500000000142e+01
3.755624999999999858e+01
3.755624999999999858e+01
3.757812500000000000e+01
3.758124999999999716e+01
3.758124999999999716e+01
3.759687499999999716e+01
3.759687499999999716e+01
3.756875000000000142e+01
3.759687499999999716e+01
3.759375000000000000e+01
3.759687499999999716e+01
3.758437500000000142e+01
3.758437500000000142e+01
3.759062500000000284e+01
3.759375000000000000e+01
3.758749999999999858e+01
3.760625000000000284e+01
3.756875000000000142e+01
3.758437500000000142e+01
3.758437500000000142e+01
3.760312499999999858e+01
3.759687499999999716e+01
3.760937500000000000e+01
3.755312500000000142e+01
3.760625000000000284e+01
3.759375000000000000e+01
3.760625000000000284e+01
3.758437500000000142e+01
3.758124999999999716e+01
3.760312499999999858e+01
3.760625000000000284e+01
3.757187499999999858e+01
3.756250000000000000e+01
3.757187499999999858e+01
3.761874999999999858e+01
3.755937500000000284e+01
3.758124999999999716e+01
3.756875000000000142e+01
3.756562499999999716e+01
3.756875000000000142e+01
3.757812500000000000e+01
3.757812500000000000e+01
3.759062500000000284e+01
3.755937500000000284e+01
3.758749999999999858e+01
3.756562499999999716e+01
3.759062500000000284e+01
3.758437500000000142e+01
3.757187499999999858e+01
3.758749999999999858e+01
3.756250000000000000e+01
3.758437500000000142e+01
3.757812500000000000e+01
3.757812500000000000e+01
3.757500000000000284e+01
3.758124999999999716e+01
3.757500000000000284e+01
3.757500000000000284e+01
3.755937500000000284e+01
3.757812500000000000e+01
3.758749999999999858e+01
3.752187500000000142e+01
3.757187499999999858e+01
3.754999999999999716e+01
3.757812500000000000e+01
3.758124999999999716e+01
3.757500000000000284e+01
3.759687499999999716e+01
3.758437500000000142e+01
3.759687499999999716e+01
3.759062500000000284e+01
3.759375000000000000e+01
3.757187499999999858e+01
3.760937500000000000e+01
3.756250000000000000e+01
3.761562500000000142e+01
3.760937500000000000e+01
3.762500000000000000e+01
3.762187500000000284e+01
3.761874999999999858e+01
3.761249999999999716e+01
3.762187500000000284e+01
3.762812499999999716e+01
3.764374999999999716e+01
3.763750000000000284e+01
3.763750000000000284e+01
3.765937499999999716e+01
3.760312499999999858e+01
3.764062500000000000e+01
3.763750000000000284e+01
3.763125000000000142e+01
3.765625000000000000e+01
3.765625000000000000e+01
3.764374999999999716e+01
3.765937499999999716e+01
3.766562499999999858e+01
3.768124999999999858e+01
3.766562499999999858e+01
3.766562499999999858e+01
3.765625000000000000e+01
3.767187500000000000e+01
3.767499999999999716e+01
3.767187500000000000e+01
3.767187500000000000e+01
3.765312500000000284e+01
3.766562499999999858e+01
3.767499999999999716e+01
3.766250000000000142e+01
3.764999999999999858e+01
3.765625000000000000e+01
3.767187500000000000e+01
3.764999999999999858e+01
3.767187500000000000e+01
3.768750000000000000e+01
3.764374999999999716e+01
3.769062499999999716e+01
3.766250000000000142e+01
3.766875000000000284e+01
3.767812500000000142e+01
3.764374999999999716e+01
3.765312500000000284e+01
3.764687500000000142e+01
3.765625000000000000e+01
3.765312500000000284e+01
3.765937499999999716e+01
3.767812500000000142e+01
3.767187500000000000e+01
3.767812500000000142e+01
3.768124999999999858e+01
3.768124999999999858e+01
3.768437500000000284e+01
3.768750000000000000e+01
3.769062499999999716e+01
3.768750000000000000e+01
3.770937500000000142e+01
3.767812500000000142e+01
3.768750000000000000e+01
3.769687499999999858e+01
3.769687499999999858e+01
3.769062499999999716e+01
3.769375000000000142e+01
3.769687499999999858e+01
3.768437500000000284e+01
3.770000000000000284e+01
3.770000000000000284e+01
3.770624999999999716e+01
3.769375000000000142e+01
3.769062499999999716e+01
3.769062499999999716e+01
3.769062499999999716e+01
3.769375000000000142e+01
3.770624999999999716e+01
3.770000000000000284e+01
3.771875000000000000e+01
3.769687499999999858e+01
3.771875000000000000e+01
3.771249999999999858e+01
3.770937500000000142e+01
3.769375000000000142e+01
3.770000000000000284e+01
3.771875000000000000e+01
3.771562500000000284e+01
3.772812499999999858e+01
3.771875000000000000e+01
3.771249999999999858e+01
3.768437500000000284e+01
3.770312500000000000e+01
3.768437500000000284e+01
3.770624999999999716e+01
3.770000000000000284e+01
3.769687499999999858e+01
3.768750000000000000e+01
3.771562500000000284e+01
3.771562500000000284e+01
3.774374999999999858e+01
3.774374999999999858e+01
3.775625000000000142e+01
3.776250000000000284e+01
3.775625000000000142e+01
3.773125000000000284e+01
3.776250000000000284e+01
3.775312499999999716e+01
3.774687500000000284e+01
3.774062500000000142e+01
3.775312499999999716e+01
3.778125000000000000e+01
3.775625000000000142e+01
3.774062500000000142e+01
3.776562500000000000e+01
3.776874999999999716e+01
3.777187500000000142e+01
3.777499999999999858e+01
3.778125000000000000e+01
3.778437499999999716e+01
3.777812500000000284e+01
3.779062499999999858e+01
3.778750000000000142e+01
3.779999999999999716e+01
3.780937500000000284e+01
