1.191675333891125677e+00
4.387655620769460363e+00
1.777930441611497603e+00
8.568207266045442250e-01
1.034986941183013931e+00
4.232658253910704937e-01
3.458185731780782923e-01
2.776342312140585022e-01
2.533186394769902372e-01
1.474752670238270447e-01
1.136487073768824296e-01
1.308322734255801256e-01
1.018117191828747520e-01
8.850786926169885993e-02
8.470177671002408759e-02
7.432976285129246075e-02
7.236101884015390395e-02
6.553671640542878263e-02
6.619710315676485823e-02
6.299632902239001020e-02
5.995139946588722013e-02
5.916519558264825979e-02
5.955850008782704458e-02
5.586279383537575555e-02
5.515454364075002974e-02
5.300747342159527198e-02
5.361639106341622302e-02
5.241756939727152537e-02
5.107163294038952889e-02
5.029896964080143862e-02
4.923586510137008265e-02
4.945512643283290349e-02
4.872353444849268633e-02
4.850186637420275670e-02
4.760912010721005116e-02
4.805381297261399065e-02
4.773540897499523733e-02
4.729653487351357516e-02
4.672010540650778365e-02
4.655025512789358333e-02
4.623098202276446078e-02
4.602637523441401729e-02
4.557042637296634252e-02
4.544959297133221304e-02
4.544903177827309959e-02
4.516931927665088914e-02
4.514306121824183254e-02
4.477869565526618190e-02
4.485610056108139954e-02
4.464563463749293692e-02
4.467474723432218048e-02
4.435616099106588772e-02
4.442012496014779988e-02
4.409863405128249675e-02
4.408131691376132588e-02
4.403386112040436756e-02
4.382822369662815742e-02
4.374967248704100808e-02
4.367796351552998002e-02
4.353038767331637859e-02
4.358451170981744033e-02
4.344829340503844617e-02
4.345606720780756382e-02
4.339931896382911297e-02
4.346306768344257443e-02
4.333938702695411260e-02
4.323563503613901682e-02
4.323052810855637640e-02
4.318760390242699226e-02
4.315655791744948261e-02
4.317799882820488183e-02
4.297306490543600921e-02
4.295406095480651387e-02
4.299485600352676018e-02
4.288215786953757103e-02
4.300003048205811723e-02
4.285502957090356335e-02
4.287798770294815737e-02
4.280251755977371869e-02
4.283285389001836169e-02
4.272979845580116703e-02
4.268415885300367446e-02
4.263407381274837010e-02
4.259397040026582926e-02
4.278867421896585116e-02
4.261077772606567532e-02
4.265222775774323710e-02
4.255766025309989931e-02
4.255714155242393965e-02
4.253016989438221374e-02
4.248571328197070507e-02
4.244777267527156950e-02
4.238822400077345981e-02
4.234412676765943184e-02
4.229206622597980053e-02
4.232946762995998258e-02
4.233449676506961107e-02
4.231535147148499793e-02
4.228865476766940218e-02
4.231144176948285068e-02
4.223353816520248466e-02
4.223519574103198199e-02
4.221890240538810068e-02
4.215364427851108625e-02
4.217296093826691100e-02
4.212159683423082751e-02
4.213610251217660141e-02
4.213552322315448212e-02
4.210147530609405220e-02
4.212407773638208314e-02
4.211022431690818885e-02
4.206654654450841385e-02
4.206352268382741039e-02
4.202182696197422074e-02
4.199696319035128161e-02
4.194202045464039130e-02
4.196379040708313884e-02
4.191248859671897059e-02
4.190865621364917026e-02
4.194484637436161900e-02
4.193053860760623253e-02
4.194129090958917394e-02
4.192492365772795132e-02
4.187870046008771580e-02
4.187201541295967888e-02
4.186242262817736759e-02
4.184236271448223132e-02
4.184148967757094634e-02
4.181419233609388192e-02
4.179569337001021179e-02
4.179204118502911208e-02
4.175268613160627168e-02
4.179524191419756868e-02
4.170716383315879044e-02
4.173130080495467131e-02
4.171609331118181913e-02
4.168862707528430550e-02
4.168494769850183274e-02
4.165500915282742411e-02
4.163057665926712947e-02
4.164575600736554473e-02
4.158314923282639686e-02
4.160080798140623759e-02
4.163667726165260624e-02
4.154835958255061884e-02
4.158737809410610609e-02
4.157243313360044906e-02
4.155621275606003612e-02
4.157214700228700072e-02
4.156313347162889776e-02
4.154635717098734832e-02
4.154906417836226606e-02
4.152245515929910147e-02
4.150540830036020257e-02
4.151674231319023300e-02
4.146514467005923965e-02
4.152345634959556803e-02
4.145917752051792027e-02
4.144216650681629283e-02
4.146526938911750809e-02
4.143993340538484893e-02
4.146449127890356606e-02
4.145239339585703175e-02
4.145199023079317729e-02
4.141323667159410582e-02
4.144250914028498045e-02
4.139722574675811645e-02
4.139305299428649304e-02
4.135967814523441866e-02
4.134632762221442104e-02
4.130005684740182398e-02
4.134580237163777011e-02
4.129895340818402066e-02
4.130482492670062983e-02
4.135758434213775842e-02
4.129791664912737387e-02
4.132481994553142968e-02
4.129024855897231450e-02
4.128894482906422803e-02
4.129866670743478907e-02
4.127342986908701106e-02
4.128319470952677289e-02
4.125986924878335960e-02
4.123326728005789060e-02
4.124372476130214876e-02
4.115356122443696030e-02
4.124858418401469023e-02
4.117709514679705057e-02
4.118196556777996981e-02
4.118268809946179498e-02
4.116143896866622520e-02
4.114701466338941543e-02
4.118767062091766712e-02
4.113751832622111748e-02
4.111827348617581868e-02
4.108047734518277538e-02
4.110697422555215086e-02
4.106898711190613838e-02
4.107712491518256126e-02
4.106294617884346382e-02
4.109820558370407689e-02
4.103064370760709650e-02
4.109144778027429279e-02
4.104200853980191632e-02
4.104498316485730852e-02
4.103625768096224452e-02
4.102559416820038968e-02
4.101025371008434200e-02
4.100299214717468416e-02
4.098398395333729266e-02
4.100475328623919002e-02
4.094852303988870401e-02
4.097322061201495724e-02
4.095584216144781270e-02
4.093899215088568633e-02
4.092436054295492398e-02
4.092159241255472618e-02
4.088216766599560986e-02
4.097912754399078705e-02
4.089776235949236366e-02
4.093003862614878058e-02
4.089729584788343725e-02
4.089434312538364064e-02
4.088238587465525820e-02
4.087059245270904112e-02
4.088234903184534419e-02
4.086238292141162326e-02
4.087025827690559526e-02
4.085173250670885020e-02
4.088188316204701550e-02
4.086128877853488495e-02
4.087127327099011193e-02
4.085998327351111903e-02
4.084522239018333056e-02
4.084357374731630713e-02
4.079125812798926193e-02
4.083318689508440985e-02
4.078477305252563995e-02
4.081253388675519511e-02
4.080480590822752746e-02
4.080193885308045637e-02
4.080090251167211440e-02
4.078636329954355572e-02
4.081391022981072786e-02
4.079366720651587258e-02
4.079956667896354749e-02
4.078711307774681577e-02
4.079476920887698671e-02
4.079229085167851432e-02
4.078112023373001854e-02
4.077391289032923638e-02
4.076714012675852067e-02
4.076485117167553962e-02
4.072574237401770797e-02
4.077271469742069221e-02
4.070587523156204285e-02
4.075607952160120034e-02
4.069029125233655092e-02
4.072996428816105796e-02
4.072247432469894290e-02
4.072294191171085820e-02
4.071506570180496304e-02
4.071115676772561753e-02
4.071087773968055240e-02
4.070616348489972808e-02
4.069422060300489224e-02
4.067380381654908672e-02
4.067331768807382758e-02
4.066259696523182032e-02
4.066480025226928280e-02
4.064281623393464077e-02
4.068692731394349393e-02
4.064456080468444032e-02
4.065706926166737234e-02
4.064346286053424628e-02
4.063603163345348018e-02
4.063092690499496562e-02
4.062827999102466142e-02
4.062071468058529866e-02
4.060586150881337342e-02
4.061291136639282040e-02
4.059674261063065531e-02
4.062238280075741031e-02
4.057875779727320581e-02
4.063649496897110691e-02
4.059778214741325414e-02
4.061227583557288495e-02
4.059463880606737490e-02
4.058620327724767746e-02
4.058414331854993951e-02
4.057600756149769283e-02
4.056715003972365119e-02
4.055648303673129590e-02
4.055848177464333598e-02
4.056194460890100162e-02
4.057246390672623881e-02
4.053283597045714143e-02
4.056410518582746066e-02
4.053218019714642517e-02
4.056903568536129878e-02
4.052919737810334322e-02
4.054800721995045071e-02
4.053501106045491464e-02
4.053396539225403994e-02
4.052815120409511418e-02
4.052064108127936826e-02
4.052742418667991398e-02
4.051631725254770805e-02
4.051335576159253993e-02
4.051346773178361033e-02
4.047724134417589326e-02
4.052863254152921924e-02
4.047000020578011420e-02
4.050312516646528693e-02
4.048852892474480436e-02
4.049706245441304225e-02
4.049549560065750231e-02
4.048117953913492328e-02
4.047693585297015145e-02
4.047050523436527408e-02
4.046302905997675725e-02
4.046003987313818301e-02
4.044711988348557996e-02
4.044562693294581623e-02
4.045084469769324315e-02
4.040922796842096043e-02
4.043291233726704903e-02
4.042011602255141112e-02
4.042985792032862541e-02
4.042271518194302110e-02
4.042567185399426749e-02
4.041579654141206485e-02
4.041274454133705896e-02
4.040659988241174921e-02
4.040093480298583006e-02
4.040014017814502062e-02
4.039791103908958736e-02
4.041280483426096942e-02
4.038228231775499444e-02
4.041358984584212527e-02
4.039200382587276178e-02
4.040630680865051755e-02
4.039393115052359456e-02
4.038961210999068852e-02
4.039206335522782521e-02
4.038751575233449215e-02
4.038227519387577180e-02
4.038154077215666549e-02
4.037739163468257592e-02
4.038233498353352435e-02
4.037159187730095244e-02
4.036348939346516562e-02
4.035467366132352435e-02
4.036432920931101731e-02
4.035858524862463020e-02
4.035114125213459108e-02
4.035680616541797994e-02
4.034066094462007701e-02
4.034054182431680985e-02
4.032838352930843279e-02
4.031901825997106364e-02
4.031027763797955660e-02
4.032815845342534872e-02
4.030680150095715397e-02
4.032891544382627425e-02
4.030324831433962363e-02
4.031019907017995008e-02
4.030039687588667791e-02
4.030026173101249054e-02
4.029752495644163546e-02
4.029371161833252696e-02
4.029043694978453466e-02
4.028431941723674414e-02
4.027753722980721013e-02
4.026543168021198826e-02
4.025656952468746608e-02
4.026102248310870629e-02
4.026994612322191969e-02
4.026099241729258482e-02
4.026064384756029846e-02
4.025333610917933291e-02
4.025956266965196456e-02
4.024385246520033321e-02
4.025050587472980140e-02
4.024174764795485776e-02
4.024626530817461412e-02
4.023976331726574623e-02
4.024005229905286418e-02
4.023923531133371395e-02
4.022288713188356540e-02
4.024347596125655430e-02
4.023251659041250650e-02
4.023010394872565676e-02
4.022945603042940577e-02
4.021822042944073888e-02
4.022361940894420701e-02
4.021738762953590979e-02
4.021652684522598192e-02
4.020025020746344213e-02
4.020249211993844746e-02
4.019454538798000048e-02
4.020354997669720043e-02
4.019782994435931039e-02
4.019569946107532515e-02
4.020126042984445425e-02
4.019729268554136925e-02
4.019746384169444603e-02
4.019562384097174340e-02
4.019529258871423760e-02
