1.092525693671368980e-01
1.028114091300768168e-01
7.951350324756216448e-02
1.046689266262191276e-01
1.088658661628815610e-01
8.246579987126295697e-02
7.915891401359896606e-02
7.229372804418389420e-02
8.159788256469609202e-02
8.102681516554821606e-02
7.526606345835082368e-02
6.829470384704262875e-02
6.587207790105603644e-02
5.679876792753447978e-02
6.349728519210637301e-02
4.572414668001884008e-02
5.153420267521068715e-02
4.489704277470191879e-02
4.700582072414007800e-02
4.377938265100236870e-02
4.424617515675897256e-02
4.334028130551737662e-02
4.286135663411884400e-02
4.278057786219775088e-02
4.250085485502801130e-02
4.235592070603702575e-02
4.205259711947926388e-02
4.183281638324889973e-02
4.154074839709197275e-02
4.124441677195096051e-02
4.095707753722085259e-02
4.074748491409785345e-02
4.077307138850881640e-02
4.086010727508419121e-02
4.066121112514015090e-02
4.046993735004125736e-02
4.043452793487393310e-02
4.048272904057825111e-02
4.031020944227648589e-02
4.027281691450756290e-02
4.017262901493240390e-02
4.011679685470435908e-02
4.006805666535966093e-02
4.006083034201042559e-02
3.999789836943784538e-02
3.988040363418877965e-02
3.985808115416449027e-02
3.979579817515506435e-02
3.979396825890001155e-02
3.970452327454336572e-02
3.975698384190017726e-02
3.970403938047495362e-02
3.965701263152701661e-02
3.962479966059610781e-02
3.959213692986581629e-02
3.957941043762547989e-02
3.956121487807792714e-02
3.955954338203703652e-02
3.954655857018293114e-02
3.956121180787141450e-02
3.951669928273379012e-02
3.951671959440020837e-02
3.949708814767247805e-02
3.948385298931762766e-02
3.947294728925235252e-02
3.946638391203834834e-02
3.945930584446040446e-02
3.946062817577433018e-02
3.946277341847845982e-02
3.946624111950902680e-02
3.944613848259884842e-02
3.943773634613982615e-02
3.943181928414499215e-02
3.942647527381647199e-02
3.941657770604357208e-02
3.940845861118928706e-02
3.940318098337551589e-02
3.939956696869312269e-02
3.939404182000265375e-02
3.938997710152465637e-02
3.939120007205527269e-02
3.938161011158303887e-02
3.937609246668140328e-02
3.936901025791889053e-02
3.936696130379659792e-02
3.936869696095380428e-02
3.936774949725357908e-02
3.937351302630708733e-02
3.936223473379726889e-02
3.936133754352670600e-02
3.935929635151306366e-02
3.935533804822394927e-02
3.935384545667994921e-02
3.935395281657612376e-02
3.935364219476177733e-02
3.935075206955707117e-02
3.934340575797350137e-02
3.933996259928040223e-02
3.933660561688342300e-02
3.934681857363019064e-02
3.933170426210774034e-02
3.933457991578212520e-02
3.932705983745087702e-02
3.932694171740210021e-02
3.932375344851955085e-02
3.932332269072322944e-02
3.932459637329167174e-02
3.932060054628685325e-02
3.931902348022174587e-02
3.931717725253656981e-02
3.931546102878943905e-02
3.931387534138815198e-02
3.931425886076461013e-02
3.931528432311368060e-02
3.930969019598567343e-02
3.930894000772786750e-02
3.930962292273936648e-02
3.930791084613206171e-02
3.930582011387814823e-02
3.930643354911215331e-02
3.930379193550588568e-02
3.930024853341531482e-02
3.929978353015980974e-02
3.929736516847376349e-02
3.929590614643572316e-02
3.929438085087488125e-02
3.929220218874172887e-02
3.929093530484539798e-02
3.929212737370939290e-02
3.928732734299896640e-02
3.928585832107309855e-02
3.928497398475829655e-02
3.928294363555687868e-02
3.928127653701358329e-02
3.927949662474003456e-02
3.927761085031955535e-02
3.927513187951147539e-02
3.927325037697580734e-02
3.927200915599895342e-02
3.927242057945772025e-02
3.926876746361135373e-02
3.926786119864476843e-02
3.926348899992006952e-02
3.926148287863764907e-02
3.926032620372381376e-02
3.926070796334807378e-02
3.925911180869819106e-02
3.925745850602488374e-02
3.925584044617239088e-02
3.925414237705445591e-02
3.925560556239060528e-02
3.925201078024467133e-02
3.925337609150315182e-02
3.925145805883152594e-02
3.924951595234795615e-02
3.924886598190118620e-02
3.924792023316654027e-02
3.924695626521263608e-02
3.924501949550363716e-02
3.924363392916480064e-02
3.924172269183028028e-02
3.924096048493511818e-02
3.924099157974764163e-02
3.924072093835886954e-02
3.923951769050677135e-02
3.923822257521253354e-02
3.923729715517985939e-02
3.923718167588226974e-02
3.923629475178262022e-02
3.923603345788816144e-02
3.923489867191813640e-02
3.923413658649577140e-02
3.923259967370412715e-02
3.923179262785044669e-02
3.923227572785487061e-02
3.923101604029626682e-02
3.923077992723228435e-02
3.923041790759338593e-02
3.922944329441431510e-02
3.922760071781678654e-02
3.922677172617371200e-02
3.922615451557601163e-02
3.922624220309960802e-02
3.922471941540909418e-02
3.922386800228329362e-02
3.922296695204335187e-02
3.922207066434329342e-02
3.922254640170246692e-02
3.922176264224455644e-02
3.922096350773966733e-02
3.922021698420042474e-02
3.921950636832290810e-02
3.921887905508913974e-02
3.921932385764724527e-02
3.921822763610257473e-02
3.921678525918357444e-02
3.921593609879923947e-02
3.921489145558892941e-02
3.921459752626478557e-02
3.921481655481579010e-02
3.921362150908173916e-02
3.921318886656664782e-02
3.921192935669054469e-02
3.921106320483812302e-02
3.921091142829558757e-02
3.921240393800969753e-02
3.921058471167379600e-02
3.921120434085866024e-02
3.921058488484526622e-02
3.920991111745621843e-02
3.920928795304168268e-02
3.920914670950199216e-02
3.920899463467283214e-02
3.920866101340819698e-02
3.920750697033795196e-02
3.920654143584024337e-02
3.920608150630945643e-02
3.920534698804787471e-02
3.920459705138564649e-02
3.920361952168918002e-02
3.920294361355611962e-02
3.920172040584159190e-02
3.920213770200445258e-02
3.920356546690577371e-02
3.920110128458999255e-02
3.920137905862022126e-02
3.920015383984333524e-02
3.919980600468928045e-02
3.919942938345803013e-02
3.919971311365439554e-02
3.919898465821020084e-02
3.919939386921461599e-02
3.919799276666898619e-02
3.919777594386545522e-02
3.919739921591611914e-02
3.919708595541792490e-02
3.919673298554431085e-02
3.919639123598787217e-02
3.919657136021393457e-02
3.919600344261802566e-02
3.919548857411143256e-02
3.919510652780563292e-02
3.919403244823677079e-02
3.919411016226438671e-02
3.919323788650037194e-02
3.919291482661154541e-02
3.919211978794246570e-02
3.919164845427915850e-02
3.919172371769193142e-02
3.919124579596632713e-02
3.919152032612321229e-02
3.919134727680478880e-02
3.919072535861223283e-02
3.919059862589374665e-02
3.919032617378460925e-02
3.918997964742911705e-02
3.918982804278083043e-02
3.918949942319620294e-02
3.918903644268278974e-02
3.918883133250890272e-02
3.918851940994912131e-02
3.918833907303267278e-02
3.918805886574438374e-02
3.918783760049179832e-02
3.918782159551693900e-02
3.918679627535905097e-02
3.918653093061104375e-02
3.918590000252940991e-02
3.918531222855504981e-02
3.918463769253634904e-02
3.918500022338827077e-02
3.918500145489405007e-02
3.918533301794854123e-02
3.918357402566739062e-02
3.918337167459286230e-02
3.918355693565230696e-02
3.918384875993079219e-02
3.918340058312098223e-02
3.918324956046950747e-02
3.918265639302343645e-02
3.918250422619096174e-02
3.918232640378693094e-02
3.918198899025181203e-02
3.918169210117278256e-02
3.918133161337106901e-02
3.918086091577038799e-02
3.918037249131676308e-02
3.918005058332105911e-02
3.917968744778484169e-02
3.917972369846865754e-02
3.918044759948679373e-02
3.917964369795388230e-02
3.917907783779041309e-02
3.917869300162101637e-02
3.917835396038925333e-02
3.917834073859367133e-02
3.917852848376661423e-02
3.917782164836605685e-02
3.917790021333379669e-02
3.917735459287083333e-02
3.917719676894045044e-02
3.917682006915823578e-02
3.917647582377293408e-02
3.917597523430402240e-02
3.917557453038610776e-02
3.917512476694368778e-02
3.917562761034126817e-02
3.917540334232963439e-02
3.917507305796727457e-02
3.917486931366273573e-02
3.917469393113681697e-02
3.917432276284000398e-02
3.917412487305186458e-02
3.917370498502044385e-02
3.917331695873133707e-02
3.917297580657798373e-02
3.917283448082463371e-02
3.917266558789353481e-02
3.917240523776304578e-02
3.917224949118647964e-02
3.917189019698403413e-02
3.917150872876274531e-02
3.917169798727339336e-02
3.917134567489747449e-02
3.917096028656626150e-02
3.917057010960464658e-02
3.917030801756396508e-02
3.916989898680903193e-02
3.916936784790163439e-02
3.916913066112646946e-02
3.916845460613482821e-02
3.916785457798335063e-02
3.916717783186550450e-02
3.916637336686629861e-02
3.916704177417300314e-02
3.916830966160536609e-02
3.916715228240656710e-02
3.916617665832477363e-02
3.916601063574589453e-02
3.916624874062576978e-02
3.916537502621859901e-02
3.916518298389854574e-02
3.916512401030834006e-02
3.916507173732932529e-02
3.916478414227650418e-02
3.916423783329047587e-02
3.916456590849382025e-02
3.916367818904296222e-02
3.916343734245694708e-02
3.916332928092629284e-02
3.916262812853818498e-02
3.916225187574671335e-02
3.916169659147612087e-02
3.916142410377981137e-02
3.916050562654212197e-02
3.915972860888586315e-02
3.915872254002171482e-02
3.915773144926340543e-02
3.915637251715774203e-02
3.915630297525420772e-02
3.916926888633307652e-02
3.915716920895990355e-02
3.915553471431947041e-02
3.915439649710966002e-02
3.915348530142714889e-02
3.915934152683374359e-02
3.915303783742064836e-02
3.915499518951810753e-02
3.915295964020398117e-02
3.915253097616960831e-02
3.915206004987601546e-02
3.915149450027437944e-02
3.915092598060398305e-02
3.915273679731854500e-02
3.915112133560403468e-02
3.915065000214326685e-02
3.915026154871559250e-02
3.914989350809200408e-02
3.914931975788971813e-02
3.914871032842899556e-02
3.914811715930800740e-02
3.914737195885016618e-02
3.915327082562982536e-02
3.914744345508897744e-02
3.914781179792380106e-02
3.914823828524718191e-02
3.914707642584280833e-02
3.914743715411742736e-02
3.914708332038947108e-02
3.914687595004544274e-02
3.914682090530051395e-02
3.914656358419133647e-02
3.914646011189743674e-02
3.914597275133389898e-02
3.914587408712448535e-02
3.914563432333607179e-02
3.914518661103521396e-02
3.914475782587419073e-02
3.914505788049908730e-02
3.914497092532555345e-02
3.914475795882868536e-02
3.914423762880677587e-02
3.914440646068743923e-02
3.914398019384377619e-02
3.914378117502520515e-02
3.914361125513390188e-02
3.914365093728779110e-02
3.914334234755029868e-02
3.914343692169932470e-02
3.914309229023821973e-02
3.914312694154059580e-02
3.914289212235918386e-02
3.914252103439728320e-02
3.914230735921415960e-02
3.914205067507401520e-02
3.914199280010383780e-02
3.914187585801646996e-02
3.914170933538192731e-02
3.914153409727846866e-02
3.914110358616730567e-02
3.914096477644517236e-02
3.914099289092103778e-02
3.914070320438715195e-02
3.914052565444685328e-02
3.914028971064738988e-02
3.914015284644958848e-02
3.913981202815185190e-02
3.913972938247665262e-02
3.913937060986074495e-02
3.913928531232947067e-02
3.913910323907726641e-02
3.913900468236430896e-02
3.913857730333281798e-02
3.913887139545387667e-02
3.913867775309994718e-02
3.913832600585556709e-02
3.913812928076872144e-02
3.913788860005354420e-02
3.913776609594128014e-02
3.913779032959852772e-02
3.913768068459022587e-02
3.913746969788823443e-02
3.913725445282167231e-02
3.913717212963759712e-02
3.913678477793214316e-02
3.913669351359035792e-02
3.913701488503893572e-02
3.913608183854354328e-02
3.913641401569746547e-02
3.913619175606605077e-02
3.913601017877825494e-02
3.913583918526476052e-02
3.913573707374332078e-02
3.913557612832561233e-02
3.913546418893513318e-02
3.913517685928168816e-02
3.913515160764292206e-02
3.913495695653309431e-02
3.913462049667115056e-02
3.913437401354329798e-02
3.913397091709924086e-02
3.913376362290792859e-02
3.913330994810581415e-02
3.913316868250962116e-02
3.913323633014952063e-02
3.913292853770616170e-02
3.913355738411933987e-02
3.913285999373710550e-02
3.913294557839601395e-02
3.913255753998519382e-02
3.913234757446587553e-02
3.913214444127059710e-02
3.913192356965127655e-02
3.913181593459716390e-02
3.913157693290380407e-02
3.913149800410380130e-02
3.913129962833396952e-02
3.913118292302383144e-02
3.913082108087034133e-02
3.913084237864029868e-02
3.913091199103106016e-02
3.913058353576371468e-02
3.913043286586659342e-02
3.913022780529640254e-02
3.913000248873585440e-02
3.912993670308676647e-02
3.912969001106024469e-02
3.912973328796748307e-02
3.912977025850853524e-02
3.912963494888883204e-02
3.912952900095521130e-02
3.912939402696070240e-02
3.912930403640831750e-02
3.913016344162330989e-02
3.912923429819237242e-02
3.912923622904346949e-02
3.912890445131329137e-02
3.912882554106430349e-02
3.912857222959565534e-02
3.912842309619317394e-02
3.912826042914276797e-02
3.912804538162408668e-02
3.912781865063607450e-02
3.912771034734843778e-02
3.912768888754111080e-02
3.912760304923723620e-02
3.912773346286590320e-02
3.912751591654656941e-02
3.912751235713611553e-02
3.912742604246261663e-02
3.912725075158542121e-02
3.912705012822172840e-02
3.912698406825904085e-02
3.912684856848967080e-02
