1.301562500000000000e+01
1.669062499999999716e+01
1.250000000000000000e+01
1.250000000000000000e+01
1.875000000000000000e+01
2.674375000000000568e+01
2.337500000000000000e+01
1.550624999999999432e+01
2.565312500000000284e+01
2.435937500000000000e+01
2.732500000000000284e+01
2.878125000000000000e+01
3.125000000000000000e+01
2.955625000000000568e+01
3.679999999999999716e+01
3.662187500000000284e+01
3.459375000000000000e+01
3.684062500000000284e+01
3.718437500000000284e+01
3.503437499999999716e+01
3.720937500000000142e+01
3.681250000000000000e+01
3.733749999999999858e+01
3.693437500000000284e+01
3.708749999999999858e+01
3.719687499999999858e+01
3.734687499999999716e+01
3.729687500000000000e+01
3.730624999999999858e+01
3.731875000000000142e+01
3.735000000000000142e+01
3.739374999999999716e+01
3.739374999999999716e+01
3.740625000000000000e+01
3.742499999999999716e+01
3.738437499999999858e+01
3.738750000000000284e+01
3.739062500000000000e+01
3.738437499999999858e+01
3.738125000000000142e+01
3.738750000000000284e+01
3.739062500000000000e+01
3.738750000000000284e+01
3.740312500000000284e+01
3.742812500000000142e+01
3.739374999999999716e+01
3.740937499999999716e+01
3.741562499999999858e+01
3.741250000000000142e+01
3.742187500000000000e+01
3.741562499999999858e+01
3.741875000000000284e+01
3.742812500000000142e+01
3.741875000000000284e+01
3.743124999999999858e+01
3.742499999999999716e+01
3.743437500000000284e+01
3.741875000000000284e+01
3.742499999999999716e+01
3.741875000000000284e+01
3.741875000000000284e+01
3.742187500000000000e+01
3.742187500000000000e+01
3.742187500000000000e+01
3.742187500000000000e+01
3.742499999999999716e+01
3.743124999999999858e+01
3.742812500000000142e+01
3.743124999999999858e+01
3.742812500000000142e+01
3.743124999999999858e+01
3.742812500000000142e+01
3.743124999999999858e+01
3.743124999999999858e+01
3.743124999999999858e+01
3.743124999999999858e+01
3.743124999999999858e+01
3.743124999999999858e+01
3.744375000000000142e+01
3.743750000000000000e+01
3.744062499999999716e+01
3.744375000000000142e+01
3.744375000000000142e+01
3.744375000000000142e+01
3.744375000000000142e+01
3.744375000000000142e+01
3.744375000000000142e+01
3.744375000000000142e+01
3.744375000000000142e+01
3.744375000000000142e+01
3.744375000000000142e+01
3.744375000000000142e+01
3.744375000000000142e+01
3.744375000000000142e+01
3.744375000000000142e+01
3.744375000000000142e+01
3.744375000000000142e+01
3.744375000000000142e+01
3.744375000000000142e+01
3.744375000000000142e+01
3.744375000000000142e+01
3.744375000000000142e+01
3.744375000000000142e+01
3.744375000000000142e+01
3.744375000000000142e+01
3.744375000000000142e+01
3.744375000000000142e+01
3.744062499999999716e+01
3.743750000000000000e+01
3.743437500000000284e+01
3.743124999999999858e+01
3.743124999999999858e+01
3.743124999999999858e+01
3.743124999999999858e+01
3.743437500000000284e+01
3.744062499999999716e+01
3.743124999999999858e+01
3.743124999999999858e+01
3.743124999999999858e+01
3.743124999999999858e+01
3.744062499999999716e+01
3.743124999999999858e+01
3.743124999999999858e+01
3.743124999999999858e+01
3.743437500000000284e+01
3.743750000000000000e+01
3.743750000000000000e+01
3.743124999999999858e+01
3.743124999999999858e+01
3.743124999999999858e+01
3.743124999999999858e+01
3.743124999999999858e+01
3.743124999999999858e+01
3.743124999999999858e+01
3.743124999999999858e+01
3.743437500000000284e+01
3.743437500000000284e+01
3.743124999999999858e+01
3.743437500000000284e+01
3.743124999999999858e+01
3.743437500000000284e+01
3.742812500000000142e+01
3.742812500000000142e+01
3.742812500000000142e+01
3.743437500000000284e+01
3.743124999999999858e+01
3.742812500000000142e+01
3.742812500000000142e+01
3.742499999999999716e+01
3.743750000000000000e+01
3.742499999999999716e+01
3.743437500000000284e+01
3.742812500000000142e+01
3.742812500000000142e+01
3.742812500000000142e+01
3.742812500000000142e+01
3.743124999999999858e+01
3.742812500000000142e+01
3.742812500000000142e+01
3.742812500000000142e+01
3.743124999999999858e+01
3.743437500000000284e+01
3.744687499999999858e+01
3.743750000000000000e+01
3.743750000000000000e+01
3.744062499999999716e+01
3.743750000000000000e+01
3.744062499999999716e+01
3.744062499999999716e+01
3.744062499999999716e+01
3.743750000000000000e+01
3.743750000000000000e+01
3.743750000000000000e+01
3.744062499999999716e+01
3.744062499999999716e+01
3.744062499999999716e+01
3.743750000000000000e+01
3.743750000000000000e+01
3.744687499999999858e+01
3.743750000000000000e+01
3.744687499999999858e+01
3.743750000000000000e+01
3.744687499999999858e+01
3.744687499999999858e+01
3.744687499999999858e+01
3.744687499999999858e+01
3.743750000000000000e+01
3.744062499999999716e+01
3.744375000000000142e+01
3.744687499999999858e+01
3.744687499999999858e+01
3.744687499999999858e+01
3.743750000000000000e+01
3.744687499999999858e+01
3.744687499999999858e+01
3.744687499999999858e+01
3.744687499999999858e+01
3.744687499999999858e+01
3.744375000000000142e+01
3.744687499999999858e+01
3.744687499999999858e+01
3.744687499999999858e+01
3.745000000000000284e+01
3.745000000000000284e+01
3.744062499999999716e+01
3.745000000000000284e+01
3.745000000000000284e+01
3.744375000000000142e+01
3.745000000000000284e+01
3.745000000000000284e+01
3.745000000000000284e+01
3.745000000000000284e+01
3.744062499999999716e+01
3.745000000000000284e+01
3.745000000000000284e+01
3.745000000000000284e+01
3.745000000000000284e+01
3.745000000000000284e+01
3.745000000000000284e+01
3.745000000000000284e+01
3.745000000000000284e+01
3.745000000000000284e+01
3.744062499999999716e+01
3.745000000000000284e+01
3.745000000000000284e+01
3.745000000000000284e+01
3.745000000000000284e+01
3.745000000000000284e+01
3.744687499999999858e+01
3.745000000000000284e+01
3.745000000000000284e+01
3.745000000000000284e+01
3.745000000000000284e+01
3.745000000000000284e+01
3.745000000000000284e+01
3.745000000000000284e+01
3.745000000000000284e+01
3.745000000000000284e+01
3.745000000000000284e+01
3.745000000000000284e+01
3.745000000000000284e+01
3.745000000000000284e+01
3.745000000000000284e+01
3.745000000000000284e+01
3.745000000000000284e+01
3.745000000000000284e+01
3.745000000000000284e+01
3.745000000000000284e+01
3.745000000000000284e+01
3.745000000000000284e+01
3.745000000000000284e+01
3.745000000000000284e+01
3.745000000000000284e+01
3.745000000000000284e+01
3.745000000000000284e+01
3.745000000000000284e+01
3.745000000000000284e+01
3.745000000000000284e+01
3.745000000000000284e+01
3.745000000000000284e+01
3.745000000000000284e+01
3.745000000000000284e+01
3.745000000000000284e+01
3.745000000000000284e+01
3.745000000000000284e+01
3.745000000000000284e+01
3.745000000000000284e+01
3.745000000000000284e+01
3.745000000000000284e+01
3.744687499999999858e+01
3.745000000000000284e+01
3.745000000000000284e+01
3.744375000000000142e+01
3.745000000000000284e+01
3.745000000000000284e+01
3.745000000000000284e+01
3.745000000000000284e+01
3.745000000000000284e+01
3.744687499999999858e+01
3.745000000000000284e+01
3.745000000000000284e+01
3.744687499999999858e+01
3.745000000000000284e+01
3.745000000000000284e+01
3.745000000000000284e+01
3.745000000000000284e+01
3.745000000000000284e+01
3.745000000000000284e+01
3.745000000000000284e+01
3.745000000000000284e+01
3.745000000000000284e+01
3.745000000000000284e+01
3.745000000000000284e+01
3.745000000000000284e+01
3.745000000000000284e+01
3.745000000000000284e+01
3.745000000000000284e+01
3.745000000000000284e+01
3.745000000000000284e+01
3.745000000000000284e+01
3.745000000000000284e+01
3.745000000000000284e+01
3.745000000000000284e+01
3.745000000000000284e+01
3.745000000000000284e+01
3.745000000000000284e+01
3.745000000000000284e+01
3.745000000000000284e+01
3.745000000000000284e+01
3.745000000000000284e+01
3.745000000000000284e+01
3.745000000000000284e+01
3.745000000000000284e+01
3.745000000000000284e+01
3.745000000000000284e+01
3.745000000000000284e+01
3.745000000000000284e+01
3.745000000000000284e+01
3.745000000000000284e+01
3.744687499999999858e+01
3.745000000000000284e+01
3.745000000000000284e+01
3.745000000000000284e+01
3.745000000000000284e+01
3.745000000000000284e+01
3.745000000000000284e+01
3.745000000000000284e+01
3.745000000000000284e+01
3.745000000000000284e+01
3.745000000000000284e+01
3.745000000000000284e+01
3.745000000000000284e+01
3.745312500000000000e+01
3.745312500000000000e+01
3.745000000000000284e+01
3.745312500000000000e+01
3.745312500000000000e+01
3.745624999999999716e+01
3.745312500000000000e+01
3.745312500000000000e+01
3.745624999999999716e+01
3.745624999999999716e+01
3.745312500000000000e+01
3.745624999999999716e+01
3.745624999999999716e+01
3.745624999999999716e+01
3.745624999999999716e+01
3.745624999999999716e+01
3.745624999999999716e+01
3.745624999999999716e+01
3.745624999999999716e+01
3.745624999999999716e+01
3.745624999999999716e+01
3.745624999999999716e+01
3.745624999999999716e+01
3.745937500000000142e+01
3.746249999999999858e+01
3.746562500000000284e+01
3.746562500000000284e+01
3.747500000000000142e+01
3.746875000000000000e+01
3.746562500000000284e+01
3.746562500000000284e+01
3.747500000000000142e+01
3.747500000000000142e+01
3.747500000000000142e+01
3.747812499999999858e+01
3.747187499999999716e+01
3.747500000000000142e+01
3.747812499999999858e+01
3.748125000000000284e+01
3.748125000000000284e+01
3.748125000000000284e+01
3.748749999999999716e+01
3.748749999999999716e+01
3.748749999999999716e+01
3.748749999999999716e+01
3.749374999999999858e+01
3.749374999999999858e+01
3.749687500000000284e+01
3.749687500000000284e+01
3.748437500000000000e+01
3.749687500000000284e+01
3.749687500000000284e+01
3.749374999999999858e+01
3.749687500000000284e+01
3.749374999999999858e+01
3.749687500000000284e+01
3.749687500000000284e+01
3.749374999999999858e+01
3.749687500000000284e+01
3.749687500000000284e+01
3.749687500000000284e+01
3.749687500000000284e+01
3.749687500000000284e+01
3.749687500000000284e+01
3.749687500000000284e+01
3.749687500000000284e+01
3.749687500000000284e+01
3.749687500000000284e+01
3.749687500000000284e+01
3.749687500000000284e+01
3.749687500000000284e+01
3.749687500000000284e+01
3.749687500000000284e+01
3.749687500000000284e+01
3.749687500000000284e+01
3.749687500000000284e+01
3.749687500000000284e+01
3.749687500000000284e+01
3.749687500000000284e+01
3.749687500000000284e+01
3.749687500000000284e+01
3.749687500000000284e+01
3.749687500000000284e+01
3.749687500000000284e+01
3.749687500000000284e+01
3.749687500000000284e+01
3.749687500000000284e+01
3.749687500000000284e+01
3.749687500000000284e+01
3.749687500000000284e+01
3.749687500000000284e+01
3.749687500000000284e+01
3.749687500000000284e+01
3.749687500000000284e+01
3.749687500000000284e+01
3.749687500000000284e+01
3.749687500000000284e+01
3.749687500000000284e+01
3.749687500000000284e+01
3.749687500000000284e+01
3.749687500000000284e+01
3.749687500000000284e+01
3.749687500000000284e+01
3.749687500000000284e+01
3.749687500000000284e+01
3.749687500000000284e+01
3.749687500000000284e+01
3.749687500000000284e+01
3.749687500000000284e+01
3.749687500000000284e+01
3.749687500000000284e+01
3.749687500000000284e+01
3.749687500000000284e+01
3.749687500000000284e+01
3.749687500000000284e+01
3.749687500000000284e+01
3.749687500000000284e+01
3.749687500000000284e+01
3.749687500000000284e+01
3.749687500000000284e+01
3.749687500000000284e+01
3.749687500000000284e+01
3.749687500000000284e+01
3.749687500000000284e+01
3.749687500000000284e+01
3.749687500000000284e+01
3.749687500000000284e+01
3.749687500000000284e+01
3.749687500000000284e+01
3.749687500000000284e+01
3.749687500000000284e+01
3.749687500000000284e+01
3.749687500000000284e+01
3.749687500000000284e+01
3.749687500000000284e+01
3.749687500000000284e+01
3.749687500000000284e+01
3.749687500000000284e+01
3.749687500000000284e+01
3.749687500000000284e+01
3.749687500000000284e+01
3.749687500000000284e+01
3.749687500000000284e+01
3.749687500000000284e+01
3.749687500000000284e+01
3.749687500000000284e+01
3.749687500000000284e+01
3.749687500000000284e+01
3.749687500000000284e+01
3.749687500000000284e+01
3.749687500000000284e+01
3.749687500000000284e+01
3.749687500000000284e+01
3.749687500000000284e+01
3.749687500000000284e+01
3.749687500000000284e+01
3.749687500000000284e+01
3.749687500000000284e+01
3.749687500000000284e+01
3.749687500000000284e+01
3.749687500000000284e+01
3.749687500000000284e+01
3.749687500000000284e+01
3.749687500000000284e+01
3.749687500000000284e+01
3.749687500000000284e+01
3.749687500000000284e+01
3.749687500000000284e+01
3.749687500000000284e+01
3.749687500000000284e+01
3.749687500000000284e+01
3.749687500000000284e+01
3.749687500000000284e+01
3.749687500000000284e+01
3.749687500000000284e+01
3.749687500000000284e+01
3.749687500000000284e+01
3.749687500000000284e+01
3.749687500000000284e+01
3.749687500000000284e+01
3.749687500000000284e+01
3.749687500000000284e+01
