9.846107795425457221e-02
8.090365517558016639e-02
8.387664235934637336e-02
5.884131698698535223e-02
5.743011353361740512e-02
6.264145995743837514e-02
5.274721829269155005e-02
5.669999713884764370e-02
5.041323843103692054e-02
5.291428514428133528e-02
5.152978378525639030e-02
5.278965215461073335e-02
4.902075705922368659e-02
4.842279616459135155e-02
4.778381489295026319e-02
4.816467763450949652e-02
4.777641825803755071e-02
4.757477369121366345e-02
4.747507367263938127e-02
4.761469208419082111e-02
4.743929615263990651e-02
4.723384731594680586e-02
4.723067096556143180e-02
4.714519584168598565e-02
4.713163118578424238e-02
4.707829883157546580e-02
4.708163893055818811e-02
4.706718352640441860e-02
4.705076406586451016e-02
4.702071264463304062e-02
4.700305736050498090e-02
4.700076959791281428e-02
4.703243943472521643e-02
4.699498230239283064e-02
4.698232108873038465e-02
4.697690571494838457e-02
4.698029272128713407e-02
4.696688933399682797e-02
4.696629928823182337e-02
4.695818102847144904e-02
4.695271976721117346e-02
4.694855918153795216e-02
4.695051217574770785e-02
4.694377445103788127e-02
4.694254971759138223e-02
4.693730008172302542e-02
4.693509404316652950e-02
4.693830123482910233e-02
4.693226899249894335e-02
4.693306852040843996e-02
4.693219859379803988e-02
4.692941164059806491e-02
4.692833094744772865e-02
4.692729816037546908e-02
4.692611385641931587e-02
4.692496908779995868e-02
4.692377186530995170e-02
4.692510939106819823e-02
4.692379669005197068e-02
4.692331743385571435e-02
4.692155176818798429e-02
4.692126836338639251e-02
4.692037907426758331e-02
4.691939645866659292e-02
4.691892240383328111e-02
4.691815030250637980e-02
4.692055555087873420e-02
4.692086178193281137e-02
4.691882428311884567e-02
4.691804920277554969e-02
4.691792808540951043e-02
4.691687096946983021e-02
4.691625813008000467e-02
4.691572880318964356e-02
4.691526172549461554e-02
4.691522200409962984e-02
4.691499282665039655e-02
4.691537987005101051e-02
4.691457542491842686e-02
4.691391705123782591e-02
4.691366487715368377e-02
4.691358472998008455e-02
4.691457820182928784e-02
4.691299216789888288e-02
4.691263630825815573e-02
4.691148517895697700e-02
4.691098994098703845e-02
4.691055295022186072e-02
4.691000434545205405e-02
4.691032055941795481e-02
4.691016085290862503e-02
4.691184597134053641e-02
4.690961504292741335e-02
4.690940482781620624e-02
4.690876079034479035e-02
4.690845160700109900e-02
4.690805871004780081e-02
4.690776333996309055e-02
4.690721703468560960e-02
4.690773391353279115e-02
4.690704556186449381e-02
4.690739028085942619e-02
4.690735395846439004e-02
4.690628040882598160e-02
4.690590898195948905e-02
4.690551651367310532e-02
4.690524559019738221e-02
4.690492560450861687e-02
4.690484438591868005e-02
4.690460942904439018e-02
4.690542658373335339e-02
4.690633230863690967e-02
4.690509910783733499e-02
4.690458589406774903e-02
4.690424668192662988e-02
4.690402292168760479e-02
4.690391138325254033e-02
4.690401544606030010e-02
4.690406354397028132e-02
4.690355684263631392e-02
4.690342692545211578e-02
4.690338717508911459e-02
4.690327667536536155e-02
4.690312452096200013e-02
4.690304793060372929e-02
4.690313701002542246e-02
4.690338591788425354e-02
4.690350164723119941e-02
4.690250649914266823e-02
4.690277342672953542e-02
4.690235408815519869e-02
4.690218135827372431e-02
4.690196614633963812e-02
4.690189996412656021e-02
4.690193036898394202e-02
4.690191303000452311e-02
4.690200115557445482e-02
4.690255699740023682e-02
4.690259199380530930e-02
4.690173632091627215e-02
4.690174873123858362e-02
4.690148318903022973e-02
4.690149197168023282e-02
4.690149326239990285e-02
4.690157293006376460e-02
4.690186799905979309e-02
4.690145625666663348e-02
4.690140012174693479e-02
4.690116679838556707e-02
4.690106507287901405e-02
4.690112749412619214e-02
4.690115432399801637e-02
4.690197270422669096e-02
4.690153788834472426e-02
4.690127798494413136e-02
4.690090624662818924e-02
4.690073002081451836e-02
4.690066417595641080e-02
4.690055919167222809e-02
4.690068024010231318e-02
4.690138526850679696e-02
4.690055204512251497e-02
4.690023401672202552e-02
4.690015791149250435e-02
4.689982253462379735e-02
4.689968868752845965e-02
4.689956137715690920e-02
4.689954954109367552e-02
4.689964574378789608e-02
4.689926906228692599e-02
4.689952045810328457e-02
4.689963579725183601e-02
4.689930704111199000e-02
4.689914001204941590e-02
4.689930093230390562e-02
4.689888196062198811e-02
4.689888183284556672e-02
4.689867952221414560e-02
4.689850607757612561e-02
4.689834008970569096e-02
4.689823432947338999e-02
4.689813880967533266e-02
4.689805937558122473e-02
4.689806852604698484e-02
4.689808726097883379e-02
4.689781735511455718e-02
4.689799572283943896e-02
4.689810319520704845e-02
4.689784794447808547e-02
4.689765800199573176e-02
4.689751902176715614e-02
4.689721805122410575e-02
4.689713278838310295e-02
4.689712188466518134e-02
4.689699974853126646e-02
4.689675760849732616e-02
4.689654504362376214e-02
4.689644766209192378e-02
4.689773713571012553e-02
4.689653143066357249e-02
4.689631565116021694e-02
4.689613242324262160e-02
4.689588520981713415e-02
4.689577224406796946e-02
4.689612179168509837e-02
4.689646815133928504e-02
4.689571717087785696e-02
4.689544475985256422e-02
4.689541571069499870e-02
4.689519092202822786e-02
4.689505464793253253e-02
4.689493194830249984e-02
4.689498916039770704e-02
4.689497339551097765e-02
4.689497457923643559e-02
4.689470685827060170e-02
4.689516365852724328e-02
4.689447153551314779e-02
4.689443083212305879e-02
4.689437767158328302e-02
4.689431847317071522e-02
4.689426550502295843e-02
4.689422945268630072e-02
4.689416961135014356e-02
4.689407961290171373e-02
4.689402148907850787e-02
4.689454895483855662e-02
4.689484865663196000e-02
4.689439191241583094e-02
4.689449237760744821e-02
4.689407959844592994e-02
4.689421409189158119e-02
4.689404856222800094e-02
4.689383210618743025e-02
4.689380087403245689e-02
4.689378473113883783e-02
4.689376183986124907e-02
4.689363966499810604e-02
4.689381306414266981e-02
4.689359358931283889e-02
4.689365589998382294e-02
4.689347790496630614e-02
4.689349620976725197e-02
4.689317452314414186e-02
4.689301975133889494e-02
4.689291129235973604e-02
4.689280877899554972e-02
4.689268035328921641e-02
4.689259840997253570e-02
4.689264623994814779e-02
4.689269778731281618e-02
4.689275250957260915e-02
4.689282804518838527e-02
4.689237598864175183e-02
4.689232221938519074e-02
4.689224106832769884e-02
4.689218426938742551e-02
4.689207765786396198e-02
4.689240946183323433e-02
4.689238182609615363e-02
4.689213472055152321e-02
4.689223160228343096e-02
4.689216063744715279e-02
4.689210979666366685e-02
4.689200168979685418e-02
4.689192108150661009e-02
4.689185571428660521e-02
4.689181451056857047e-02
4.689165263113260346e-02
4.689189514431579831e-02
4.689174170737326480e-02
4.689183421115127731e-02
4.689147953979533323e-02
4.689156505967784910e-02
4.689157119471246138e-02
4.689163239660602833e-02
4.689170683586425109e-02
4.689147638430923165e-02
4.689141945190077737e-02
4.689141605213052733e-02
4.689141526399014798e-02
4.689141620123158521e-02
4.689146569796442954e-02
4.689148706299716557e-02
4.689200867471889772e-02
4.689147934243340782e-02
4.689227321979830970e-02
4.689135387293839885e-02
4.689137769181869059e-02
4.689117929363732090e-02
4.689119078076332825e-02
4.689107603045435113e-02
4.689107400865220876e-02
4.689103278725273438e-02
4.689108539646066193e-02
4.689106022961892634e-02
4.689111682183798313e-02
4.689117215035630559e-02
4.689112985924494270e-02
4.689113108878031899e-02
4.689095401679253816e-02
4.689090059983988534e-02
4.689083061543018044e-02
4.689083212951471874e-02
4.689079819339192490e-02
4.689077601447887156e-02
4.689085128501795791e-02
4.689091565503679393e-02
4.689096354782806841e-02
4.689070121259579504e-02
4.689072175857062624e-02
4.689059896696783081e-02
4.689052835374527689e-02
4.689053945918778693e-02
4.689045614904596704e-02
4.689041663873686622e-02
4.689040478871998874e-02
4.689038667220106482e-02
4.689036145829168084e-02
4.689034030784406532e-02
4.689042233035372459e-02
4.689055360946191992e-02
4.689119484461900383e-02
4.689120284452325677e-02
4.689089361474106654e-02
4.689023773666641665e-02
4.689031076545713966e-02
4.689007583678868329e-02
4.689028024473174822e-02
4.689009398879768337e-02
4.689007206295508351e-02
4.689000340580905951e-02
4.688995279050051784e-02
4.688996874864147235e-02
4.688984971207191960e-02
4.688991220858773623e-02
4.689006235095705133e-02
4.688987428202330554e-02
4.689028743426424534e-02
4.689010358656183625e-02
4.688983016939030773e-02
4.688974879891479042e-02
4.688954580686657131e-02
4.688952176139487421e-02
4.688946852539284393e-02
4.688948654782069264e-02
4.688943640320666212e-02
4.688939377683627729e-02
4.688927838788026908e-02
4.688925063374887320e-02
4.689004168379221765e-02
4.688955203516304709e-02
4.688990055396297790e-02
4.688930136894231548e-02
4.688921459772888573e-02
4.688909222194458104e-02
4.688905646308340336e-02
4.688902197003798344e-02
4.688896844264945490e-02
4.688905124468715352e-02
4.688933866541344225e-02
4.688954939913157760e-02
4.688912892557241946e-02
4.688940225379337884e-02
4.688898907124158799e-02
4.688900023479215112e-02
4.688891335742392807e-02
4.688893672834344023e-02
4.688893032071192457e-02
4.688894100503845919e-02
4.688885812398217723e-02
4.688885735803875049e-02
4.688882238038213912e-02
4.688892073525947196e-02
4.688890213646396826e-02
4.688896330934403528e-02
4.688873760781083616e-02
4.688872696035280979e-02
4.688869510306213628e-02
4.688871906484116253e-02
4.688906495476830028e-02
4.688880077556079745e-02
4.688877785909492668e-02
4.688854699014668309e-02
4.688848929926081599e-02
4.688844900068856597e-02
4.688839454806508628e-02
4.688835080741551864e-02
4.688828331662932281e-02
4.688819019725368187e-02
4.688815112101296645e-02
4.688809760174635771e-02
4.688830372509392858e-02
4.688898741321383123e-02
4.688842398380844295e-02
4.688820733635765819e-02
4.688801016268231980e-02
4.688787889371595630e-02
4.688778905099044714e-02
4.688773637562797941e-02
4.688769921110676892e-02
4.688760353771201372e-02
4.688756634121233474e-02
4.688753225953953135e-02
4.688762131474646239e-02
4.688775342731151680e-02
4.688816636571947749e-02
4.688764491772536708e-02
4.688769074908135520e-02
4.688749181894354134e-02
4.688741363321083377e-02
4.688739727664844453e-02
4.688729522446336007e-02
4.688728381082845481e-02
4.688723185393344622e-02
4.688720189852472325e-02
4.688715481609558033e-02
4.688738712394131813e-02
4.688759910826795912e-02
4.688749911644258389e-02
4.688717137578189004e-02
4.688709064769951140e-02
4.688698840061238104e-02
4.688697726986060937e-02
4.688695815353036839e-02
4.688694886923824856e-02
4.688688076434389951e-02
4.688695432491243181e-02
4.688697476098836747e-02
4.688689316515803202e-02
4.688688779786089056e-02
4.688673135884828536e-02
4.688668525742216431e-02
4.688665589467743561e-02
4.688661132110767682e-02
4.688658652757553280e-02
4.688655896213700380e-02
4.688644645227883073e-02
4.688662265923738276e-02
4.688647986697569436e-02
4.688696716489134525e-02
4.688677308754954365e-02
4.688656266392213223e-02
4.688650689191151827e-02
4.688643791154035317e-02
4.688635605389553790e-02
4.688633930773800779e-02
4.688632524552936026e-02
4.688631763138530889e-02
4.688631434423629063e-02
4.688627623599602584e-02
4.688626388302685744e-02
4.688634987138737276e-02
4.688635321366450143e-02
4.688651819977469881e-02
4.688657826395287859e-02
4.688651971266868251e-02
4.688632676927437237e-02
4.688635535366041801e-02
4.688629308246376748e-02
4.688627799492237069e-02
4.688628268780741654e-02
4.688626729861061077e-02
4.688628669364685447e-02
4.688629121785961584e-02
4.688622000881279700e-02
4.688635478499561526e-02
4.688623503479705940e-02
4.688617191194100614e-02
4.688615714606944596e-02
4.688607159854348005e-02
4.688607071046115710e-02
4.688602889627490472e-02
4.688599197240908567e-02
4.688596654688735599e-02
4.688594319913819836e-02
4.688594096136876332e-02
4.688590297434722109e-02
4.688590854454915274e-02
4.688592620676972772e-02
4.688626278385297358e-02
4.688619776303238479e-02
4.688590015576730302e-02
4.688590157875481557e-02
4.688579526820523674e-02
4.688576807550035724e-02
4.688579484562652167e-02
4.688579589021406313e-02
4.688573170372624388e-02
4.688571543544374498e-02
4.688570876809641796e-02
4.688568840924742936e-02
4.688568184209630091e-02
4.688569095662893649e-02
4.688594418142133513e-02
4.688580842771845891e-02
4.688570187210518853e-02
4.688565672214184410e-02
4.688566901541831727e-02
4.688572233837670633e-02
4.688563044989628448e-02
4.688567438651367741e-02
4.688556949210598984e-02
4.688551024580574905e-02
4.688549707753809914e-02
4.688549293737479667e-02
4.688548845474336396e-02
4.688548483246246512e-02
4.688540749833561283e-02
4.688551494878234055e-02
4.688549148950498652e-02
4.688574402760945642e-02
4.688533595155319061e-02
4.688530371329556468e-02
4.688529499424473612e-02
4.688524874021373495e-02
4.688520978326322919e-02
4.688519441108168068e-02
4.688520331205441039e-02
4.688522448790710673e-02
4.688544293096765653e-02
4.688516447644752033e-02
4.688516996186863073e-02
4.688514714528185107e-02
4.688513895700777145e-02
4.688514402777667345e-02
4.688515569405801026e-02
4.688515246772326922e-02
4.688514541640680100e-02
4.688512816560238411e-02
4.688515910075873039e-02
4.688513716542932336e-02
4.688507733737672795e-02
4.688506821519396184e-02
4.688506957496801214e-02
4.688507345446484009e-02
4.688506928235512683e-02
4.688557543279706780e-02
4.688519382835942828e-02
4.688531353046986039e-02
4.688515146579708831e-02
4.688522332664823294e-02
4.688510123202698637e-02
4.688505650657315282e-02
4.688504762049538338e-02
4.688504923791249335e-02
4.688502938387803520e-02
4.688503161480035708e-02
4.688510320031089723e-02
4.688506098627624047e-02
4.688532445282169586e-02
4.688505479428856787e-02
4.688500443788398697e-02
4.688499312829293164e-02
4.688498824679914606e-02
4.688497972637502287e-02
4.688495948143558967e-02
4.688496402101979821e-02
4.688497857857074069e-02
4.688517263009531894e-02
4.688527489106407431e-02
4.688501390960572029e-02
4.688499130592779091e-02
4.688502042126933833e-02
4.688490200671582148e-02
4.688487688953724836e-02
4.688478928165092791e-02
4.688477676369564445e-02
4.688477602352308232e-02
4.688474119174985966e-02
4.688475064399350717e-02
4.688474859215719520e-02
4.688472302307759160e-02
4.688469389762518064e-02
4.688467153519546710e-02
4.688465409128537986e-02
4.688468245106817284e-02
4.688469191897504801e-02
4.688475405705101046e-02
4.688473350251583238e-02
4.688462027850037045e-02
4.688460236520724383e-02
4.688457266014803282e-02
4.688455602844481679e-02
4.688453737223044482e-02
4.688452374714487114e-02
4.688451329961752789e-02
4.688448591362372880e-02
4.688445852176673090e-02
4.688442132584089150e-02
4.688713977942829403e-02
4.688448513645449706e-02
4.688457028307283642e-02
4.688543405301114075e-02
4.688433502569837319e-02
4.688476905611663886e-02
4.688434614794897981e-02
4.688433546294133725e-02
4.688433832938946472e-02
4.688430480203183148e-02
4.688429650670331711e-02
4.688428646591979998e-02
4.688521570711130099e-02
4.688460197597996842e-02
4.688465691830582399e-02
4.688446650895061046e-02
4.688430541766881038e-02
4.688469645008994796e-02
4.688427969477141494e-02
4.688443798302930482e-02
4.688425249120301008e-02
4.688425940693548982e-02
4.688424401318412593e-02
4.688430986387760041e-02
4.688425099396512086e-02
4.688424767459096337e-02
4.688424151766939357e-02
4.688423073730671464e-02
4.688420894880751533e-02
4.688421797459927515e-02
