7.897353557787165079e-02
8.310697500772591673e-02
5.658613525595620336e-02
5.625704547148561302e-02
6.125860339276663347e-02
5.295569216899429638e-02
5.671862865437443668e-02
5.017764639486185091e-02
5.413454823539258498e-02
5.046232707578646171e-02
5.317243993117065637e-02
4.951739764310070235e-02
4.818996328917229260e-02
4.836073400341402151e-02
4.773520210165775601e-02
4.798168658865999137e-02
4.761896036880563371e-02
4.752074393831630383e-02
4.788777280531409525e-02
4.741057402043977881e-02
4.741328641598374638e-02
4.730381989931471687e-02
4.741061741706455862e-02
4.732940305935266073e-02
4.724392269139722489e-02
4.720413971631336886e-02
4.729979572571375163e-02
4.731042518015948772e-02
4.718648128758663740e-02
4.717234966463444701e-02
4.714414319121030400e-02
4.727238679460981502e-02
4.725452089692627061e-02
4.712282622210358513e-02
4.710374241593158484e-02
4.718557904266577202e-02
4.716921477877682178e-02
4.715168740745580983e-02
4.714763222402366949e-02
4.711807666097013458e-02
4.713102972610656860e-02
4.709515353480863559e-02
4.712439692199892061e-02
4.708421662882024405e-02
4.708374148338199255e-02
4.708865064645599563e-02
4.706598850904732123e-02
4.709571538365495830e-02
4.708924157384440645e-02
4.707844246865164339e-02
4.709603857960477369e-02
4.707959567515839633e-02
4.709418055720205470e-02
4.708634903196086408e-02
4.709371368676044944e-02
4.709438871545403027e-02
4.709202616477674297e-02
4.710140592371766383e-02
4.709247843469111655e-02
4.708750036537116129e-02
4.709047745992076678e-02
4.709142797521929935e-02
4.708882930323736449e-02
4.708766514144682724e-02
4.708341872660308514e-02
4.709073659425021263e-02
4.708656585851821869e-02
4.708048309040501617e-02
4.710031706416751424e-02
4.708205125579366379e-02
4.708807328867965769e-02
4.707561631619800596e-02
4.707999629887463927e-02
4.707803726452968601e-02
4.708328055037670767e-02
4.708632058714474350e-02
4.707243764117868823e-02
4.708882955841416085e-02
4.707512891475658379e-02
4.708181996836222072e-02
4.706893464738996086e-02
4.708185314259290960e-02
4.707700686388156808e-02
4.707654641022482322e-02
4.707324204600841361e-02
4.706804967829118780e-02
4.706606799345515457e-02
4.706251124534984592e-02
4.706421637634568972e-02
4.705680091826770772e-02
4.704577853645000585e-02
4.704170970915016320e-02
4.705867978175971161e-02
4.705277011329830894e-02
4.704773784198426623e-02
4.705314580410021458e-02
4.704377588346612266e-02
4.703626294565257937e-02
4.704182617822726120e-02
4.703267872507765901e-02
4.704859565663373905e-02
4.702272174442853614e-02
4.704320591266814705e-02
4.703764295697453190e-02
4.703550264161109051e-02
4.703369509400107812e-02
4.703022211471297870e-02
4.703481440334172925e-02
4.702232235854182651e-02
4.703021445772025827e-02
4.701315879015972865e-02
4.703294616395542471e-02
4.702418049127863459e-02
4.702659834872846556e-02
4.702559527658089350e-02
4.702288138007900548e-02
4.702033883219906840e-02
4.702665724489071830e-02
4.701232826820185562e-02
4.702207692385647342e-02
4.701849846526560961e-02
4.701635103169161944e-02
4.702171917462995981e-02
4.701378745952032590e-02
4.701570655052270814e-02
4.701499916269877288e-02
4.701029792878148178e-02
4.700648720940600600e-02
4.701849198580867334e-02
4.700758948864662556e-02
4.700994490819814658e-02
4.700698053154019063e-02
4.700858814084267479e-02
4.700923216103435054e-02
4.700960352600640213e-02
4.700888017851063971e-02
4.700663459461869309e-02
4.701666283699327403e-02
4.700608338490720739e-02
4.701208892388213101e-02
4.700836952268152430e-02
4.701001300895450707e-02
4.701047199003484389e-02
4.701401500188446408e-02
4.700810744929240226e-02
4.701528167429795679e-02
4.700660771489693912e-02
4.701130510646674143e-02
4.700919513241132858e-02
4.700931074474828247e-02
4.700539285604173750e-02
4.701296425866133277e-02
4.701078705179502493e-02
4.701143991050252963e-02
4.700854218039040439e-02
4.700865103211504525e-02
4.700820096112719865e-02
4.700832360880235344e-02
4.700672053029796016e-02
4.700775068955399122e-02
4.701178764438009722e-02
4.700353241687109385e-02
4.700889390935052842e-02
4.700758977959227508e-02
4.700785442589941465e-02
4.700778876918929733e-02
4.701027048955727650e-02
4.700579661753694072e-02
4.700544868115763553e-02
4.699734526677602081e-02
4.701004862942157608e-02
4.700468289795541044e-02
4.700521610022570518e-02
4.699767685488341618e-02
4.700418377769528810e-02
4.700202849619004863e-02
4.700397593714489980e-02
4.700565073596846971e-02
4.700205497867521176e-02
4.700191954695429053e-02
4.700169287180831768e-02
4.699602717007162617e-02
4.699759368831084305e-02
4.700049146938383576e-02
4.699641696518246786e-02
4.699914207930256521e-02
4.699988197691593039e-02
4.699335885906733706e-02
4.700030373194825917e-02
4.699368999955407661e-02
4.699652381631797687e-02
4.699678120967706180e-02
4.699638229260507533e-02
4.699490642681111718e-02
4.699300455185425468e-02
4.699359235017023378e-02
4.698813262851220252e-02
4.699720361368357052e-02
4.699012140293422346e-02
4.699178535837227749e-02
4.699134979615678109e-02
4.699098370935276409e-02
4.698899872150946039e-02
4.698888073128699994e-02
4.698618224741092642e-02
4.698833405126850299e-02
4.698758034122982319e-02
4.698592484970350036e-02
4.698631540002690121e-02
4.698646726557870884e-02
4.698490983673192511e-02
4.698257213310817748e-02
4.698649595619127511e-02
4.698952122209625742e-02
4.698070239455458263e-02
4.698987017305648883e-02
4.698382702975721636e-02
4.698448810327064684e-02
4.698268822311164883e-02
4.698576490322160099e-02
4.698333470345706503e-02
4.698273264186657305e-02
4.698336709339823170e-02
4.698273229696632580e-02
4.698528686019787237e-02
4.697926542238834574e-02
4.698425704777699219e-02
4.697840471884941888e-02
4.697826896401176983e-02
4.698145619914999294e-02
4.698089485834411327e-02
4.698104976858197279e-02
4.698105925827963936e-02
4.698052882861872975e-02
4.698047608345672088e-02
4.698014585859158071e-02
4.697865834145221325e-02
4.697867216011263058e-02
4.697616870997096961e-02
4.697970481298909678e-02
4.697471145195651621e-02
4.697941488454469849e-02
4.697926131386046672e-02
4.697746577694739828e-02
4.697799230843035384e-02
4.697662327168974222e-02
4.697524138651708314e-02
4.697665183542537592e-02
4.697084864166101159e-02
4.697936018750970000e-02
4.697358158715615045e-02
4.697267700910546379e-02
4.697427895184972529e-02
4.697359637685345063e-02
4.697323764206837865e-02
4.697159780291975534e-02
4.697015748072216890e-02
4.697468154818969233e-02
4.696439626453667582e-02
4.697213062417886220e-02
4.697114252381168892e-02
4.696802927754191448e-02
4.697047866093463642e-02
4.696929721574031463e-02
4.696896947962766328e-02
4.696866930469473234e-02
4.696812555526426458e-02
4.696572171045852034e-02
4.697167068471110041e-02
4.696074160117909291e-02
4.697084377027334334e-02
4.696526108385924714e-02
4.696480300255797408e-02
4.696697697232459640e-02
4.696589572522415212e-02
4.696484886694302779e-02
4.696626195376572832e-02
4.696406472398517024e-02
4.696351658675275431e-02
4.696273923646311632e-02
4.696192354882279540e-02
4.696257923973701925e-02
4.696238786899916556e-02
4.697039794772076698e-02
4.695729304253443842e-02
4.696856401906894518e-02
4.696202142189105644e-02
4.696548458098589313e-02
4.696555781793908951e-02
4.696409000446134796e-02
4.696312769563530665e-02
4.696453269570424055e-02
4.696396274951383787e-02
4.696239031785898188e-02
4.696486436586434776e-02
4.696291652950173451e-02
4.696288300589956943e-02
4.696087348043596899e-02
4.696355105648090944e-02
4.695989571997946643e-02
4.696380190658129561e-02
4.696147768102149067e-02
4.696099945402811698e-02
4.696087275706785358e-02
4.696133307818839420e-02
4.695882582544488870e-02
4.695862217137974914e-02
4.696124274212152422e-02
4.695848884169533111e-02
4.695915796646557561e-02
4.695985013909782096e-02
4.695753774825983662e-02
4.696011510423715729e-02
4.695866235137012568e-02
4.695849105734954676e-02
4.695850076890299013e-02
4.695680079661696676e-02
4.695858945600215467e-02
4.695896915592644161e-02
4.695716809729909985e-02
4.695787918896247859e-02
4.696046833626476430e-02
4.695252608861825994e-02
4.696015302603386010e-02
4.695365576539532043e-02
4.695840569905646716e-02
4.695521281650021778e-02
4.695594094572120430e-02
4.695645755420772144e-02
4.695476614194955128e-02
4.695530623601604225e-02
4.695437691136063185e-02
4.695442958894344848e-02
4.695336053733294851e-02
4.695604577936318691e-02
4.695358370256629693e-02
4.695572592943818985e-02
4.695399595275711463e-02
4.695714923899942106e-02
4.695304355383315281e-02
4.695592113169781007e-02
4.695382865410441253e-02
4.695449770713665261e-02
4.695449891290563033e-02
4.695466445437490588e-02
4.695481617064143492e-02
4.695408245506953182e-02
4.695368965357524238e-02
4.695313909524086865e-02
4.695339566755973859e-02
4.695715190962471836e-02
4.695335385337931489e-02
4.695223224849198740e-02
4.695473364877603834e-02
4.695361143315723157e-02
4.695358685400087551e-02
4.695454286129262939e-02
4.695370545111168109e-02
4.695279359360692711e-02
4.695337637839151756e-02
4.695542796533510449e-02
4.695211415780938674e-02
4.695318844037959377e-02
4.695270075364592344e-02
4.695261922857901088e-02
4.695304147308951986e-02
4.695425595206126346e-02
4.695311488689451335e-02
4.695254152607601650e-02
4.695203947775807019e-02
4.695141128483272530e-02
4.695168187831678247e-02
4.695265535542730156e-02
4.694921740623162615e-02
4.695233311290061828e-02
4.695205331455320347e-02
4.695082844165241603e-02
4.695139637447179326e-02
4.695046463605856424e-02
4.695291648820067165e-02
4.695066098467801791e-02
4.695117227552055711e-02
4.694997725686087670e-02
4.694956412974674032e-02
4.694906590574380451e-02
4.695066444081243129e-02
4.694988865383677157e-02
4.695003714962087821e-02
4.694942200704456392e-02
4.694875950162234052e-02
4.694822916021434978e-02
4.694798031101569957e-02
4.694475592461613833e-02
4.694970008309805320e-02
4.694528486691849911e-02
4.694894872767547966e-02
4.694651006163229334e-02
4.694776947451518440e-02
4.694720278801894214e-02
4.694722751943623817e-02
4.694666644794621979e-02
4.694625361770741329e-02
4.694584145894977606e-02
4.694810142345710174e-02
4.694560390083836465e-02
4.694684987721860214e-02
4.694728005756525213e-02
4.694615057723362100e-02
4.694595974154888718e-02
4.694525202271707109e-02
4.694455703224493376e-02
4.694407734223125100e-02
4.694530975532520273e-02
4.694486299166681503e-02
4.694464476874419395e-02
4.694392957186204612e-02
4.694262349232292131e-02
4.694649248728377522e-02
4.694553341237528432e-02
4.694583761893299928e-02
4.694413324907887458e-02
4.694479596429829149e-02
4.694470380845131713e-02
4.694412629622393696e-02
4.694407957759662298e-02
4.694323121530520615e-02
4.694405059391700691e-02
4.694443391025449053e-02
4.694248013522397955e-02
4.694477643732573868e-02
4.694254126267300570e-02
4.694275248885020763e-02
4.694266702815223791e-02
4.694329210787775292e-02
4.694234647021421070e-02
4.694360509382055485e-02
4.694207638041356101e-02
4.694358062864294884e-02
4.694192955059291877e-02
4.694577380904059460e-02
4.694403353247954269e-02
4.694365538065557730e-02
4.694365522233539395e-02
4.694377246354543287e-02
4.694377632691741631e-02
4.694339407345708703e-02
4.694352010668127045e-02
4.694362546959850169e-02
4.694348008827099739e-02
4.694406087362894275e-02
4.694337589820200829e-02
4.694634922322198783e-02
4.694145255706462516e-02
4.694411319824935008e-02
4.694719738737072878e-02
4.694211992037866654e-02
4.694570497741352294e-02
4.694291859540246359e-02
4.694358663456715125e-02
4.694368321497367075e-02
4.694365869507698824e-02
4.694335569918160755e-02
4.694422523402950326e-02
4.694254926546152784e-02
4.694376970934117238e-02
4.694134070480905641e-02
4.694488871066722357e-02
4.694268267092950586e-02
4.694430065354192327e-02
4.694260030572210141e-02
4.694437883124689959e-02
4.694253870645980625e-02
4.694347837751790264e-02
4.694390811280466091e-02
4.694412995556070112e-02
4.694341599904040818e-02
4.694403580493539813e-02
4.694416851786588352e-02
4.694393568282376888e-02
4.694622442292022829e-02
4.694181082951149470e-02
4.694440376536866688e-02
4.694359540287644517e-02
4.694396576092916412e-02
4.694278335022029902e-02
4.694474970817006515e-02
4.694275811927521580e-02
4.694503252104838265e-02
4.694407057856330584e-02
4.694264747910524560e-02
4.694246041346349096e-02
4.694201507950108987e-02
4.694299158365945746e-02
4.694020957976460795e-02
4.694259273625263351e-02
4.694276311379175920e-02
4.694248498425461491e-02
4.694219398383320946e-02
4.694170282943561923e-02
4.694120915439595892e-02
4.694390295582627493e-02
4.694147305909236734e-02
4.694309647764196430e-02
4.694309552294019527e-02
4.694337719710948986e-02
4.694361646576206831e-02
4.694353308226341392e-02
4.694288717673342909e-02
4.694057627443649905e-02
4.694264926341856076e-02
4.694353570639845513e-02
4.694201159465700990e-02
4.694216253943406247e-02
4.694129285760002129e-02
4.694202654974652389e-02
4.694156619440073563e-02
4.694222264241236509e-02
4.694174089512884868e-02
4.694115709150284421e-02
4.693961485300423425e-02
4.693999454350134687e-02
4.694243247493735255e-02
4.694146637925405291e-02
4.694259731014660542e-02
4.694302476514716077e-02
4.694358545184161569e-02
4.694218549580508881e-02
4.694314507769860312e-02
4.694128232309708465e-02
4.694471600409703960e-02
4.694116460722681794e-02
4.694269777900111906e-02
4.694206598318591273e-02
4.694254872174281196e-02
4.694263640007675931e-02
4.694284735844413831e-02
4.694288236916121376e-02
4.694411962756226547e-02
4.694425877388286317e-02
4.694166970596511806e-02
4.694444340253023373e-02
4.694148504867114158e-02
4.694359130771882244e-02
4.694422794569137747e-02
4.694477687639016933e-02
4.694441250437372121e-02
4.694487850192945178e-02
4.694511593108465636e-02
4.694538188267988188e-02
4.694422374841052126e-02
4.694313696893063353e-02
4.694443091671728074e-02
4.694501900918875148e-02
4.694472849101233303e-02
4.694488756799616858e-02
4.694534144497782002e-02
4.694563960761051480e-02
4.694608200311232993e-02
4.694378484001612839e-02
4.695047253387286956e-02
4.694441223529356721e-02
4.694873462090710936e-02
4.694380293432307699e-02
4.694812001356250125e-02
4.694521187266699480e-02
4.694723223232112608e-02
4.694653434200352082e-02
4.694643195342496078e-02
4.694581087195261182e-02
4.694584335366154548e-02
4.694617173866767051e-02
4.694604749165846164e-02
4.694621054535302873e-02
4.694625180718840773e-02
4.694642583598223479e-02
4.694588155777829064e-02
4.694631785452626355e-02
4.695043023303914487e-02
4.694511310484894562e-02
4.694788656099884577e-02
4.694553170821613025e-02
4.694558803270500874e-02
4.694610373877388526e-02
4.694608815724784362e-02
4.694597601583813673e-02
4.694587186899719378e-02
4.694570520046281725e-02
4.694532579856562637e-02
4.694572361485953998e-02
4.695132730085670170e-02
4.694286267167852716e-02
4.694916155553888887e-02
4.694535484133870867e-02
4.694655923334985215e-02
4.694607661651202524e-02
4.694472883469130026e-02
4.694629378553823867e-02
4.694582113971808301e-02
4.694606238894500488e-02
4.694626643167547353e-02
4.694683698414978817e-02
4.694630708852486067e-02
4.694574104353512606e-02
4.694898191130363746e-02
4.694234155467325725e-02
4.694601104528294683e-02
4.694779889254079713e-02
4.694890548659853835e-02
4.694635083979243478e-02
4.694871288849958302e-02
4.694760100195707886e-02
4.694779182506532422e-02
4.694807679008463491e-02
4.694662365787111158e-02
4.694768871002581723e-02
4.694837804771098688e-02
4.694763189336158271e-02
4.694677340125941178e-02
4.694665696075231431e-02
4.694654557104240011e-02
