1.162187500000000284e+01
1.587812499999999716e+01
1.250000000000000000e+01
1.250000000000000000e+01
1.852916666666666856e+01
2.679583333333333428e+01
2.318750000000000000e+01
1.542083333333333428e+01
2.693333333333333712e+01
2.278645833333332860e+01
3.038750000000000284e+01
2.794479166666666003e+01
3.102604166666667140e+01
2.930520833333333997e+01
3.645104166666666856e+01
3.627187500000000142e+01
3.491770833333333712e+01
3.673749999999999716e+01
3.707812500000000000e+01
3.524791666666666856e+01
3.714791666666666714e+01
3.694687499999999858e+01
3.721145833333333286e+01
3.693333333333333002e+01
3.711770833333333286e+01
3.714895833333333286e+01
3.721875000000000000e+01
3.719062499999999716e+01
3.718958333333333144e+01
3.720000000000000284e+01
3.723437500000000000e+01
3.728229166666666572e+01
3.722083333333333144e+01
3.727187500000000142e+01
3.726250000000000284e+01
3.725625000000000142e+01
3.726874999999999716e+01
3.727499999999999858e+01
3.728437499999999716e+01
3.728958333333333286e+01
3.730520833333333286e+01
3.731562499999999716e+01
3.732604166666666856e+01
3.736770833333333286e+01
3.740729166666666572e+01
3.736874999999999858e+01
3.738541666666666430e+01
3.739062500000000000e+01
3.738750000000000284e+01
3.739374999999999716e+01
3.740312500000000284e+01
3.741562499999999858e+01
3.741875000000000284e+01
3.739999999999999858e+01
3.742083333333333428e+01
3.740729166666666572e+01
3.742708333333333570e+01
3.739999999999999858e+01
3.742083333333333428e+01
3.740416666666666856e+01
3.740833333333333144e+01
3.741145833333333570e+01
3.741458333333333286e+01
3.741250000000000142e+01
3.741250000000000142e+01
3.742395833333333144e+01
3.742916666666666714e+01
3.742708333333333570e+01
3.742812500000000142e+01
3.742604166666666998e+01
3.742812500000000142e+01
3.742499999999999716e+01
3.742395833333333144e+01
3.743020833333333286e+01
3.742812500000000142e+01
3.742916666666666714e+01
3.742916666666666714e+01
3.743229166666666430e+01
3.743437500000000284e+01
3.742812500000000142e+01
3.743229166666666430e+01
3.743437500000000284e+01
3.743645833333333428e+01
3.743750000000000000e+01
3.743750000000000000e+01
3.744166666666666998e+01
3.743750000000000000e+01
3.743541666666666856e+01
3.743750000000000000e+01
3.743854166666666572e+01
3.743750000000000000e+01
3.743750000000000000e+01
3.743958333333333144e+01
3.743750000000000000e+01
3.743750000000000000e+01
3.743854166666666572e+01
3.744062499999999716e+01
3.744166666666666998e+01
3.744062499999999716e+01
3.744062499999999716e+01
3.744062499999999716e+01
3.744062499999999716e+01
3.744062499999999716e+01
3.744062499999999716e+01
3.744479166666666714e+01
3.744062499999999716e+01
3.744062499999999716e+01
3.743958333333333144e+01
3.743958333333333144e+01
3.743958333333333144e+01
3.743854166666666572e+01
3.743854166666666572e+01
3.743958333333333144e+01
3.744166666666666998e+01
3.744166666666666998e+01
3.744479166666666714e+01
3.744270833333333570e+01
3.744687499999999858e+01
3.744687499999999858e+01
3.744062499999999716e+01
3.744375000000000142e+01
3.743958333333333144e+01
3.744375000000000142e+01
3.744791666666666430e+01
3.744895833333333002e+01
3.744583333333333286e+01
3.744583333333333286e+01
3.743958333333333144e+01
3.744479166666666714e+01
3.744583333333333286e+01
3.744479166666666714e+01
3.744479166666666714e+01
3.744479166666666714e+01
3.744791666666666430e+01
3.744687499999999858e+01
3.744895833333333002e+01
3.744791666666666430e+01
3.744791666666666430e+01
3.744791666666666430e+01
3.744687499999999858e+01
3.744479166666666714e+01
3.744687499999999858e+01
3.744687499999999858e+01
3.744791666666666430e+01
3.745000000000000284e+01
3.744895833333333002e+01
3.745000000000000284e+01
3.745312500000000000e+01
3.745312500000000000e+01
3.744791666666666430e+01
3.745312500000000000e+01
3.744375000000000142e+01
3.745104166666666856e+01
3.745312500000000000e+01
3.745000000000000284e+01
3.745312500000000000e+01
3.745000000000000284e+01
3.745104166666666856e+01
3.745000000000000284e+01
3.745312500000000000e+01
3.745416666666666572e+01
3.745312500000000000e+01
3.745416666666666572e+01
3.745000000000000284e+01
3.745416666666666572e+01
3.745520833333333144e+01
3.745520833333333144e+01
3.745104166666666856e+01
3.745416666666666572e+01
3.745520833333333144e+01
3.745729166666666998e+01
3.745624999999999716e+01
3.745624999999999716e+01
3.745000000000000284e+01
3.745416666666666572e+01
3.745416666666666572e+01
3.745520833333333144e+01
3.745520833333333144e+01
3.745624999999999716e+01
3.745416666666666572e+01
3.745833333333333570e+01
3.745000000000000284e+01
3.745624999999999716e+01
3.745520833333333144e+01
3.745624999999999716e+01
3.745833333333333570e+01
3.745104166666666856e+01
3.745416666666666572e+01
3.745416666666666572e+01
3.745624999999999716e+01
3.745833333333333570e+01
3.745833333333333570e+01
3.745312500000000000e+01
3.745624999999999716e+01
3.745833333333333570e+01
3.745833333333333570e+01
3.745833333333333570e+01
3.745833333333333570e+01
3.745208333333333428e+01
3.745833333333333570e+01
3.745833333333333570e+01
3.745833333333333570e+01
3.745833333333333570e+01
3.745729166666666998e+01
3.745416666666666572e+01
3.745833333333333570e+01
3.745729166666666998e+01
3.745624999999999716e+01
3.745729166666666998e+01
3.745624999999999716e+01
3.745729166666666998e+01
3.745729166666666998e+01
3.745624999999999716e+01
3.745729166666666998e+01
3.745729166666666998e+01
3.745833333333333570e+01
3.745729166666666998e+01
3.745833333333333570e+01
3.745729166666666998e+01
3.745729166666666998e+01
3.745729166666666998e+01
3.745624999999999716e+01
3.745624999999999716e+01
3.745729166666666998e+01
3.745833333333333570e+01
3.745833333333333570e+01
3.745833333333333570e+01
3.745833333333333570e+01
3.745416666666666572e+01
3.745833333333333570e+01
3.745729166666666998e+01
3.745937500000000142e+01
3.745937500000000142e+01
3.745937500000000142e+01
3.745937500000000142e+01
3.745833333333333570e+01
3.745833333333333570e+01
3.745729166666666998e+01
3.745937500000000142e+01
3.745937500000000142e+01
3.745833333333333570e+01
3.745833333333333570e+01
3.745833333333333570e+01
3.745937500000000142e+01
3.746041666666666714e+01
3.745937500000000142e+01
3.745937500000000142e+01
3.745937500000000142e+01
3.745937500000000142e+01
3.746041666666666714e+01
3.746041666666666714e+01
3.745937500000000142e+01
3.745937500000000142e+01
3.745937500000000142e+01
3.745937500000000142e+01
3.745937500000000142e+01
3.745937500000000142e+01
3.745937500000000142e+01
3.745937500000000142e+01
3.745937500000000142e+01
3.745833333333333570e+01
3.745729166666666998e+01
3.745729166666666998e+01
3.745937500000000142e+01
3.745833333333333570e+01
3.745833333333333570e+01
3.745833333333333570e+01
3.745937500000000142e+01
3.745937500000000142e+01
3.746145833333333286e+01
3.746249999999999858e+01
3.746249999999999858e+01
3.746145833333333286e+01
3.746041666666666714e+01
3.746041666666666714e+01
3.746041666666666714e+01
3.746041666666666714e+01
3.746145833333333286e+01
3.746249999999999858e+01
3.746041666666666714e+01
3.746041666666666714e+01
3.746145833333333286e+01
3.746145833333333286e+01
3.746145833333333286e+01
3.746145833333333286e+01
3.746249999999999858e+01
3.746249999999999858e+01
3.746249999999999858e+01
3.746145833333333286e+01
3.746249999999999858e+01
3.746249999999999858e+01
3.746249999999999858e+01
3.746249999999999858e+01
3.746249999999999858e+01
3.746249999999999858e+01
3.746249999999999858e+01
3.746249999999999858e+01
3.746249999999999858e+01
3.746249999999999858e+01
3.746249999999999858e+01
3.746249999999999858e+01
3.746249999999999858e+01
3.746249999999999858e+01
3.746249999999999858e+01
3.746249999999999858e+01
3.746354166666666430e+01
3.746354166666666430e+01
3.746249999999999858e+01
3.746354166666666430e+01
3.746249999999999858e+01
3.746354166666666430e+01
3.746249999999999858e+01
3.746354166666666430e+01
3.746249999999999858e+01
3.746249999999999858e+01
3.746354166666666430e+01
3.746354166666666430e+01
3.746354166666666430e+01
3.746354166666666430e+01
3.746354166666666430e+01
3.746458333333333002e+01
3.746354166666666430e+01
3.746354166666666430e+01
3.746249999999999858e+01
3.746354166666666430e+01
3.746354166666666430e+01
3.746354166666666430e+01
3.746354166666666430e+01
3.746354166666666430e+01
3.746354166666666430e+01
3.746458333333333002e+01
3.746458333333333002e+01
3.746562500000000284e+01
3.746562500000000284e+01
3.746666666666666856e+01
3.746562500000000284e+01
3.746562500000000284e+01
3.746562500000000284e+01
3.746666666666666856e+01
3.746562500000000284e+01
3.746666666666666856e+01
3.746770833333333428e+01
3.746770833333333428e+01
3.746666666666666856e+01
3.746666666666666856e+01
3.746666666666666856e+01
3.746770833333333428e+01
3.746770833333333428e+01
3.746979166666666572e+01
3.746770833333333428e+01
3.746770833333333428e+01
3.746875000000000000e+01
3.746979166666666572e+01
3.746979166666666572e+01
3.746979166666666572e+01
3.746979166666666572e+01
3.747187499999999716e+01
3.747395833333333570e+01
3.747291666666666998e+01
3.747083333333333144e+01
3.747291666666666998e+01
3.747708333333333286e+01
3.747916666666666430e+01
3.748020833333333002e+01
3.747604166666666714e+01
3.748020833333333002e+01
3.747708333333333286e+01
3.748020833333333002e+01
3.748020833333333002e+01
3.748125000000000284e+01
3.748125000000000284e+01
3.748229166666666856e+01
3.748125000000000284e+01
3.748229166666666856e+01
3.748229166666666856e+01
3.748333333333333428e+01
3.748333333333333428e+01
3.748333333333333428e+01
3.748437500000000000e+01
3.748333333333333428e+01
3.748437500000000000e+01
3.748229166666666856e+01
3.748541666666666572e+01
3.748437500000000000e+01
3.748541666666666572e+01
3.748437500000000000e+01
3.748541666666666572e+01
3.748541666666666572e+01
3.748541666666666572e+01
3.748541666666666572e+01
3.748437500000000000e+01
3.748437500000000000e+01
3.748437500000000000e+01
3.748541666666666572e+01
3.748541666666666572e+01
3.748437500000000000e+01
3.748437500000000000e+01
3.748437500000000000e+01
3.748437500000000000e+01
3.748437500000000000e+01
3.748437500000000000e+01
3.748437500000000000e+01
3.748541666666666572e+01
3.748541666666666572e+01
3.748645833333333144e+01
3.748645833333333144e+01
3.748645833333333144e+01
3.748541666666666572e+01
3.748645833333333144e+01
3.748437500000000000e+01
3.748437500000000000e+01
3.748645833333333144e+01
3.748645833333333144e+01
3.748541666666666572e+01
3.748645833333333144e+01
3.748541666666666572e+01
3.748541666666666572e+01
3.748645833333333144e+01
3.748541666666666572e+01
3.748645833333333144e+01
3.748645833333333144e+01
3.748645833333333144e+01
3.748645833333333144e+01
3.748645833333333144e+01
3.748645833333333144e+01
3.748645833333333144e+01
3.748645833333333144e+01
3.748645833333333144e+01
3.748645833333333144e+01
3.748645833333333144e+01
3.748541666666666572e+01
3.748645833333333144e+01
3.748749999999999716e+01
3.748541666666666572e+01
3.748645833333333144e+01
3.748645833333333144e+01
3.748645833333333144e+01
3.748645833333333144e+01
3.748645833333333144e+01
3.748645833333333144e+01
3.748645833333333144e+01
3.748645833333333144e+01
3.748645833333333144e+01
3.748645833333333144e+01
3.748645833333333144e+01
3.748749999999999716e+01
3.748749999999999716e+01
3.748645833333333144e+01
3.748749999999999716e+01
3.748645833333333144e+01
3.748645833333333144e+01
3.748645833333333144e+01
3.748749999999999716e+01
3.748749999999999716e+01
3.748749999999999716e+01
3.748749999999999716e+01
3.748749999999999716e+01
3.748749999999999716e+01
3.748749999999999716e+01
3.748749999999999716e+01
3.748749999999999716e+01
3.748749999999999716e+01
3.748749999999999716e+01
3.748749999999999716e+01
3.748749999999999716e+01
3.748749999999999716e+01
3.748749999999999716e+01
3.748749999999999716e+01
3.748749999999999716e+01
3.748749999999999716e+01
3.748749999999999716e+01
3.748749999999999716e+01
3.748749999999999716e+01
3.748749999999999716e+01
3.748749999999999716e+01
3.748749999999999716e+01
3.748749999999999716e+01
3.748749999999999716e+01
3.748749999999999716e+01
3.748749999999999716e+01
3.748749999999999716e+01
3.748749999999999716e+01
3.748749999999999716e+01
3.748749999999999716e+01
3.748749999999999716e+01
3.748749999999999716e+01
3.748749999999999716e+01
3.748749999999999716e+01
3.748749999999999716e+01
3.748749999999999716e+01
3.748749999999999716e+01
3.748749999999999716e+01
3.748749999999999716e+01
3.748749999999999716e+01
3.748749999999999716e+01
3.748749999999999716e+01
3.748749999999999716e+01
3.748749999999999716e+01
3.748749999999999716e+01
3.748749999999999716e+01
3.748749999999999716e+01
3.748749999999999716e+01
3.748749999999999716e+01
3.748749999999999716e+01
3.748749999999999716e+01
3.748749999999999716e+01
3.748749999999999716e+01
3.748749999999999716e+01
3.748749999999999716e+01
3.748749999999999716e+01
3.748749999999999716e+01
3.748749999999999716e+01
3.748749999999999716e+01
3.748749999999999716e+01
