1.021721566810513404e-01
7.869306185324065339e-02
1.052348522251170815e-01
1.088541429160799212e-01
8.272508636653079506e-02
7.871538250110914070e-02
7.217873508056070475e-02
8.226428514758256372e-02
8.102989705703163292e-02
7.517979363860745334e-02
6.966656595442487221e-02
6.600244942346719657e-02
5.770705321831665069e-02
6.413825908143652721e-02
4.538710463672588485e-02
5.137444062165161252e-02
4.437819463376750651e-02
4.670886359835277335e-02
4.332658857819098736e-02
4.383064309842512468e-02
4.289145320421001301e-02
4.231216032185707715e-02
4.231223364846732615e-02
4.219205630907286314e-02
4.186157857237369356e-02
4.177688344242930230e-02
4.157755964319925779e-02
4.139616306327663364e-02
4.118488927601659383e-02
4.091795177238745362e-02
4.073084324502727199e-02
4.079230631451818273e-02
4.067625453733749591e-02
4.084409429660925545e-02
4.032849962568336305e-02
4.045102970594472575e-02
4.027681118352320622e-02
4.030515768319727771e-02
4.018711284213850876e-02
4.015612567968083330e-02
4.011195005453569579e-02
4.001229731044367299e-02
4.011560200750406702e-02
3.987136185158895313e-02
3.995723758334647491e-02
3.989088099775223856e-02
3.990366568727954366e-02
3.984820873732185242e-02
3.978984472291860475e-02
3.987380951665426415e-02
3.980006988878527496e-02
3.970559791097393737e-02
3.970892615767260270e-02
3.968931712452309496e-02
3.968930318889961339e-02
3.971237622386357413e-02
3.968771597107274146e-02
3.967479181812257061e-02
3.969470869328338425e-02
3.966515723185388975e-02
3.964767981356337456e-02
3.964483210712087952e-02
3.961448451476275168e-02
3.964937529598162869e-02
3.963789991390936907e-02
3.964504554046267837e-02
3.961250936669238887e-02
3.963443950928820930e-02
3.964918056307534938e-02
3.962318732418819434e-02
3.963828865023204945e-02
3.962474819829937128e-02
3.960699052334858139e-02
3.961263857384348525e-02
3.958432067162530321e-02
3.957197594609362934e-02
3.961174955654806623e-02
3.956705051536534706e-02
3.960776941475914470e-02
3.956460615413574106e-02
3.957745319977979542e-02
3.956617283621347014e-02
3.958944075453550704e-02
3.956216909336595505e-02
3.956775076882312892e-02
3.957173694692541627e-02
3.961835107333858824e-02
3.958440452313135433e-02
3.958992511044997359e-02
3.957181864292746987e-02
3.959425800842889670e-02
3.956986442619593591e-02
3.957800283982475242e-02
3.957704188988011434e-02
3.958394339596729011e-02
3.954276539178373101e-02
3.956141348281171782e-02
3.956986032820384441e-02
3.950953282588095389e-02
3.954467577945249002e-02
3.950848717882729511e-02
3.952740354168639281e-02
3.953132409873572756e-02
3.951362272017387017e-02
3.955070992912688294e-02
3.953101152285888598e-02
3.954292010985110267e-02
3.951966523554120703e-02
3.952496627706950094e-02
3.951764105312421255e-02
3.951873719507417032e-02
3.953025605846341439e-02
3.952049742077898969e-02
3.952908716706293735e-02
3.953579106047384190e-02
3.954377704548276556e-02
3.951455673102201999e-02
3.953784561020279309e-02
3.950349835069145998e-02
3.953524674028773001e-02
3.952508144987264271e-02
3.952741852357982005e-02
3.951909802832474783e-02
3.951734019228748951e-02
3.952371774436885116e-02
3.952326907017025825e-02
3.951762655352120124e-02
3.951419613524846663e-02
3.952005092735336872e-02
3.951826108079545957e-02
3.951117138785775057e-02
3.951414209263252875e-02
3.951816921734072757e-02
3.951263230630727014e-02
3.951232560168465441e-02
3.951373355974423934e-02
3.950743378066846195e-02
3.950406365693109184e-02
3.948872975556457637e-02
3.950397783362290943e-02
3.949040566286635134e-02
3.948780220256124102e-02
3.949915603770366018e-02
3.950059240562804608e-02
3.949647320251566118e-02
3.948104403263822532e-02
3.948295653092952218e-02
3.949463223901811260e-02
3.949135556220908366e-02
3.949533591039726399e-02
3.949514067176192883e-02
3.951067051902278082e-02
3.949648054360363481e-02
3.949908339778647470e-02
3.949960125323591364e-02
3.950863481499777147e-02
3.950138765312847383e-02
3.950242203066463287e-02
3.951637932293933231e-02
3.949896778426891658e-02
3.950457976353884126e-02
3.951208743378793742e-02
3.949727541296772088e-02
3.950929630871122950e-02
3.950607017753890449e-02
3.951146922964944574e-02
3.950777883016141911e-02
3.950550347052904365e-02
3.950720864306919017e-02
3.950183370851103465e-02
3.950357465503783611e-02
3.950258229657869352e-02
3.950413834279615372e-02
3.950948695824955254e-02
3.949764543017474094e-02
3.949395413960619938e-02
3.949316750781464713e-02
3.948725186084234284e-02
3.949141010868267854e-02
3.948447031412848779e-02
3.947020842199305130e-02
3.949461595081007331e-02
3.947841862403640018e-02
3.948392701929505366e-02
3.948115345983467528e-02
3.948005478534305501e-02
3.947707253902674879e-02
3.947297894142549890e-02
3.947468745504623816e-02
3.946694699734742962e-02
3.949393282711508718e-02
3.946397900521308316e-02
3.947489977544580558e-02
3.946829939399127546e-02
3.946914119147895000e-02
3.946784105958332789e-02
3.948099378520025099e-02
3.946020000377806203e-02
3.946782736321626656e-02
3.947036266979619262e-02
3.947027069811191030e-02
3.947033288291196262e-02
3.946759455058929805e-02
3.946980112140451719e-02
3.947366592434535526e-02
3.946722204227540859e-02
3.946722325773218548e-02
3.947522309430444992e-02
3.946471865392205125e-02
3.946139467685629010e-02
3.946866926627037864e-02
3.946808636655525088e-02
3.947408497236771369e-02
3.946042825651044361e-02
3.945712189008315079e-02
3.946365878898663165e-02
3.945210048202027475e-02
3.945907801877992366e-02
3.946020626654105773e-02
3.945978533640277092e-02
3.945639922775379810e-02
3.946994318057356343e-02
3.946216963196707422e-02
3.946714148445386316e-02
3.946194935961943456e-02
3.946255883717009194e-02
3.946098564728654084e-02
3.946689386294020135e-02
3.946481835088406359e-02
3.946294958534026648e-02
3.947278195084732294e-02
3.946452926202331790e-02
3.946159967104916066e-02
3.946189272167587719e-02
3.946260903283930338e-02
3.946457546682710649e-02
3.945838963173978198e-02
3.946581382360572765e-02
3.945398104025082953e-02
3.945897822759612816e-02
3.946110149189414190e-02
3.945642009135127970e-02
3.945851126269438180e-02
3.945612941039122051e-02
3.945741831125451626e-02
3.945616540684984686e-02
3.946219154167295018e-02
3.945054666910331742e-02
3.944953511290609505e-02
3.945690937694621564e-02
3.945205505528662226e-02
3.945718134068332966e-02
3.945460096393700600e-02
3.945745179629393112e-02
3.945745815334886220e-02
3.945132725816265923e-02
3.945198598843309423e-02
3.945049245121142606e-02
3.945238549474886641e-02
3.944919148209681536e-02
3.945485391555847432e-02
3.944821975524441526e-02
3.945083793093837055e-02
3.945224511886429725e-02
3.945002936504303503e-02
3.945429240900364537e-02
3.944972749674192231e-02
3.944839715646589889e-02
3.944864241077433720e-02
3.945428782236537479e-02
3.944648744255353778e-02
3.944355858103538309e-02
3.945053507189130032e-02
3.944779178870951725e-02
3.945261934807661741e-02
3.944410103377618548e-02
3.944546390378952938e-02
3.944647489836972110e-02
3.944307945903088169e-02
3.944085074491361642e-02
3.944244819147720016e-02
3.944004943081289016e-02
3.944276494914345649e-02
3.944490336955396026e-02
3.944061980573059650e-02
3.944169386050568743e-02
3.943319246874931600e-02
3.944244611606374795e-02
3.943994910900269074e-02
3.944922701668419907e-02
3.943478166432944076e-02
3.944801610655621071e-02
3.944110906603144617e-02
3.943933111513926726e-02
3.944465657614368986e-02
3.943890678150883955e-02
3.943873481198572478e-02
3.944440539207211271e-02
3.944157806454111348e-02
3.944231419576178788e-02
3.944026209848977560e-02
3.944138369601998817e-02
3.944037573482184894e-02
3.944259709578650658e-02
3.944030347576120421e-02
3.945269578465163823e-02
3.944355079757308480e-02
3.944392983086367904e-02
3.944597772116118645e-02
3.944295664258108680e-02
3.944510468564660366e-02
3.944606743300773516e-02
3.944455918490843288e-02
3.944482421929026983e-02
3.943990727875047730e-02
3.944113495206890557e-02
3.944845231334889041e-02
3.944281589614932054e-02
3.944542401050261243e-02
3.944602856844272448e-02
3.944987077476844184e-02
3.944311628727149854e-02
3.944418549793847484e-02
3.943913767727945385e-02
3.944127793978312313e-02
3.943932299050359469e-02
3.943629494644132483e-02
3.943430715401141651e-02
3.944450828227533817e-02
3.943644892152365494e-02
3.943652649773218832e-02
3.943520569452994839e-02
3.943273715919259209e-02
3.943108303864418379e-02
3.943722958122180405e-02
3.943385434744133000e-02
3.943868533468707083e-02
3.942820199126419178e-02
3.943566101386992984e-02
3.943071300778303034e-02
3.943545146715163319e-02
3.943070363361873831e-02
3.943433908156685624e-02
3.943312912836342832e-02
3.943342656383711647e-02
3.943111543977657896e-02
3.943244759002829253e-02
3.943357477689689999e-02
3.943481560090215249e-02
3.942594905567128188e-02
3.943136598963701417e-02
3.943189519143484867e-02
3.943350378037635551e-02
3.942903933275620360e-02
3.943185666443355802e-02
3.942964083067315717e-02
3.942959270771520530e-02
3.942766921697157118e-02
3.942295189486798301e-02
3.943686317956085485e-02
3.942721909940712088e-02
3.941837575071650834e-02
3.942765161422093906e-02
3.942223278463795333e-02
3.942948508329175566e-02
3.942073909339722376e-02
3.942383585088791997e-02
3.942005539672858994e-02
3.942391055878496919e-02
3.941921914787687581e-02
3.941898078689273083e-02
3.941745731124735724e-02
3.942106017949908309e-02
3.941664394731759363e-02
3.942112378300960396e-02
3.942040762918738034e-02
3.941831502600622039e-02
3.941926101492376072e-02
3.942198942900245612e-02
3.941466720630375925e-02
3.941877767186707793e-02
3.941632723287187556e-02
3.941621287336254803e-02
3.941071090196224952e-02
3.941529230482040264e-02
3.941323529415386578e-02
3.941457622104540398e-02
3.941313168097868719e-02
3.941196656721315805e-02
3.941659158808395735e-02
3.940964965781060259e-02
3.941001979629936425e-02
3.941029329824637800e-02
3.941313709814853877e-02
3.941489675631433542e-02
3.941021664531104557e-02
3.941278855263611464e-02
3.941078303966114721e-02
3.940878920502096511e-02
3.941298455564080927e-02
3.940980960199669952e-02
3.941035940030734874e-02
3.941077488763541914e-02
3.940814523672207109e-02
3.941245550121112717e-02
3.940922454215745052e-02
3.940768416780776606e-02
3.940965085299225068e-02
3.941090517666278464e-02
3.940827696154198395e-02
3.941065638556511680e-02
3.941077189583902518e-02
3.940992699546983641e-02
3.940405065160421799e-02
3.941209632048541661e-02
3.940562743895929115e-02
3.941039892228641317e-02
3.940753845606563555e-02
3.940746255044757368e-02
3.941220162419141471e-02
3.941166542517913346e-02
3.941171429035687096e-02
3.940974461599237866e-02
3.940979499202187236e-02
3.941036060090723214e-02
3.940996298332476860e-02
3.941283649158013047e-02
3.940996025645195078e-02
3.941188402791653833e-02
3.941273633215454375e-02
3.941111312496815150e-02
3.940846313561371245e-02
3.941576657283270280e-02
3.940782926455445312e-02
3.941359153747933664e-02
3.941211621603746967e-02
3.941139421514461283e-02
3.941609524360711186e-02
3.941039782618348947e-02
3.941141795731491204e-02
3.941456568860453313e-02
3.941399104639523726e-02
3.941614849994540259e-02
3.941870178782811568e-02
3.941465597447426500e-02
3.941735252268394746e-02
3.941957737700736014e-02
3.941055055835102766e-02
3.941931091455702640e-02
3.941406325032043717e-02
3.941607317493418111e-02
3.941635125133288731e-02
3.941861993555873661e-02
3.941675480654782682e-02
3.942170394705308417e-02
3.941591760457211630e-02
3.941680006784072793e-02
3.941535536816587887e-02
3.941616744448597776e-02
3.941463427837522265e-02
3.941398233740782409e-02
3.941361454645551932e-02
3.941276059538455917e-02
3.942051713031597543e-02
3.941578456160457072e-02
3.941221047881457440e-02
3.941407235567868234e-02
3.941975974041506819e-02
3.941525489261109294e-02
3.941362543073018143e-02
3.941309226696889517e-02
3.941191002257678905e-02
3.941860760496525284e-02
3.941333448093007480e-02
3.941219070119798135e-02
3.941389252980487951e-02
3.941854188308516194e-02
3.941765981775578742e-02
3.941514243861017619e-02
3.941595648884117786e-02
3.941909887290518527e-02
3.941463686895335661e-02
3.941432898185948802e-02
3.941471680317205212e-02
3.942101992399540955e-02
3.941106101782410748e-02
3.942046608492708049e-02
3.941241055021690864e-02
3.941915774094981867e-02
3.941804590652676216e-02
3.941555919153161974e-02
3.941590920594988806e-02
3.941400037970214931e-02
3.941384616181269757e-02
3.942074960547223283e-02
3.941618485388436594e-02
3.941601345245557969e-02
3.941757501432743838e-02
3.941404815673479889e-02
3.941450207831808522e-02
3.941344574429987702e-02
3.941298351596017602e-02
3.941421990511410900e-02
3.940754892539131277e-02
3.941605343082803942e-02
3.941020581380395155e-02
3.941379263957568019e-02
3.941436006418329308e-02
3.941390281434531406e-02
3.941654392002591489e-02
3.941030163215761967e-02
3.941595094137398392e-02
3.941219444364751912e-02
3.941276633229325033e-02
