1.327291666666666003e+01
2.086875000000000568e+01
1.404375000000000284e+01
1.969374999999999432e+01
2.691145833333332860e+01
2.679895833333333144e+01
2.907395833333333712e+01
3.436041666666666572e+01
4.252187500000000142e+01
4.144270833333333570e+01
4.484062500000000284e+01
4.503020833333333428e+01
4.493854166666666572e+01
4.910208333333333286e+01
5.105416666666666714e+01
5.401458333333333428e+01
5.508229166666666998e+01
5.815833333333333144e+01
5.654999999999999716e+01
5.971666666666666856e+01
5.719791666666666430e+01
5.729062499999999858e+01
5.616666666666666430e+01
5.651979166666666998e+01
5.675416666666666998e+01
5.746041666666666714e+01
5.615937499999999716e+01
5.724374999999999858e+01
5.798749999999999716e+01
5.964270833333333144e+01
5.826145833333333002e+01
6.091666666666666430e+01
6.115312500000000284e+01
6.159375000000000000e+01
6.148958333333333570e+01
6.189791666666666714e+01
6.151250000000000284e+01
6.191145833333333570e+01
6.201666666666666572e+01
6.187500000000000000e+01
6.194479166666666714e+01
6.201770833333333144e+01
6.199583333333333002e+01
6.195937500000000142e+01
6.205624999999999858e+01
6.207812500000000000e+01
6.206666666666666998e+01
6.206875000000000142e+01
6.208333333333333570e+01
6.208437500000000142e+01
6.210312499999999858e+01
6.210729166666666856e+01
6.212812499999999716e+01
6.212812499999999716e+01
6.214062500000000000e+01
6.215937499999999716e+01
6.211562500000000142e+01
6.214895833333333286e+01
6.215208333333333002e+01
6.215104166666666430e+01
6.214999999999999858e+01
6.215208333333333002e+01
6.215104166666666430e+01
6.215104166666666430e+01
6.214895833333333286e+01
6.216770833333333002e+01
6.216458333333333286e+01
6.217916666666666714e+01
6.218437500000000284e+01
6.217187500000000000e+01
6.218124999999999858e+01
6.217604166666666998e+01
6.217812500000000142e+01
6.218333333333333002e+01
6.218020833333333286e+01
6.218750000000000000e+01
6.218958333333333144e+01
6.218854166666666572e+01
6.218854166666666572e+01
6.219166666666666998e+01
6.219687499999999858e+01
6.220208333333333428e+01
6.221562500000000284e+01
6.221875000000000000e+01
6.222083333333333144e+01
6.223229166666666856e+01
6.223541666666666572e+01
6.224062500000000142e+01
6.223854166666666998e+01
6.224479166666666430e+01
6.225520833333333570e+01
6.226979166666666998e+01
6.226979166666666998e+01
6.227916666666666856e+01
6.228541666666666998e+01
6.229270833333333002e+01
6.228541666666666998e+01
6.229166666666666430e+01
6.229062499999999858e+01
6.229687500000000000e+01
6.230624999999999858e+01
6.231875000000000142e+01
6.232083333333333286e+01
6.233437500000000142e+01
6.233749999999999858e+01
6.234375000000000000e+01
6.234791666666666998e+01
6.234375000000000000e+01
6.235312499999999858e+01
6.234895833333333570e+01
6.235208333333333286e+01
6.235104166666666714e+01
6.235520833333333002e+01
6.235729166666666856e+01
6.235937500000000000e+01
6.235625000000000284e+01
6.235833333333333428e+01
6.235833333333333428e+01
6.235833333333333428e+01
6.236354166666666998e+01
6.236041666666666572e+01
6.236458333333333570e+01
6.236562500000000142e+01
6.236979166666666430e+01
6.236770833333333286e+01
6.237291666666666856e+01
6.237500000000000000e+01
6.237812499999999716e+01
6.237916666666666998e+01
6.238437499999999858e+01
6.238437499999999858e+01
6.238229166666666714e+01
6.238437499999999858e+01
6.238645833333333002e+01
6.238854166666666856e+01
6.239166666666666572e+01
6.238645833333333002e+01
6.239374999999999716e+01
6.239166666666666572e+01
6.239791666666666714e+01
6.239791666666666714e+01
6.239791666666666714e+01
6.240104166666666430e+01
6.240729166666666572e+01
6.240625000000000000e+01
6.240937499999999716e+01
6.240833333333333144e+01
6.240937499999999716e+01
6.240833333333333144e+01
6.241041666666666998e+01
6.241145833333333570e+01
6.241666666666666430e+01
6.242708333333333570e+01
6.242083333333333428e+01
6.242395833333333144e+01
6.242395833333333144e+01
6.242604166666666998e+01
6.242604166666666998e+01
6.242708333333333570e+01
6.243229166666666430e+01
6.243437500000000284e+01
6.243229166666666430e+01
6.243750000000000000e+01
6.243645833333333428e+01
6.243750000000000000e+01
6.243854166666666572e+01
6.244062499999999716e+01
6.244375000000000142e+01
6.244687499999999858e+01
6.244791666666666430e+01
6.244479166666666714e+01
6.244791666666666430e+01
6.244583333333333286e+01
6.244895833333333002e+01
6.245000000000000284e+01
6.245000000000000284e+01
6.245104166666666856e+01
6.245104166666666856e+01
6.245104166666666856e+01
6.245312500000000000e+01
6.245520833333333144e+01
6.245624999999999716e+01
6.245312500000000000e+01
6.245833333333333570e+01
6.245624999999999716e+01
6.245833333333333570e+01
6.245729166666666998e+01
6.245833333333333570e+01
6.246041666666666714e+01
6.246145833333333286e+01
6.246249999999999858e+01
6.246145833333333286e+01
6.246458333333333002e+01
6.246249999999999858e+01
6.246354166666666430e+01
6.246145833333333286e+01
6.246458333333333002e+01
6.246249999999999858e+01
6.246249999999999858e+01
6.246249999999999858e+01
6.246249999999999858e+01
6.246249999999999858e+01
6.246249999999999858e+01
6.246354166666666430e+01
6.246249999999999858e+01
6.246354166666666430e+01
6.246354166666666430e+01
6.246354166666666430e+01
6.246249999999999858e+01
6.246249999999999858e+01
6.246249999999999858e+01
6.246249999999999858e+01
6.246249999999999858e+01
6.246249999999999858e+01
6.246354166666666430e+01
6.246354166666666430e+01
6.246354166666666430e+01
6.246562500000000284e+01
6.247083333333333144e+01
6.246979166666666572e+01
6.247500000000000142e+01
6.247500000000000142e+01
6.247187499999999716e+01
6.247395833333333570e+01
6.247500000000000142e+01
6.247500000000000142e+01
6.247604166666666714e+01
6.247708333333333286e+01
6.247500000000000142e+01
6.247604166666666714e+01
6.247916666666666430e+01
6.247916666666666430e+01
6.247916666666666430e+01
6.248020833333333002e+01
6.248125000000000284e+01
6.248020833333333002e+01
6.248020833333333002e+01
6.248125000000000284e+01
6.248020833333333002e+01
6.248229166666666856e+01
6.248229166666666856e+01
6.248229166666666856e+01
6.248229166666666856e+01
6.248437500000000000e+01
6.248437500000000000e+01
6.248437500000000000e+01
6.248541666666666572e+01
6.248541666666666572e+01
6.248541666666666572e+01
6.248645833333333144e+01
6.248541666666666572e+01
6.248645833333333144e+01
6.248645833333333144e+01
6.248645833333333144e+01
6.248645833333333144e+01
6.248541666666666572e+01
6.248749999999999716e+01
6.248749999999999716e+01
6.248749999999999716e+01
6.248749999999999716e+01
6.248749999999999716e+01
6.248749999999999716e+01
6.248749999999999716e+01
6.248749999999999716e+01
6.248749999999999716e+01
6.248749999999999716e+01
6.248749999999999716e+01
6.248749999999999716e+01
6.248749999999999716e+01
6.248749999999999716e+01
6.248749999999999716e+01
6.248749999999999716e+01
6.248749999999999716e+01
6.248749999999999716e+01
6.248749999999999716e+01
6.248749999999999716e+01
6.248749999999999716e+01
6.248854166666666998e+01
6.248749999999999716e+01
6.248854166666666998e+01
6.248854166666666998e+01
6.248854166666666998e+01
6.248854166666666998e+01
6.248854166666666998e+01
6.248854166666666998e+01
6.248854166666666998e+01
6.248854166666666998e+01
6.248854166666666998e+01
6.248854166666666998e+01
6.248854166666666998e+01
6.248854166666666998e+01
6.248854166666666998e+01
6.248958333333333570e+01
6.248854166666666998e+01
6.248854166666666998e+01
6.248854166666666998e+01
6.248854166666666998e+01
6.248958333333333570e+01
6.248958333333333570e+01
6.248958333333333570e+01
6.249062500000000142e+01
6.248958333333333570e+01
6.249062500000000142e+01
6.248958333333333570e+01
6.248958333333333570e+01
6.249062500000000142e+01
6.249062500000000142e+01
6.249062500000000142e+01
6.249062500000000142e+01
6.249062500000000142e+01
6.248958333333333570e+01
6.248958333333333570e+01
6.249062500000000142e+01
6.248958333333333570e+01
6.249062500000000142e+01
6.249166666666666714e+01
6.249166666666666714e+01
6.249166666666666714e+01
6.249166666666666714e+01
6.249166666666666714e+01
6.249166666666666714e+01
6.249166666666666714e+01
6.249062500000000142e+01
6.249062500000000142e+01
6.249062500000000142e+01
6.249062500000000142e+01
6.249062500000000142e+01
6.248958333333333570e+01
6.248958333333333570e+01
6.248958333333333570e+01
6.248958333333333570e+01
6.248958333333333570e+01
6.249062500000000142e+01
6.248958333333333570e+01
6.249062500000000142e+01
6.248958333333333570e+01
6.248958333333333570e+01
6.248958333333333570e+01
6.248958333333333570e+01
6.248958333333333570e+01
6.248958333333333570e+01
6.249062500000000142e+01
6.248958333333333570e+01
6.249166666666666714e+01
6.249062500000000142e+01
6.249062500000000142e+01
6.249062500000000142e+01
6.249062500000000142e+01
6.249062500000000142e+01
6.249062500000000142e+01
6.249062500000000142e+01
6.249062500000000142e+01
6.249062500000000142e+01
6.249062500000000142e+01
6.249062500000000142e+01
6.248958333333333570e+01
6.248958333333333570e+01
6.248958333333333570e+01
6.248958333333333570e+01
6.248958333333333570e+01
6.249062500000000142e+01
6.248958333333333570e+01
6.249062500000000142e+01
6.249062500000000142e+01
6.248958333333333570e+01
6.249062500000000142e+01
6.249062500000000142e+01
6.248958333333333570e+01
6.249062500000000142e+01
6.249062500000000142e+01
6.248958333333333570e+01
6.248958333333333570e+01
6.249062500000000142e+01
6.248958333333333570e+01
6.249062500000000142e+01
6.248958333333333570e+01
6.249062500000000142e+01
6.248958333333333570e+01
6.249062500000000142e+01
6.249062500000000142e+01
6.249062500000000142e+01
6.249062500000000142e+01
6.249062500000000142e+01
6.249062500000000142e+01
6.249062500000000142e+01
6.249062500000000142e+01
6.249166666666666714e+01
6.249166666666666714e+01
6.249062500000000142e+01
6.249166666666666714e+01
6.249166666666666714e+01
6.249166666666666714e+01
6.249166666666666714e+01
6.249166666666666714e+01
6.249166666666666714e+01
6.249166666666666714e+01
6.249166666666666714e+01
6.249166666666666714e+01
6.249270833333333286e+01
6.249270833333333286e+01
6.249374999999999858e+01
6.249374999999999858e+01
6.249374999999999858e+01
6.249374999999999858e+01
6.249374999999999858e+01
6.249374999999999858e+01
6.249374999999999858e+01
6.249583333333333002e+01
6.249479166666666430e+01
6.249479166666666430e+01
6.249583333333333002e+01
6.249583333333333002e+01
6.249583333333333002e+01
6.249583333333333002e+01
6.249583333333333002e+01
6.249583333333333002e+01
6.249583333333333002e+01
6.249583333333333002e+01
6.249583333333333002e+01
6.249583333333333002e+01
6.249583333333333002e+01
6.249583333333333002e+01
6.249583333333333002e+01
6.249583333333333002e+01
6.249583333333333002e+01
6.249583333333333002e+01
6.249583333333333002e+01
6.249583333333333002e+01
6.249583333333333002e+01
6.249583333333333002e+01
6.249583333333333002e+01
6.249583333333333002e+01
6.249583333333333002e+01
6.249583333333333002e+01
6.249583333333333002e+01
6.249583333333333002e+01
6.249583333333333002e+01
6.249583333333333002e+01
6.249583333333333002e+01
6.249583333333333002e+01
6.249583333333333002e+01
6.249583333333333002e+01
6.249583333333333002e+01
6.249791666666666856e+01
6.249583333333333002e+01
6.249791666666666856e+01
6.249791666666666856e+01
6.249791666666666856e+01
6.249791666666666856e+01
6.249791666666666856e+01
6.249791666666666856e+01
6.249687500000000284e+01
6.249687500000000284e+01
6.249687500000000284e+01
6.249687500000000284e+01
6.249791666666666856e+01
6.249791666666666856e+01
6.249791666666666856e+01
6.249791666666666856e+01
6.249791666666666856e+01
6.249791666666666856e+01
6.249791666666666856e+01
6.249791666666666856e+01
6.249791666666666856e+01
6.249791666666666856e+01
6.249791666666666856e+01
6.249791666666666856e+01
6.249791666666666856e+01
6.249791666666666856e+01
6.249791666666666856e+01
6.249791666666666856e+01
6.249791666666666856e+01
6.249791666666666856e+01
6.249791666666666856e+01
6.249791666666666856e+01
6.249791666666666856e+01
6.249791666666666856e+01
6.249791666666666856e+01
6.249791666666666856e+01
6.249791666666666856e+01
6.249791666666666856e+01
6.249895833333333428e+01
6.249895833333333428e+01
6.249895833333333428e+01
6.249895833333333428e+01
6.249895833333333428e+01
6.249895833333333428e+01
6.249791666666666856e+01
6.249791666666666856e+01
6.249791666666666856e+01
6.249791666666666856e+01
6.249687500000000284e+01
6.249791666666666856e+01
6.249791666666666856e+01
6.249687500000000284e+01
6.249791666666666856e+01
6.249791666666666856e+01
6.249791666666666856e+01
6.249791666666666856e+01
6.249687500000000284e+01
6.249687500000000284e+01
6.249791666666666856e+01
6.249687500000000284e+01
6.249687500000000284e+01
6.249687500000000284e+01
6.249687500000000284e+01
6.249687500000000284e+01
6.249687500000000284e+01
6.249791666666666856e+01
6.249687500000000284e+01
6.249895833333333428e+01
6.249687500000000284e+01
6.249791666666666856e+01
6.249687500000000284e+01
6.249791666666666856e+01
6.249791666666666856e+01
6.249791666666666856e+01
6.249791666666666856e+01
6.249791666666666856e+01
6.249791666666666856e+01
6.249791666666666856e+01
6.249791666666666856e+01
6.249791666666666856e+01
6.249791666666666856e+01
6.249791666666666856e+01
6.249791666666666856e+01
6.249791666666666856e+01
6.249791666666666856e+01
6.249791666666666856e+01
6.249791666666666856e+01
6.249791666666666856e+01
6.249791666666666856e+01
6.249791666666666856e+01
6.249791666666666856e+01
6.249791666666666856e+01
6.249791666666666856e+01
6.249791666666666856e+01
6.249791666666666856e+01
6.249791666666666856e+01
6.249791666666666856e+01
6.249791666666666856e+01
6.249791666666666856e+01
6.249791666666666856e+01
6.249687500000000284e+01
6.249791666666666856e+01
6.249791666666666856e+01
6.249791666666666856e+01
6.249791666666666856e+01
6.249791666666666856e+01
6.249687500000000284e+01
6.249687500000000284e+01
6.249687500000000284e+01
6.249687500000000284e+01
6.249687500000000284e+01
6.249687500000000284e+01
6.249687500000000284e+01
6.249687500000000284e+01
6.249687500000000284e+01
6.249791666666666856e+01
6.249791666666666856e+01
6.249791666666666856e+01
6.249895833333333428e+01
6.249895833333333428e+01
6.249791666666666856e+01
6.249895833333333428e+01
6.249895833333333428e+01
6.249895833333333428e+01
6.250000000000000000e+01
6.249895833333333428e+01
6.249895833333333428e+01
6.249895833333333428e+01
6.249895833333333428e+01
6.249895833333333428e+01
6.249791666666666856e+01
6.249791666666666856e+01
6.249895833333333428e+01
6.249895833333333428e+01
6.249895833333333428e+01
6.250000000000000000e+01
6.250000000000000000e+01
6.250000000000000000e+01
6.250000000000000000e+01
6.250000000000000000e+01
6.250000000000000000e+01
6.249895833333333428e+01
6.249895833333333428e+01
6.249895833333333428e+01
6.249895833333333428e+01
6.249895833333333428e+01
6.249895833333333428e+01
6.250000000000000000e+01
6.250000000000000000e+01
6.249895833333333428e+01
6.249895833333333428e+01
6.250000000000000000e+01
6.250000000000000000e+01
6.249895833333333428e+01
6.250000000000000000e+01
6.249895833333333428e+01
6.250000000000000000e+01
6.249895833333333428e+01
6.250000000000000000e+01
6.250000000000000000e+01
6.250000000000000000e+01
6.250000000000000000e+01
6.250000000000000000e+01
6.249895833333333428e+01
6.250000000000000000e+01
6.250000000000000000e+01
6.250000000000000000e+01
6.249895833333333428e+01
6.250000000000000000e+01
6.250000000000000000e+01
6.250000000000000000e+01
6.250000000000000000e+01
6.250000000000000000e+01
6.250000000000000000e+01
6.250000000000000000e+01
6.250000000000000000e+01
6.250000000000000000e+01
6.250000000000000000e+01
6.250000000000000000e+01
6.250000000000000000e+01
6.250000000000000000e+01
6.250000000000000000e+01
6.250000000000000000e+01
6.250000000000000000e+01
6.250000000000000000e+01
6.250000000000000000e+01
6.250000000000000000e+01
6.250000000000000000e+01
6.250000000000000000e+01
6.250000000000000000e+01
6.250000000000000000e+01
6.250000000000000000e+01
6.250000000000000000e+01
6.250000000000000000e+01
6.250000000000000000e+01
6.250000000000000000e+01
6.250000000000000000e+01
6.250000000000000000e+01
6.250000000000000000e+01
6.250000000000000000e+01
6.250000000000000000e+01
6.250000000000000000e+01
6.250000000000000000e+01
6.250000000000000000e+01
6.250000000000000000e+01
6.250000000000000000e+01
6.250000000000000000e+01
6.250000000000000000e+01
6.250000000000000000e+01
6.250000000000000000e+01
6.250000000000000000e+01
6.250000000000000000e+01
6.250000000000000000e+01
6.250000000000000000e+01
6.250000000000000000e+01
6.250000000000000000e+01
6.250000000000000000e+01
6.250000000000000000e+01
6.250000000000000000e+01
6.250000000000000000e+01
6.250000000000000000e+01
6.250000000000000000e+01
6.250000000000000000e+01
6.250000000000000000e+01
6.250000000000000000e+01
6.250000000000000000e+01
6.250000000000000000e+01
6.250000000000000000e+01
6.250000000000000000e+01
6.250000000000000000e+01
6.250000000000000000e+01
6.250000000000000000e+01
6.250000000000000000e+01
6.250000000000000000e+01
6.250000000000000000e+01
6.250000000000000000e+01
6.250000000000000000e+01
6.250000000000000000e+01
6.250000000000000000e+01
6.250000000000000000e+01
6.250000000000000000e+01
6.250000000000000000e+01
6.250000000000000000e+01
6.250000000000000000e+01
6.250000000000000000e+01
6.250000000000000000e+01
6.250000000000000000e+01
6.250000000000000000e+01
6.250000000000000000e+01
6.250000000000000000e+01
6.250000000000000000e+01
6.250000000000000000e+01
6.250000000000000000e+01
6.250000000000000000e+01
6.250000000000000000e+01
6.250000000000000000e+01
6.250000000000000000e+01
6.250000000000000000e+01
6.250000000000000000e+01
6.250000000000000000e+01
6.250000000000000000e+01
6.250000000000000000e+01
6.250000000000000000e+01
6.250000000000000000e+01
6.250000000000000000e+01
6.250000000000000000e+01
6.250000000000000000e+01
6.250000000000000000e+01
6.250000000000000000e+01
6.250000000000000000e+01
6.250000000000000000e+01
6.250000000000000000e+01
6.250000000000000000e+01
6.250000000000000000e+01
6.250000000000000000e+01
6.250000000000000000e+01
6.250000000000000000e+01
6.250000000000000000e+01
6.250000000000000000e+01
6.250000000000000000e+01
6.250000000000000000e+01
6.250000000000000000e+01
6.250000000000000000e+01
6.250000000000000000e+01
6.250000000000000000e+01
6.250000000000000000e+01
6.250000000000000000e+01
6.250000000000000000e+01
6.250000000000000000e+01
