1.261039066953652199e+00
6.970591035187709839e-01
2.854680046342288890e-01
1.804487302050439002e-01
8.826763097194481600e-02
7.055545772670675231e-02
8.197728811233302715e-02
6.115550189868847186e-02
5.436182357189212055e-02
5.318370154112779524e-02
4.661167726708582981e-02
4.507144209825324210e-02
4.243548002520318441e-02
4.249310060345274503e-02
4.011591945525942726e-02
3.884910453951806453e-02
3.764490383688282038e-02
3.677247620038612275e-02
3.617894857883507259e-02
3.588658006771808934e-02
3.480527315491348944e-02
3.411519879644436815e-02
3.351825941908237461e-02
3.279506156191242666e-02
3.220013637474868767e-02
3.187820684593329484e-02
3.153999661889664990e-02
3.117034511970604577e-02
3.086430538786550867e-02
3.050541606694839522e-02
3.018832109177565365e-02
2.992431102713128191e-02
2.968773575051066732e-02
2.940604184780983010e-02
2.911599072079015457e-02
2.877737444712686471e-02
2.852417374156536803e-02
2.829107229654703737e-02
2.799297708934285825e-02
2.766860885177446425e-02
2.772365257974700181e-02
2.738311800351890535e-02
2.706918773134940961e-02
2.702920312184589613e-02
2.685820443320023274e-02
2.664896311879092969e-02
2.653776024147508003e-02
2.645794495862462126e-02
2.627116380459370432e-02
2.615542543909388576e-02
2.608447744859778220e-02
2.598459669185329210e-02
2.588901616732593516e-02
2.576844721344741587e-02
2.565612975564516771e-02
2.556892860456951716e-02
2.550661386318879911e-02
2.550271764128635849e-02
2.540278171449451491e-02
2.534323502076761200e-02
2.529370974920023760e-02
2.522428403847884124e-02
2.516768312314246123e-02
2.512433633980621847e-02
2.508822522673020278e-02
2.504617628747130356e-02
2.501622275513994131e-02
2.497610459007907485e-02
2.493556490775033704e-02
2.491652159822528578e-02
2.488301859502605948e-02
2.485239764865079803e-02
2.481440365361332542e-02
2.477852073788016155e-02
2.474071436715930689e-02
2.471710541472640910e-02
2.469416351894974590e-02
2.467472713343444451e-02
2.464907588283643883e-02
2.463399632088432087e-02
2.460731144273064705e-02
2.457774789143508248e-02
2.455211554974147392e-02
2.452568578194902829e-02
2.450187907802104173e-02
2.448152255276311862e-02
2.446266448708210237e-02
2.445591503938507674e-02
2.444228670847149384e-02
2.442645034464286519e-02
2.440662562235026978e-02
2.438765481378712269e-02
2.436728006616471071e-02
2.434828904577070879e-02
2.433972379853451343e-02
2.441248854307442179e-02
2.432263923653009072e-02
2.431525700764428088e-02
2.430558087343882845e-02
2.429726201130695193e-02
2.428395690305400548e-02
2.426919549667000756e-02
2.425531347590586390e-02
2.424132411100324985e-02
2.422634007586358870e-02
2.421567358313183108e-02
2.421263815791281290e-02
2.420459068384794507e-02
2.419616305825272179e-02
2.418964763454688541e-02
2.418127449131118531e-02
2.417372219693031052e-02
2.416465040477953560e-02
2.415522259726533144e-02
2.414626242973951648e-02
2.413835896170167875e-02
2.413155472839823359e-02
2.412545769626016010e-02
2.411803863635213901e-02
2.411003503709083923e-02
2.410630601910193280e-02
2.409781863442995650e-02
2.409202269167143654e-02
2.408597264391189319e-02
2.408013873942355110e-02
2.407343661485624939e-02
2.406539146251313738e-02
2.405969991512316164e-02
2.405375912307128675e-02
2.404762895509611476e-02
2.404086701915812002e-02
2.403441245010385849e-02
2.402825644576218542e-02
2.402143300573095913e-02
2.401333150254238852e-02
2.400813512971314290e-02
2.400242118295473417e-02
2.399717588068368823e-02
2.399408605593291929e-02
2.398649468129357420e-02
2.398056972512749990e-02
2.397416630817435571e-02
2.396780162112972443e-02
2.396115079352452090e-02
2.395561288765927707e-02
2.395168621820555066e-02
2.394935604584008670e-02
2.394645905201952044e-02
2.394241814968089618e-02
2.393892840295092431e-02
2.393497974909496520e-02
2.393059818921585216e-02
2.392675316208565592e-02
2.392332256936484727e-02
2.391965966712291877e-02
2.391477745095187471e-02
2.391107840462934619e-02
2.390609892295875866e-02
2.390098618993670779e-02
2.389624958077526257e-02
2.389496740421443582e-02
2.389226304864379771e-02
2.388720710664199096e-02
2.388351494527653218e-02
2.388173139665181188e-02
2.388052580008787756e-02
2.387760676948643551e-02
2.387420406377105050e-02
2.387004062057307766e-02
2.386552803254001626e-02
2.386237915403516610e-02
2.386151697831130625e-02
2.385944975213414102e-02
2.385774009544685756e-02
2.385554830216092548e-02
2.385277653226272263e-02
2.384983446505116803e-02
2.384728137021176197e-02
2.384377028830850578e-02
2.384044805627614366e-02
2.383667341016028687e-02
2.383246250095746518e-02
2.382887092886855698e-02
2.382780517862168740e-02
2.382467915272727665e-02
2.382162526211680648e-02
2.381850106875335951e-02
2.381600656528579801e-02
2.381342868316239925e-02
2.381247699509937352e-02
2.381012027189188460e-02
2.380808245184481281e-02
2.380569318391947270e-02
2.380299199011829542e-02
2.380011399041842904e-02
2.379859939553587503e-02
2.379771115063380321e-02
2.379610944626163807e-02
2.379407168091197955e-02
2.379188867534176577e-02
2.379009800055970764e-02
2.378779995202023184e-02
2.378556189757580208e-02
2.378364907870527192e-02
2.378168893118247709e-02
2.377978863511574434e-02
2.377753857301815807e-02
2.377551907559785627e-02
2.377468997397019432e-02
2.377295450840125404e-02
2.377096966195453229e-02
2.376900634712103555e-02
2.376708751000799688e-02
2.376575917465769891e-02
2.376425558581935979e-02
2.376238838027410968e-02
2.376138680031599990e-02
2.375896389568765352e-02
2.375679647399101674e-02
2.375461434095846314e-02
2.375327497617052419e-02
2.375115058048492267e-02
2.374945123584698212e-02
2.374840580482889471e-02
2.374678015390518232e-02
2.374559690221410974e-02
2.374410438726408737e-02
2.374273697543641953e-02
2.374108380497419457e-02
2.373959958544721513e-02
2.373777900347742373e-02
2.373628001443853566e-02
2.373509264986208359e-02
2.373407355626933751e-02
2.373320570376133767e-02
2.373201054983488378e-02
2.373105509406357380e-02
2.372980712247832122e-02
2.372855354029359751e-02
2.372721668843421478e-02
2.372616906034534512e-02
2.372478946227042293e-02
2.372326572742342390e-02
2.372158764455133129e-02
2.372028707167358683e-02
2.371889076861078555e-02
2.371785072743028827e-02
2.371687393229922683e-02
2.371617272752365654e-02
2.371464418263419249e-02
2.371368428646464244e-02
2.371264240497154147e-02
2.371129164009948970e-02
2.371024929273108858e-02
2.370859687753763823e-02
2.370706439216642425e-02
2.370544975211447136e-02
2.370443454122687921e-02
2.370349750500056613e-02
2.370236197455424451e-02
2.370110109530179296e-02
2.369984236090339272e-02
2.369832242429905159e-02
2.369690998947486180e-02
2.369570987808517631e-02
2.369435279037386891e-02
2.369298015135524321e-02
2.369125167650142430e-02
2.369063510227423924e-02
2.368915131841024813e-02
2.368816447018485399e-02
2.368739831134832399e-02
2.368654683175370340e-02
2.368524766785105526e-02
2.368403743969219391e-02
2.368272303798103773e-02
2.368162902152773711e-02
2.368070119090680270e-02
2.367967951065188051e-02
2.367844545880080920e-02
2.367687166223643100e-02
2.367525920800398961e-02
2.367384524552586245e-02
2.367314026430562476e-02
2.367255636750806996e-02
2.367145732856938342e-02
2.367079617173873871e-02
2.366991065087301060e-02
2.366884839043319200e-02
2.366763658291862887e-02
2.366656899133833328e-02
2.366546949447265180e-02
2.366464259176251361e-02
2.366379518021277314e-02
2.366278128665607466e-02
2.366182199264297084e-02
2.366095853711620151e-02
2.366000333984402335e-02
2.365912665362144771e-02
2.365812640596633154e-02
2.365738785364210686e-02
2.365666594400368111e-02
2.365602822880034234e-02
2.365504934045552579e-02
2.365421048308929963e-02
2.365318128357200150e-02
2.365216337075477793e-02
2.365105215511573850e-02
2.365009045212483271e-02
2.364919504054258104e-02
2.364843366897716875e-02
2.364735129069543002e-02
2.364623955098235294e-02
2.364531771996814316e-02
2.364492362107801712e-02
2.364395738036711644e-02
2.364306949022938406e-02
2.364208384957138323e-02
2.364138019298744550e-02
2.364029087761607140e-02
2.363943190658686008e-02
2.363908263807620869e-02
2.363835781640846734e-02
2.363776988910047672e-02
2.363712888134959084e-02
2.363649280837137184e-02
2.363576992928027518e-02
2.363506247633706883e-02
2.363413408187596543e-02
2.363319369846928961e-02
2.363198220604955518e-02
2.363109057977944363e-02
2.363026294966880103e-02
2.362943159153255146e-02
2.362864402858790361e-02
2.362855971844735406e-02
2.362807847575835313e-02
2.362743782125100583e-02
2.362665047935552654e-02
2.362592658537754006e-02
2.362501818549901655e-02
2.362402117643609689e-02
2.362294604514841509e-02
2.362200746831145601e-02
2.362140925542923625e-02
2.362119759750220399e-02
2.362065029891165929e-02
2.361999518830562236e-02
2.361934560502905803e-02
2.361850839603454877e-02
2.361774802931757705e-02
2.361716506212680963e-02
2.361640917472636672e-02
2.361553352381953047e-02
2.361480963792478988e-02
2.361414845135732798e-02
2.361386770653467818e-02
2.361363183314029238e-02
2.361287612901946317e-02
2.361263441894068116e-02
2.361198570570384112e-02
2.361149038408348610e-02
2.361078685533245583e-02
2.361002013259858728e-02
2.360910140613653452e-02
2.360818085373125180e-02
2.360730485067445358e-02
2.360720164234256929e-02
2.360686191342124471e-02
2.360640028066054649e-02
2.360594011472149506e-02
2.360536906283587297e-02
2.360468163682245823e-02
2.360409224242868143e-02
2.360339601105015950e-02
2.360295512421731190e-02
2.360275506187522326e-02
2.360235966145730543e-02
2.360189738877745483e-02
2.360146976578318678e-02
2.360084059070051768e-02
2.360031821092409970e-02
2.359981356467961283e-02
2.359936751861122298e-02
2.359880444539088143e-02
2.359833726041071084e-02
2.359767919165321748e-02
2.359704529604595216e-02
2.359649386554131881e-02
2.359627358993013346e-02
2.359561134254861692e-02
2.359524053781782496e-02
2.359462354242516241e-02
2.359400052506892970e-02
2.359332244153557190e-02
2.359276225997312959e-02
2.359247247660033187e-02
2.359197982875629526e-02
2.359148503865800620e-02
2.359094091588579550e-02
2.359025147070738238e-02
2.358959949920749061e-02
2.358905869123256033e-02
2.358863267006756220e-02
2.358815272633631860e-02
2.358755848564053625e-02
2.358702889591320767e-02
2.358646137385211200e-02
2.358605536195148081e-02
2.358559149996565865e-02
2.358519842560041074e-02
2.358458169509092608e-02
2.358407121284305033e-02
2.358354699294028939e-02
2.358275997360943094e-02
2.358197327107831170e-02
2.358115531500771037e-02
2.358035066492491713e-02
2.358003848114966980e-02
2.358008084177598204e-02
2.357934763272096640e-02
2.357900883278880172e-02
2.357869350651014759e-02
2.357815924144523317e-02
2.357773784322361038e-02
2.357719609043237505e-02
2.357678561460967159e-02
2.357620205040052153e-02
2.357562016161737425e-02
2.357526122982011793e-02
2.357532233663958351e-02
2.357483048757996399e-02
2.357448589900900879e-02
2.357402048924589488e-02
2.357357187097204945e-02
2.357311605946541683e-02
2.357257457464747435e-02
2.357211639770452963e-02
2.357175440422946619e-02
2.357137426310120659e-02
2.357093611516184253e-02
2.357059580556982240e-02
2.357014213876814854e-02
2.356992160318344132e-02
2.356980651274093869e-02
2.356946575090253237e-02
2.356910952039560983e-02
2.356870165890587523e-02
2.356827390005195033e-02
2.356779441377693241e-02
2.356734737208266914e-02
2.356696297302782878e-02
2.356653165131163130e-02
2.356630683213317354e-02
2.356611797602933822e-02
2.356584694907774835e-02
2.356545964541268898e-02
2.356510614167450432e-02
2.356470923822899174e-02
2.356438185724142945e-02
2.356406830507577765e-02
2.356353098441893792e-02
2.356310173005825639e-02
2.356266957525911254e-02
2.356224004012362136e-02
2.356201363513189123e-02
2.356195015935618961e-02
2.356160141641005720e-02
2.356129634038705428e-02
2.356106225066249837e-02
2.356068594509301214e-02
2.356028179258866720e-02
2.355987158739993384e-02
2.355941856748734742e-02
2.355895444080548934e-02
2.355861268146614007e-02
2.355831989889829031e-02
2.355815779815246397e-02
2.355802647822265172e-02
2.355765493056378654e-02
2.355744536272947123e-02
2.355712414515467867e-02
2.355676712191587252e-02
2.355638039409336734e-02
2.355601387703843211e-02
2.355565259401040668e-02
2.355519390466998333e-02
2.355475535041545374e-02
2.355446178978717192e-02
2.355421239600997280e-02
2.355401939544781928e-02
2.355381985889585042e-02
2.355368852350179024e-02
2.355336773480806722e-02
2.355305002016096216e-02
2.355272316066221727e-02
2.355233931943873441e-02
2.355193655597036251e-02
2.355149965291020858e-02
2.355109101728247029e-02
2.355073252521180244e-02
2.355084396727352355e-02
2.355038344958387125e-02
2.355031444903791377e-02
2.355000822282812128e-02
2.354973570861709081e-02
2.354937233719197470e-02
2.354899489678852209e-02
2.354860851625385429e-02
2.354827148236483814e-02
2.354802689024534240e-02
2.354783023294901995e-02
2.354758012078559531e-02
2.354748867718926483e-02
2.354715785520487825e-02
2.354682662872989787e-02
2.354650091109678628e-02
2.354614383411720441e-02
2.354580506987113617e-02
2.354554124068038851e-02
2.354547493384247583e-02
2.354525863848575332e-02
2.354504470814859987e-02
2.354483308602493830e-02
2.354450872998881117e-02
2.354423819412902047e-02
2.354399389566788972e-02
2.354359472183036039e-02
2.354320229050968841e-02
2.354279552639693476e-02
2.354241567937698232e-02
2.354203894005275216e-02
2.354183470576615839e-02
2.354162393477719772e-02
2.354152126868796005e-02
2.354121617149813536e-02
2.354105080372173239e-02
2.354082962710461746e-02
2.354058731774255966e-02
2.354029797257231951e-02
2.353998197103015708e-02
2.353963781322216536e-02
2.353928438626300135e-02
2.353910851766462947e-02
2.353891533419915846e-02
2.353870615129303318e-02
2.353843968877543727e-02
2.353817279206760205e-02
2.353787851842159898e-02
2.353754879002029066e-02
2.353730831328503317e-02
2.353713850336357563e-02
2.353692889837718377e-02
2.353681442616879782e-02
2.353669334932665877e-02
2.353640040675036849e-02
2.353615153617541825e-02
2.353585560572650504e-02
2.353566707816738199e-02
2.353540507970550144e-02
2.353510992463322613e-02
2.353493874368946248e-02
2.353481621682217834e-02
2.353469788666801704e-02
2.353456369294778042e-02
2.353430829036989164e-02
2.353404026307851296e-02
2.353376940913979448e-02
2.353348663441305263e-02
2.353327049684312416e-02
2.353308720752442587e-02
2.353300566857651974e-02
2.353279757794495691e-02
2.353258258569732725e-02
2.353234409279595166e-02
2.353216180493693938e-02
2.353190345258482016e-02
2.353163029473041498e-02
2.353131407870276762e-02
2.353104180138796200e-02
2.353081466520060006e-02
2.353060244073768015e-02
2.353039728662769531e-02
2.353036014845734727e-02
2.353010660560540118e-02
2.352992302695923812e-02
2.352970036572222048e-02
2.352952393552075125e-02
2.352929301205758730e-02
2.352907411900344997e-02
2.352886076874466728e-02
2.352866378919995019e-02
2.352852677153972200e-02
2.352827270938835993e-02
2.352798722613886132e-02
2.352766055346910273e-02
2.352730825240262336e-02
2.352707320029352386e-02
2.352670961099371030e-02
2.352658403824963926e-02
2.352662856818500681e-02
2.352627868617388276e-02
2.352625546382144245e-02
2.352595376589926984e-02
2.352576424131241212e-02
2.352549428712359669e-02
2.352523269856237123e-02
2.352506220580618396e-02
2.352488634208027909e-02
2.352478627446840179e-02
2.352460137042436047e-02
2.352448893951977413e-02
2.352431522871547415e-02
2.352412901824195088e-02
2.352399824355609279e-02
2.352385127190604122e-02
2.352370969127385095e-02
2.352356503749752567e-02
2.352340432348826865e-02
2.352327072242767214e-02
2.352314140424928771e-02
2.352302010310947794e-02
2.352285274631932960e-02
2.352270581090062582e-02
2.352250951404446372e-02
2.352232845850140211e-02
2.352213872629425537e-02
2.352196894222216908e-02
2.352187532398656786e-02
2.352160783913226708e-02
2.352135705811743069e-02
2.352114683418104341e-02
2.352101617164771563e-02
2.352082697925388793e-02
2.352074453813750299e-02
2.352068293520454337e-02
2.352055428356606206e-02
2.352041024580336231e-02
2.352030540999699298e-02
2.352015513954018242e-02
2.351999796976423848e-02
2.351980030864566154e-02
2.351961262895627125e-02
2.351939767315407506e-02
2.351921080543609849e-02
2.351898224146299274e-02
2.351883161001239869e-02
2.351881631017250715e-02
2.351866758741575497e-02
2.351859732290459762e-02
2.351847164085416400e-02
2.351834156918238689e-02
2.351817470645620189e-02
2.351799695537114959e-02
2.351780072674419450e-02
2.351758474485879380e-02
2.351743886134485123e-02
2.351735616086032127e-02
2.351720530599975267e-02
2.351700874931188928e-02
2.351686633697701312e-02
2.351671519534264537e-02
2.351663969270888221e-02
2.351647065599278552e-02
2.351631567042816728e-02
2.351615245550207553e-02
2.351598040842415097e-02
2.351580247025161427e-02
2.351558955018927255e-02
2.351534702145305356e-02
2.351510883270089419e-02
2.351498288984104137e-02
2.351510243582204812e-02
2.351480809594030594e-02
2.351470980377566924e-02
2.351455678888847434e-02
2.351445916777048645e-02
2.351429952035216306e-02
2.351415957516570995e-02
2.351403126427407606e-02
2.351393411154020785e-02
2.351378903801919912e-02
2.351367554348933811e-02
2.351355864537149273e-02
2.351336312862870731e-02
2.351314455957662780e-02
2.351293783261542911e-02
2.351275883191244684e-02
2.351281482276768031e-02
2.351265308233118495e-02
2.351254416906947697e-02
2.351236897598404582e-02
2.351221779844386156e-02
2.351204369589262461e-02
2.351185758605214143e-02
2.351168842033653575e-02
2.351155948500650503e-02
2.351144229442126213e-02
2.351128822282766775e-02
2.351119685900669373e-02
2.351120043367319057e-02
2.351102889821654607e-02
2.351093291101235064e-02
2.351080665141978832e-02
2.351067580602446416e-02
2.351053599241544750e-02
2.351039121338923538e-02
2.351030867815780828e-02
2.351022805622213219e-02
2.351011387330435853e-02
2.350998215270753630e-02
2.350982307776054714e-02
2.350969401929809896e-02
2.350956242238938509e-02
2.350943058912508335e-02
2.350931723670080312e-02
2.350912416050873407e-02
2.350905462809039712e-02
2.350892427048486763e-02
2.350885105258033667e-02
2.350886233926772345e-02
2.350869931538395602e-02
2.350859735716980328e-02
2.350846091216343692e-02
2.350832078413931867e-02
2.350816990071284349e-02
2.350802542765962136e-02
2.350784845849464635e-02
2.350766163415059229e-02
2.350752014656237385e-02
2.350740940127881914e-02
2.350739184107475052e-02
