6.771753966997995366e-01
2.851561148683623426e-01
2.014024537454512653e-01
9.246753840257408708e-02
6.729225669032885826e-02
8.266542559029231574e-02
6.175431078784199973e-02
5.446719999896205283e-02
6.025613459352301138e-02
4.731938326502808240e-02
4.826333146950099323e-02
4.334498378507699312e-02
4.587514291792121196e-02
4.116422319870185337e-02
4.067371422603537762e-02
4.012382726860790755e-02
3.858845468277204843e-02
3.873115800220085225e-02
3.811795333110799128e-02
3.740184221450313512e-02
3.661081595078240214e-02
3.573292756442876528e-02
3.545305954524152758e-02
3.450006066339056376e-02
3.388120923915199229e-02
3.402852315231785080e-02
3.335198924336928855e-02
3.285118489680664139e-02
3.264349052586686117e-02
3.248080383209505512e-02
3.224731478247672145e-02
3.186441651066610620e-02
3.163110109339221238e-02
3.148955816601103908e-02
3.123231188976119746e-02
3.089869782285394398e-02
3.074671422005841037e-02
3.060795039528620490e-02
3.036678050490201203e-02
3.027415061072051203e-02
3.000002021268224559e-02
2.966239625765009977e-02
2.961851290615223967e-02
2.929955392094365715e-02
2.951094332090471728e-02
2.909339523223437515e-02
2.896609926149715936e-02
2.895509933463242397e-02
2.875249269809596747e-02
2.878027405123785229e-02
2.866567169860587128e-02
2.807383705321789269e-02
2.850031067793728015e-02
2.794803713810264933e-02
2.827806380706407094e-02
2.790862166663275745e-02
2.811749667983015274e-02
2.793189168546068857e-02
2.773596623450989146e-02
2.758598358468647427e-02
2.763819810446403041e-02
2.756343121421364270e-02
2.758946813553460331e-02
2.764374799764294718e-02
2.752257704794959167e-02
2.774337727857318844e-02
2.719198924393861905e-02
2.746979355404802897e-02
2.746847727766305036e-02
2.724848040845777308e-02
2.723684061409336471e-02
2.728592472513469494e-02
2.728440866056958472e-02
2.730425343813394287e-02
2.695390556179641517e-02
2.757454139055790301e-02
2.697168524423280631e-02
2.721503950473861538e-02
2.714350358230088051e-02
2.706798599978356770e-02
2.706832128523371100e-02
2.697514360964997984e-02
2.709649819281791105e-02
2.701755777781827614e-02
2.705584639836116495e-02
2.699444633811173833e-02
2.763846168858605928e-02
2.666584757688509472e-02
2.713067967298432234e-02
2.678219295544190248e-02
2.709014884352753741e-02
2.676608598932614380e-02
2.696359206496659611e-02
2.694330166615758679e-02
2.742874619642015829e-02
2.652185523374790341e-02
2.719788449345017164e-02
2.679783287134330019e-02
2.702474559210498242e-02
2.685873488376861948e-02
2.679486468619221920e-02
2.689627738490129455e-02
2.672803689439193914e-02
2.668735508997892997e-02
2.683864825718944996e-02
2.687362984889876683e-02
2.644205907447194637e-02
2.705293005654257205e-02
2.651449745757691878e-02
2.677683073006068698e-02
2.675926006195188805e-02
2.693474853101298847e-02
2.687119616977548878e-02
2.710032238993689488e-02
2.649652836765077277e-02
2.703230427113120435e-02
2.657105584910650353e-02
2.672044341002991277e-02
2.673338179355186361e-02
2.678127357474437142e-02
2.665770201208764525e-02
2.659918342069024152e-02
2.677333280408475055e-02
2.638162048611744637e-02
2.675315120704447464e-02
2.650472310433468412e-02
2.659311192580179201e-02
2.629028934436837550e-02
2.656902366034114352e-02
2.641681692735032769e-02
2.628394122329288235e-02
2.651734147199781219e-02
2.632030180996226126e-02
2.625882583282743848e-02
2.638206490066151086e-02
2.623281074320517325e-02
2.619298470330469128e-02
2.616087378191678595e-02
2.616426514270707090e-02
2.618240846907407549e-02
2.612608137164299307e-02
2.616888083234206880e-02
2.611140161907541529e-02
2.580018327105099846e-02
2.625651971716043420e-02
2.573338207678791539e-02
2.611924642727624091e-02
2.579648964280290002e-02
2.599615652820755352e-02
2.585793875803263364e-02
2.585814794759577762e-02
2.581190866360448880e-02
2.587906885305201604e-02
2.578203944291443742e-02
2.571703503078298647e-02
2.570378114560402383e-02
2.559309571259082983e-02
2.567578129365782891e-02
2.538536825589928284e-02
2.574414860836097760e-02
2.547817872563918132e-02
2.553062826023328943e-02
2.546348818954413673e-02
2.542378062784880766e-02
2.550567833897368630e-02
2.548985743579887733e-02
2.541590089370219033e-02
2.545371967438390601e-02
2.543428700946752385e-02
2.544348251415141232e-02
2.525732796377878203e-02
2.543586415107782286e-02
2.515648422231340706e-02
2.542354340556263886e-02
2.522409513709557294e-02
2.531011605521795924e-02
2.529254366371447987e-02
2.526532682381108300e-02
2.523219318321680629e-02
2.519466685006874207e-02
2.514938968198754399e-02
2.516113629454344580e-02
2.496412288851426048e-02
2.526238841067100435e-02
2.503421559888915210e-02
2.515449909693644182e-02
2.501413080280365242e-02
2.504014876036430096e-02
2.491655578371249069e-02
2.500367319347029244e-02
2.493809286636568950e-02
2.491146188186938240e-02
2.489392188760035374e-02
2.483472809663216097e-02
2.494682603309482383e-02
2.479921658780138635e-02
2.483743285770837958e-02
2.481237991900805961e-02
2.477721877613199564e-02
2.474292937543763268e-02
2.477476152736478657e-02
2.473130686942281997e-02
2.470453952790116134e-02
2.468870497427372648e-02
2.465454532099122312e-02
2.466253515350707096e-02
2.461246912710181659e-02
2.468142811041606349e-02
2.457663487976855660e-02
2.460820394120702415e-02
2.457455975876210799e-02
2.461031950538040622e-02
2.457774557163924442e-02
2.457805096515014789e-02
2.454836403744312112e-02
2.455617655537950875e-02
2.454088185707082453e-02
2.453046906495692445e-02
2.451480674446663080e-02
2.452790678773458105e-02
2.450710027050929246e-02
2.449008018634261236e-02
2.456970740011480206e-02
2.447068742610006634e-02
2.453047141960738517e-02
2.449110874107874453e-02
2.449006555874906968e-02
2.447723038861558675e-02
2.446451032004508253e-02
2.445929928701564421e-02
2.446165417919633073e-02
2.444642552679792205e-02
2.446021524788474441e-02
2.443091921621081547e-02
2.445983649070701191e-02
2.440476174334537882e-02
2.444898317317222361e-02
2.441543243307072938e-02
2.443480558612971809e-02
2.441583053104327133e-02
2.441124965887436424e-02
2.440432137552381656e-02
2.439839939707851360e-02
2.440495107440458777e-02
2.437943014456215793e-02
2.441037248565465154e-02
2.436139279185700959e-02
2.440441507406957561e-02
2.436832052587117187e-02
2.439516427275991925e-02
2.438018042658623291e-02
2.437938814560824605e-02
2.437375085959473525e-02
2.436451972827465354e-02
2.438515089331252592e-02
2.434866060464260795e-02
2.436299134354504708e-02
2.434197816629450964e-02
2.434939661666299382e-02
2.434174738604594906e-02
2.435294256241746919e-02
2.432848354489946380e-02
2.433913868664251343e-02
2.433707613455303106e-02
2.433993866779038395e-02
2.432186632756522943e-02
2.432989788455157051e-02
2.429284789363344438e-02
2.433835495566585155e-02
2.428420292601565084e-02
2.431992337000916243e-02
2.429562585105386405e-02
2.429997940124102584e-02
2.430177076223568461e-02
2.429230264429076136e-02
2.428736882955207649e-02
2.428435068377369360e-02
2.427056984378963070e-02
2.427668234794044463e-02
2.427182215717730088e-02
2.426225586691498765e-02
2.425330570136936814e-02
2.424603402579017866e-02
2.424335192992176438e-02
2.424002115230252524e-02
2.422684760502493567e-02
2.423116437033909915e-02
2.422265934706986298e-02
2.421547652534367448e-02
2.420802579347160546e-02
2.422105259237084668e-02
2.420371516429943928e-02
2.421089026106389153e-02
2.421297249834583262e-02
2.419654970726727375e-02
2.420499596503042014e-02
2.420250275097294082e-02
2.419887509262808392e-02
2.419368864702616320e-02
2.418973955572443699e-02
2.419580377449508449e-02
2.416991095121051245e-02
2.419855347649426183e-02
2.417364449413973368e-02
2.417700109194444169e-02
2.418086712248808390e-02
2.417208815752020304e-02
2.416936303579528961e-02
2.416348146639114153e-02
2.416792760315486510e-02
2.416270635097778063e-02
2.417107538237866712e-02
2.416458567481364131e-02
2.417152417909354187e-02
2.416048481780425083e-02
2.416156270422068972e-02
2.417680128128456632e-02
2.413669722653049091e-02
2.418129698295775482e-02
2.414635363070947310e-02
2.417547835824261984e-02
2.415184514333604954e-02
2.415199881016718772e-02
2.414369500546734507e-02
2.414298906226400657e-02
2.415546680122609285e-02
2.414326256654502831e-02
2.414194042563216555e-02
2.414638824878537204e-02
2.414421853788246281e-02
2.413826193336507733e-02
2.412577803459380055e-02
2.413635829802013993e-02
2.411431385271303046e-02
2.414485144602862218e-02
2.410925140051239229e-02
2.413478802438011328e-02
2.411966443898648504e-02
2.411614424898452305e-02
2.411634203933177290e-02
2.410897136499285179e-02
2.410387712120814346e-02
2.410208576664604058e-02
2.410452673508817548e-02
2.408377515916922118e-02
2.410668137101356842e-02
2.408598486056478041e-02
2.409383468381038132e-02
2.407897037869700593e-02
2.409688383906302689e-02
2.408047825063462308e-02
2.407825278604200717e-02
2.407744280691312411e-02
2.406875457273052396e-02
2.406107787276972471e-02
2.405347100360321830e-02
2.407811967891126254e-02
2.405472960973886742e-02
2.406254793939804904e-02
2.404921844866365552e-02
2.406695312719907276e-02
2.404970954007059139e-02
2.404485733503565134e-02
2.404044267389308237e-02
2.403322819905543556e-02
2.403129113813590526e-02
2.402409766844704891e-02
2.403447056452308675e-02
2.403154519192892552e-02
2.401598012996339002e-02
2.403578729994631721e-02
2.401846838518917684e-02
2.402559506973776099e-02
2.401806042127619875e-02
2.402703777382862380e-02
2.401409769579002096e-02
2.402005320092749988e-02
2.401315528153282267e-02
2.401635555940780792e-02
2.401172917236690796e-02
2.401449487437138514e-02
2.402341688759675187e-02
2.401094061895002463e-02
2.401334840084151309e-02
2.400927193995231954e-02
2.401792879701990235e-02
2.401319758572233870e-02
2.401061105185594430e-02
2.401270772998827588e-02
2.402436983544458185e-02
2.400107446679886070e-02
2.401894636311186285e-02
2.401400416298485677e-02
2.401247575205020870e-02
2.401566470162067382e-02
2.400791815062073425e-02
2.401094878457838561e-02
2.401598741461839770e-02
2.400443981690495929e-02
2.400346885505956485e-02
2.399848344211493942e-02
2.400552674789947771e-02
2.398016092896287574e-02
2.401382873169986831e-02
2.398577279536607404e-02
2.400161791314166237e-02
2.399232625499811075e-02
2.399084879078590068e-02
2.399924639728884604e-02
2.399022997085458603e-02
2.398388642194820841e-02
2.398589078287494472e-02
2.399144833186040923e-02
2.398785895960662065e-02
2.398725203788726335e-02
2.397970084830542900e-02
2.398761468880132586e-02
2.395423452030293401e-02
2.399246213771562622e-02
2.396668074487573810e-02
2.398369698389696270e-02
2.396941990088159030e-02
2.397254651538904477e-02
2.396977641952156152e-02
2.396556578957651645e-02
2.396177009507960073e-02
2.396012431970134110e-02
2.395652133112752616e-02
2.395161758947770766e-02
2.397246193064055120e-02
2.394375807736456516e-02
2.396729905593149301e-02
2.395364513881423352e-02
2.396055345089194086e-02
2.395889613530805679e-02
2.395800627823933132e-02
2.395902023975014089e-02
2.395622344829688791e-02
2.395053593255375493e-02
2.395591664978953539e-02
2.395325883097548098e-02
2.395318602268963620e-02
2.395831480635799912e-02
2.393923727336491614e-02
2.395841003682208301e-02
2.395290181803981511e-02
2.395756396005801689e-02
2.395688080560919378e-02
2.395583916439344638e-02
2.395821950430164146e-02
2.394203906980991656e-02
2.395101248003346853e-02
2.394962514546231797e-02
2.394815230262406849e-02
2.395129127528829865e-02
2.394765108683856447e-02
2.394863859729977340e-02
2.396410948783261191e-02
2.394551791166418461e-02
2.395588748778006496e-02
2.395166517247660637e-02
2.395343936918776021e-02
2.395199117022676905e-02
2.394420399082405546e-02
2.395196624214011513e-02
2.393937707713431409e-02
2.395180423073832096e-02
2.394040781258011119e-02
2.394997122405552459e-02
2.394860019796109241e-02
2.394728744501028669e-02
2.394582871837157984e-02
2.394621326742127701e-02
2.394615311558061232e-02
2.394520524077033835e-02
2.394517243957360389e-02
2.394704868494417632e-02
2.394014441758730155e-02
2.393712069570265444e-02
2.394271602976007565e-02
2.393982235997987526e-02
2.393763294916421286e-02
2.393671545997242897e-02
2.393379365246429968e-02
2.393576487048790571e-02
2.392732177656516426e-02
2.393041961823982530e-02
2.392513057110873601e-02
2.393261076787612726e-02
2.392617202924115019e-02
2.393123702380950749e-02
2.393042015563017974e-02
2.392685786118254471e-02
2.392697833823755754e-02
2.392618626740234192e-02
2.392550839729601017e-02
2.392218669960832073e-02
2.392807224805290622e-02
2.392767849150835568e-02
2.392190185286926715e-02
2.391849091990928475e-02
2.392437543629983773e-02
2.391744279227455208e-02
2.392332068393375477e-02
2.391948037993854234e-02
2.391635231751603960e-02
2.391825713684837471e-02
2.391324954642541981e-02
2.391760937115366623e-02
2.391206900592023066e-02
2.392615101073266790e-02
2.390424340103765657e-02
2.392311702903493140e-02
2.391336342546468777e-02
2.391203164927070343e-02
2.391028161894847778e-02
2.390781509303699023e-02
2.391094804559987241e-02
2.390968521424995802e-02
2.390326015717101835e-02
2.391900763475731523e-02
2.390192253060140215e-02
2.391448871495392703e-02
2.391026155195713834e-02
2.390978965952579235e-02
2.390846226723605805e-02
2.390655871791332737e-02
2.390827987274058222e-02
2.389864220228013827e-02
2.391208566547595171e-02
2.389899917329640910e-02
2.390225811200057809e-02
2.389755961431491368e-02
2.390508602512820754e-02
2.389505052206614480e-02
2.390452811530803870e-02
2.389531147140905656e-02
2.389927878457571292e-02
2.389838849317590594e-02
2.389840251360325282e-02
2.389618935478767664e-02
2.389263078589539194e-02
2.389416025085507392e-02
2.388764082785516801e-02
2.389784295860369195e-02
2.388731232607364113e-02
2.388889481978492824e-02
2.388658244753738905e-02
2.388615744303603308e-02
2.388105814436100593e-02
2.388202630812233038e-02
2.388085084297463662e-02
2.387272363932594829e-02
2.389000980485822892e-02
2.387451601232094822e-02
2.388066197613716163e-02
2.387575118911239996e-02
2.387531664217948726e-02
2.387078414146587280e-02
2.387208248939958616e-02
2.386039639091995512e-02
2.387689073511276364e-02
2.386380094939009183e-02
2.386918568941352042e-02
2.386395782414283198e-02
2.386294511238387650e-02
2.385756631026896349e-02
2.385732984066273737e-02
2.385591503286605894e-02
2.385350102891887689e-02
2.386340428970191996e-02
2.385085809497452386e-02
2.385664164284237790e-02
2.384994616947191601e-02
2.384867814061538902e-02
2.384658756165662294e-02
2.384555304261019512e-02
2.384154873597404273e-02
2.384548682846790446e-02
2.384043247517955016e-02
2.384720378917531969e-02
2.383398380543348336e-02
2.384490096282640068e-02
2.384004802699860384e-02
2.383861284266235517e-02
2.383394834309061558e-02
2.383134277616632060e-02
2.383090996479908172e-02
2.382985109286631792e-02
2.382682118872926288e-02
2.383466867160062910e-02
2.382983613789677393e-02
2.383245084028186647e-02
2.383007370892202201e-02
2.382781451888296362e-02
2.382659449314006306e-02
2.382240943045671813e-02
2.382466257981722194e-02
2.382222758094493936e-02
2.382065270385221034e-02
2.382897407369672163e-02
2.381935515505490333e-02
2.382709344419181585e-02
2.382087020955887466e-02
2.381888344131499746e-02
2.381715231889135545e-02
2.381609780201032409e-02
2.381944002736767832e-02
2.382134158158899853e-02
2.381378832931504638e-02
2.382026383498509273e-02
2.381295231976702370e-02
2.381582753075124625e-02
2.381481083113694622e-02
2.381328650382655288e-02
2.381171710021423929e-02
2.380697325069609446e-02
2.381421730138781612e-02
2.380740321785347266e-02
2.381258273165874975e-02
2.380987323693175423e-02
2.380932285618756958e-02
2.380866485206427699e-02
2.380994961244068883e-02
2.381000227408454697e-02
2.380692997736675448e-02
2.381086363414810017e-02
2.380325676579825300e-02
2.380748726702537968e-02
2.380623529432390403e-02
2.380441304562517027e-02
2.380147455103599069e-02
2.380672136430887764e-02
2.381230894194656666e-02
2.379621061863120002e-02
2.380955332362779883e-02
2.379932441088052422e-02
2.380577122233770021e-02
2.380082942798467105e-02
2.379883841760607396e-02
2.379949172073959549e-02
2.379558908414650120e-02
2.379514411001787400e-02
2.379311263797390802e-02
2.379023487472783568e-02
2.379444426742462551e-02
2.378826404870592812e-02
2.379226164901500004e-02
2.379003049569084621e-02
2.378981238284855887e-02
2.378893619168648624e-02
2.378752298856669223e-02
2.378539966957658042e-02
2.378384723378540108e-02
2.378218739422882297e-02
2.378006488729416182e-02
2.378373480614158486e-02
2.378000200871337871e-02
2.377903687669935540e-02
2.378184124503422009e-02
2.378044400214844589e-02
2.377868027656595065e-02
2.378032265028442657e-02
2.377805796637399646e-02
2.377681906402984158e-02
2.377860821538782532e-02
2.377436956513109129e-02
2.377697968105862633e-02
2.377509221531456246e-02
2.377396917118259484e-02
2.377447425083044352e-02
2.377449650468638556e-02
2.377030145488291321e-02
2.377186629195419607e-02
2.377215621422520964e-02
2.376998453061791861e-02
2.377056109095919065e-02
2.376658745077644269e-02
2.376699632157061245e-02
2.377501030429597650e-02
2.376667918081176029e-02
2.377138278684463174e-02
2.376974003201009003e-02
2.376878171211086951e-02
2.376700113040444012e-02
2.376596132306462578e-02
2.376750275870029641e-02
2.376738522552269625e-02
2.376677657712361613e-02
2.376820299076968374e-02
2.376476637759589866e-02
2.376339465030959802e-02
2.376394576701807565e-02
2.375996476571226243e-02
2.376443292715650288e-02
2.376138061439446794e-02
2.376315495656653246e-02
2.376156760193320894e-02
2.376195434033723936e-02
2.376403164058768502e-02
2.376165937081753041e-02
2.376439164289354672e-02
2.376050616859343850e-02
2.376152229547292757e-02
2.376133039967077282e-02
2.376100756479766762e-02
2.376012213990246966e-02
2.375899015478886295e-02
2.376154726312590740e-02
2.375561664890205732e-02
2.376069308082888465e-02
2.376066941361209064e-02
2.376216019864858461e-02
2.375472432114464003e-02
2.376059910830454272e-02
2.375875587989079857e-02
2.376012197416786306e-02
2.376136359081395394e-02
2.375489082306647334e-02
2.375811570736216169e-02
2.375761192671927216e-02
2.375821277439707849e-02
2.375789673659155568e-02
2.375784243062180681e-02
2.375700124559657414e-02
2.375963143902557612e-02
2.375871772100868889e-02
2.375996929403200592e-02
2.375212478498170757e-02
2.375805334369297112e-02
2.375325081977253117e-02
2.375154822851539491e-02
