1.329375000000000284e+01
1.880312499999999432e+01
1.304062500000000568e+01
1.872812500000000568e+01
2.879062500000000568e+01
2.206562499999999716e+01
2.643437500000000284e+01
3.189687499999999432e+01
4.170000000000000284e+01
3.826562500000000000e+01
4.343437500000000284e+01
4.299062500000000142e+01
4.124687500000000284e+01
4.428125000000000000e+01
4.736562500000000142e+01
5.105624999999999858e+01
5.437500000000000000e+01
5.673437500000000000e+01
5.673125000000000284e+01
5.968124999999999858e+01
5.767187500000000000e+01
5.823437500000000000e+01
5.618750000000000000e+01
5.648437500000000000e+01
5.695000000000000284e+01
5.746562500000000284e+01
5.629687500000000000e+01
5.738750000000000284e+01
5.789062500000000000e+01
5.900937499999999858e+01
5.771875000000000000e+01
6.062500000000000000e+01
6.075625000000000142e+01
6.130624999999999858e+01
6.114999999999999858e+01
6.183437500000000142e+01
6.114999999999999858e+01
6.182187499999999858e+01
6.198749999999999716e+01
6.188750000000000284e+01
6.169687499999999858e+01
6.185937500000000000e+01
6.199062500000000142e+01
6.159062500000000284e+01
6.195000000000000284e+01
6.201250000000000284e+01
6.185000000000000142e+01
6.195624999999999716e+01
6.202187500000000142e+01
6.199062500000000142e+01
6.206562499999999716e+01
6.206562499999999716e+01
6.210937500000000000e+01
6.210312499999999858e+01
6.209062500000000284e+01
6.214062500000000000e+01
6.203437499999999716e+01
6.213437499999999858e+01
6.211249999999999716e+01
6.211874999999999858e+01
6.212812499999999716e+01
6.213750000000000284e+01
6.208124999999999716e+01
6.213437499999999858e+01
6.212187500000000284e+01
6.216875000000000284e+01
6.216562499999999858e+01
6.217812500000000142e+01
6.217187500000000000e+01
6.217499999999999716e+01
6.217812500000000142e+01
6.217499999999999716e+01
6.217499999999999716e+01
6.217812500000000142e+01
6.219062499999999716e+01
6.218437500000000284e+01
6.218750000000000000e+01
6.218437500000000284e+01
6.218750000000000000e+01
6.219062499999999716e+01
6.220312500000000000e+01
6.220312500000000000e+01
6.221875000000000000e+01
6.222187499999999716e+01
6.223125000000000284e+01
6.225000000000000000e+01
6.225000000000000000e+01
6.224687500000000284e+01
6.224374999999999858e+01
6.226250000000000284e+01
6.227499999999999858e+01
6.227187500000000142e+01
6.228125000000000000e+01
6.229999999999999716e+01
6.232500000000000284e+01
6.232812500000000000e+01
6.231562499999999716e+01
6.232187499999999858e+01
6.231250000000000000e+01
6.232812500000000000e+01
6.232812500000000000e+01
6.234062500000000284e+01
6.235000000000000142e+01
6.235000000000000142e+01
6.235000000000000142e+01
6.236249999999999716e+01
6.236249999999999716e+01
6.235000000000000142e+01
6.236249999999999716e+01
6.235937500000000000e+01
6.236249999999999716e+01
6.235937500000000000e+01
6.236562500000000142e+01
6.236249999999999716e+01
6.237500000000000000e+01
6.236562500000000142e+01
6.236562500000000142e+01
6.236249999999999716e+01
6.237500000000000000e+01
6.238125000000000142e+01
6.238437499999999858e+01
6.238125000000000142e+01
6.238750000000000284e+01
6.238437499999999858e+01
6.239062500000000000e+01
6.239062500000000000e+01
6.239687500000000142e+01
6.239374999999999716e+01
6.239999999999999858e+01
6.240625000000000000e+01
6.240312500000000284e+01
6.240312500000000284e+01
6.240625000000000000e+01
6.240625000000000000e+01
6.240625000000000000e+01
6.240937499999999716e+01
6.239687500000000142e+01
6.241250000000000142e+01
6.240625000000000000e+01
6.241250000000000142e+01
6.240937499999999716e+01
6.241562499999999858e+01
6.241250000000000142e+01
6.241875000000000284e+01
6.243750000000000000e+01
6.242812500000000142e+01
6.243124999999999858e+01
6.242812500000000142e+01
6.243750000000000000e+01
6.244062499999999716e+01
6.244062499999999716e+01
6.244375000000000142e+01
6.244687499999999858e+01
6.244687499999999858e+01
6.244687499999999858e+01
6.244687499999999858e+01
6.244687499999999858e+01
6.244687499999999858e+01
6.244375000000000142e+01
6.244687499999999858e+01
6.244375000000000142e+01
6.244375000000000142e+01
6.244375000000000142e+01
6.244687499999999858e+01
6.244687499999999858e+01
6.244375000000000142e+01
6.244375000000000142e+01
6.245000000000000284e+01
6.245312500000000000e+01
6.245312500000000000e+01
6.245624999999999716e+01
6.245937500000000142e+01
6.245624999999999716e+01
6.245624999999999716e+01
6.245624999999999716e+01
6.245937500000000142e+01
6.245937500000000142e+01
6.246249999999999858e+01
6.246249999999999858e+01
6.246249999999999858e+01
6.246249999999999858e+01
6.246249999999999858e+01
6.246249999999999858e+01
6.246562500000000284e+01
6.246562500000000284e+01
6.246875000000000000e+01
6.246562500000000284e+01
6.246249999999999858e+01
6.246875000000000000e+01
6.246875000000000000e+01
6.247187499999999716e+01
6.247187499999999716e+01
6.247500000000000142e+01
6.247812499999999858e+01
6.247812499999999858e+01
6.247812499999999858e+01
6.247812499999999858e+01
6.247812499999999858e+01
6.247812499999999858e+01
6.247812499999999858e+01
6.247500000000000142e+01
6.247500000000000142e+01
6.247187499999999716e+01
6.247500000000000142e+01
6.247187499999999716e+01
6.247187499999999716e+01
6.247187499999999716e+01
6.247500000000000142e+01
6.247187499999999716e+01
6.247187499999999716e+01
6.247187499999999716e+01
6.247500000000000142e+01
6.247187499999999716e+01
6.247187499999999716e+01
6.247500000000000142e+01
6.247500000000000142e+01
6.247500000000000142e+01
6.248125000000000284e+01
6.248125000000000284e+01
6.247500000000000142e+01
6.248125000000000284e+01
6.248125000000000284e+01
6.248125000000000284e+01
6.248125000000000284e+01
6.248125000000000284e+01
6.248125000000000284e+01
6.248437500000000000e+01
6.248749999999999716e+01
6.248749999999999716e+01
6.248749999999999716e+01
6.249062500000000142e+01
6.249062500000000142e+01
6.249062500000000142e+01
6.249062500000000142e+01
6.249062500000000142e+01
6.249062500000000142e+01
6.249062500000000142e+01
6.249062500000000142e+01
6.249062500000000142e+01
6.249062500000000142e+01
6.249062500000000142e+01
6.249062500000000142e+01
6.249062500000000142e+01
6.249062500000000142e+01
6.249062500000000142e+01
6.249062500000000142e+01
6.249062500000000142e+01
6.249062500000000142e+01
6.249062500000000142e+01
6.249062500000000142e+01
6.249062500000000142e+01
6.249062500000000142e+01
6.249062500000000142e+01
6.249062500000000142e+01
6.249062500000000142e+01
6.249062500000000142e+01
6.249374999999999858e+01
6.249062500000000142e+01
6.249062500000000142e+01
6.249062500000000142e+01
6.249374999999999858e+01
6.249062500000000142e+01
6.249062500000000142e+01
6.249374999999999858e+01
6.249374999999999858e+01
6.249374999999999858e+01
6.249374999999999858e+01
6.249687500000000284e+01
6.249687500000000284e+01
6.249687500000000284e+01
6.249687500000000284e+01
6.249687500000000284e+01
6.249687500000000284e+01
6.249687500000000284e+01
6.249687500000000284e+01
6.250000000000000000e+01
6.250000000000000000e+01
6.250000000000000000e+01
6.250000000000000000e+01
6.250000000000000000e+01
6.250000000000000000e+01
6.250000000000000000e+01
6.250000000000000000e+01
6.250000000000000000e+01
6.250000000000000000e+01
6.250000000000000000e+01
6.250000000000000000e+01
6.250000000000000000e+01
6.250000000000000000e+01
6.250000000000000000e+01
6.250000000000000000e+01
6.250000000000000000e+01
6.250000000000000000e+01
6.250000000000000000e+01
6.250000000000000000e+01
6.250000000000000000e+01
6.250000000000000000e+01
6.250000000000000000e+01
6.250000000000000000e+01
6.250000000000000000e+01
6.250000000000000000e+01
6.250000000000000000e+01
6.250000000000000000e+01
6.250000000000000000e+01
6.250000000000000000e+01
6.250000000000000000e+01
6.250000000000000000e+01
6.250000000000000000e+01
6.250000000000000000e+01
6.250000000000000000e+01
6.250000000000000000e+01
6.250000000000000000e+01
6.250000000000000000e+01
6.250000000000000000e+01
6.250000000000000000e+01
6.250000000000000000e+01
6.250000000000000000e+01
6.250000000000000000e+01
6.250000000000000000e+01
6.250000000000000000e+01
6.250000000000000000e+01
6.250000000000000000e+01
6.250000000000000000e+01
6.250000000000000000e+01
6.250000000000000000e+01
6.250000000000000000e+01
6.250000000000000000e+01
6.250000000000000000e+01
6.250000000000000000e+01
6.250000000000000000e+01
6.250000000000000000e+01
6.250000000000000000e+01
6.250000000000000000e+01
6.250000000000000000e+01
6.250000000000000000e+01
6.250000000000000000e+01
6.250000000000000000e+01
6.250000000000000000e+01
6.250000000000000000e+01
6.250000000000000000e+01
6.250000000000000000e+01
6.250000000000000000e+01
6.250000000000000000e+01
6.250000000000000000e+01
6.250000000000000000e+01
6.250000000000000000e+01
6.250000000000000000e+01
6.250000000000000000e+01
6.250000000000000000e+01
6.250000000000000000e+01
6.250000000000000000e+01
6.250000000000000000e+01
6.250000000000000000e+01
6.250000000000000000e+01
6.250000000000000000e+01
6.250000000000000000e+01
6.250000000000000000e+01
6.250000000000000000e+01
6.250000000000000000e+01
6.250000000000000000e+01
6.250000000000000000e+01
6.250000000000000000e+01
6.250000000000000000e+01
6.250000000000000000e+01
6.250000000000000000e+01
6.250000000000000000e+01
6.250000000000000000e+01
6.250000000000000000e+01
6.250000000000000000e+01
6.250000000000000000e+01
6.250000000000000000e+01
6.250000000000000000e+01
6.250000000000000000e+01
6.250000000000000000e+01
6.250000000000000000e+01
6.250000000000000000e+01
6.250000000000000000e+01
6.250000000000000000e+01
6.250000000000000000e+01
6.250000000000000000e+01
6.250000000000000000e+01
6.250000000000000000e+01
6.250000000000000000e+01
6.250000000000000000e+01
6.250000000000000000e+01
6.250000000000000000e+01
6.250000000000000000e+01
6.250000000000000000e+01
6.250000000000000000e+01
6.250000000000000000e+01
6.250000000000000000e+01
6.250000000000000000e+01
6.250000000000000000e+01
6.250000000000000000e+01
6.250000000000000000e+01
6.250000000000000000e+01
6.250000000000000000e+01
6.250000000000000000e+01
6.250000000000000000e+01
6.250000000000000000e+01
6.250000000000000000e+01
6.250000000000000000e+01
6.250000000000000000e+01
6.250000000000000000e+01
6.250000000000000000e+01
6.250000000000000000e+01
6.250000000000000000e+01
6.250000000000000000e+01
6.250000000000000000e+01
6.250000000000000000e+01
6.250000000000000000e+01
6.250000000000000000e+01
6.250000000000000000e+01
6.250000000000000000e+01
6.250000000000000000e+01
6.250000000000000000e+01
6.250000000000000000e+01
6.250000000000000000e+01
6.250000000000000000e+01
6.250000000000000000e+01
6.250000000000000000e+01
6.250000000000000000e+01
6.250000000000000000e+01
6.250000000000000000e+01
6.250000000000000000e+01
6.250000000000000000e+01
6.250000000000000000e+01
6.250000000000000000e+01
6.250000000000000000e+01
6.250000000000000000e+01
6.250000000000000000e+01
6.250000000000000000e+01
6.250000000000000000e+01
6.250000000000000000e+01
6.250000000000000000e+01
6.250000000000000000e+01
6.250000000000000000e+01
6.250000000000000000e+01
6.250000000000000000e+01
6.250000000000000000e+01
6.250000000000000000e+01
6.250000000000000000e+01
6.250000000000000000e+01
6.250000000000000000e+01
6.250000000000000000e+01
6.250000000000000000e+01
6.250000000000000000e+01
6.250000000000000000e+01
6.250000000000000000e+01
6.250000000000000000e+01
6.250000000000000000e+01
6.250000000000000000e+01
6.250000000000000000e+01
6.250000000000000000e+01
6.250000000000000000e+01
6.250000000000000000e+01
6.250000000000000000e+01
6.250000000000000000e+01
6.250000000000000000e+01
6.250000000000000000e+01
6.250000000000000000e+01
6.250000000000000000e+01
6.250000000000000000e+01
6.250000000000000000e+01
6.250000000000000000e+01
6.250000000000000000e+01
6.250000000000000000e+01
6.250000000000000000e+01
6.250000000000000000e+01
6.250000000000000000e+01
6.250000000000000000e+01
6.250000000000000000e+01
6.249687500000000284e+01
6.249687500000000284e+01
6.249687500000000284e+01
6.249687500000000284e+01
6.249687500000000284e+01
6.249687500000000284e+01
6.249687500000000284e+01
6.249687500000000284e+01
6.249687500000000284e+01
6.249687500000000284e+01
6.249687500000000284e+01
6.249687500000000284e+01
6.249687500000000284e+01
6.249687500000000284e+01
6.249687500000000284e+01
6.249687500000000284e+01
6.249687500000000284e+01
6.249687500000000284e+01
6.249687500000000284e+01
6.249687500000000284e+01
6.249687500000000284e+01
6.249687500000000284e+01
6.249687500000000284e+01
6.249687500000000284e+01
6.249687500000000284e+01
6.249687500000000284e+01
6.249687500000000284e+01
6.249687500000000284e+01
6.249687500000000284e+01
6.249687500000000284e+01
6.249687500000000284e+01
6.249687500000000284e+01
6.249687500000000284e+01
6.249687500000000284e+01
6.249687500000000284e+01
6.249687500000000284e+01
6.249687500000000284e+01
6.249687500000000284e+01
6.249687500000000284e+01
6.249687500000000284e+01
6.249687500000000284e+01
6.249687500000000284e+01
6.249687500000000284e+01
6.249687500000000284e+01
6.249687500000000284e+01
6.249687500000000284e+01
6.249687500000000284e+01
6.249687500000000284e+01
6.249687500000000284e+01
6.249687500000000284e+01
6.249687500000000284e+01
6.249687500000000284e+01
6.249687500000000284e+01
6.249687500000000284e+01
6.249687500000000284e+01
6.249687500000000284e+01
6.249687500000000284e+01
6.249687500000000284e+01
6.249687500000000284e+01
6.249687500000000284e+01
6.249687500000000284e+01
6.249687500000000284e+01
6.249687500000000284e+01
6.249687500000000284e+01
6.249687500000000284e+01
6.249687500000000284e+01
6.249687500000000284e+01
6.249687500000000284e+01
6.249687500000000284e+01
6.249687500000000284e+01
6.249687500000000284e+01
6.249687500000000284e+01
6.249687500000000284e+01
6.249687500000000284e+01
6.249687500000000284e+01
6.249687500000000284e+01
6.249687500000000284e+01
6.249687500000000284e+01
6.249687500000000284e+01
6.249687500000000284e+01
6.249687500000000284e+01
6.249687500000000284e+01
6.249687500000000284e+01
6.249687500000000284e+01
6.249687500000000284e+01
6.249687500000000284e+01
6.249687500000000284e+01
6.249687500000000284e+01
6.249687500000000284e+01
6.249687500000000284e+01
6.249687500000000284e+01
6.249687500000000284e+01
6.249687500000000284e+01
6.249687500000000284e+01
6.249687500000000284e+01
6.249687500000000284e+01
6.249687500000000284e+01
6.249687500000000284e+01
6.249687500000000284e+01
6.249687500000000284e+01
6.249687500000000284e+01
6.249687500000000284e+01
6.249687500000000284e+01
6.249687500000000284e+01
6.249687500000000284e+01
6.249687500000000284e+01
6.249687500000000284e+01
6.249687500000000284e+01
6.249687500000000284e+01
6.249687500000000284e+01
6.249687500000000284e+01
6.249687500000000284e+01
6.249687500000000284e+01
6.249687500000000284e+01
6.249687500000000284e+01
6.249687500000000284e+01
6.249687500000000284e+01
6.249687500000000284e+01
6.249687500000000284e+01
6.249687500000000284e+01
6.249687500000000284e+01
6.249687500000000284e+01
6.249687500000000284e+01
6.249687500000000284e+01
6.249687500000000284e+01
6.249687500000000284e+01
6.249687500000000284e+01
6.249687500000000284e+01
6.249687500000000284e+01
6.249687500000000284e+01
6.249687500000000284e+01
6.249687500000000284e+01
6.249687500000000284e+01
6.249687500000000284e+01
6.249687500000000284e+01
6.249687500000000284e+01
6.249687500000000284e+01
6.249687500000000284e+01
6.249687500000000284e+01
6.249687500000000284e+01
6.249687500000000284e+01
6.249687500000000284e+01
6.249687500000000284e+01
6.249687500000000284e+01
6.249687500000000284e+01
6.249687500000000284e+01
6.249687500000000284e+01
6.249687500000000284e+01
6.249687500000000284e+01
6.249687500000000284e+01
6.249687500000000284e+01
6.249687500000000284e+01
6.249687500000000284e+01
6.249687500000000284e+01
6.249687500000000284e+01
6.249687500000000284e+01
6.249687500000000284e+01
6.249687500000000284e+01
6.249687500000000284e+01
6.249687500000000284e+01
6.249687500000000284e+01
6.249687500000000284e+01
6.249687500000000284e+01
6.249687500000000284e+01
6.249687500000000284e+01
6.249687500000000284e+01
6.249687500000000284e+01
6.249687500000000284e+01
6.249687500000000284e+01
6.249687500000000284e+01
6.249687500000000284e+01
6.249687500000000284e+01
6.249687500000000284e+01
6.249687500000000284e+01
6.249687500000000284e+01
6.249687500000000284e+01
6.249687500000000284e+01
6.249687500000000284e+01
6.249687500000000284e+01
6.249687500000000284e+01
6.249687500000000284e+01
6.249687500000000284e+01
6.249687500000000284e+01
6.249687500000000284e+01
6.249687500000000284e+01
6.249687500000000284e+01
6.249687500000000284e+01
6.249687500000000284e+01
6.249687500000000284e+01
6.249687500000000284e+01
6.249687500000000284e+01
6.249687500000000284e+01
6.249687500000000284e+01
6.249687500000000284e+01
6.249687500000000284e+01
6.249687500000000284e+01
6.249687500000000284e+01
6.249687500000000284e+01
6.249687500000000284e+01
6.249687500000000284e+01
6.249687500000000284e+01
6.249687500000000284e+01
6.249687500000000284e+01
6.249687500000000284e+01
6.249687500000000284e+01
6.249687500000000284e+01
6.249687500000000284e+01
6.249687500000000284e+01
6.249687500000000284e+01
6.249687500000000284e+01
6.249687500000000284e+01
6.249687500000000284e+01
6.249687500000000284e+01
6.249687500000000284e+01
6.249687500000000284e+01
6.249687500000000284e+01
6.249687500000000284e+01
6.249687500000000284e+01
6.249687500000000284e+01
6.249687500000000284e+01
6.249687500000000284e+01
6.249687500000000284e+01
6.249687500000000284e+01
6.249687500000000284e+01
6.249687500000000284e+01
6.249687500000000284e+01
6.249687500000000284e+01
6.249687500000000284e+01
6.249687500000000284e+01
6.249687500000000284e+01
6.249687500000000284e+01
6.249687500000000284e+01
6.249687500000000284e+01
6.249687500000000284e+01
6.249687500000000284e+01
6.249687500000000284e+01
6.249687500000000284e+01
6.249687500000000284e+01
6.249687500000000284e+01
6.249687500000000284e+01
6.249687500000000284e+01
6.249687500000000284e+01
6.249687500000000284e+01
6.249687500000000284e+01
6.249687500000000284e+01
6.249687500000000284e+01
6.249687500000000284e+01
6.249687500000000284e+01
6.249687500000000284e+01
6.249687500000000284e+01
6.249687500000000284e+01
6.249687500000000284e+01
6.249687500000000284e+01
6.249687500000000284e+01
6.249687500000000284e+01
6.249687500000000284e+01
6.249687500000000284e+01
6.249687500000000284e+01
6.249687500000000284e+01
6.249687500000000284e+01
